253 251 251 5 2.35619 255 254 255 13 -2.67795 245 245 255 5 3.14159 242 243 255 92 -2.84389 213 212 244 96 2.97474 227 226 255 171 -3.08901 218 214 255 145 3.02488 235 232 255 160 3.12284 242 239 255 20 2.89661 247 248 255 1 -2.35619 248 248 255 7 -2.1588 240 241 255 71 -3.07129 235 230 255 166 -3.08142 221 218 255 144 -3.05845 206 208 249 39 2.80371 217 224 255 144 3.00263 235 249 255 72 3.1277 238 254 255 6 -2.67795 237 255 245 4 1.10715 243 255 244 0 0 
245 242 255 8 -0.519146 239 237 255 3 2.81984 237 235 255 136 -2.48634 152 150 186 67 -2.61138 115 114 156 72 -2.1588 55 53 99 47 0.368696 72 69 119 46 0.0434509 74 71 120 143 1.58478 218 217 255 181 3.00904 244 243 255 83 -3.09344 242 240 255 125 -2.52042 167 165 201 122 -2.1882 65 59 112 13 2.09887 76 70 129 134 0.785398 167 168 219 94 -1.74117 72 77 122 92 1.72345 165 171 208 109 2.47974 232 242 255 54 3.04926 241 253 255 1 1.5708 243 255 253 0 0 
247 241 255 18 -2.27942 231 225 255 145 -2.34649 124 117 178 42 -0.90349 89 82 149 35 -0.463648 69 69 129 26 1.17601 93 94 152 23 2.17085 112 114 168 60 -2.28654 68 69 120 35 -1.34609 35 33 85 143 0.998207 158 153 208 128 -2.96104 135 129 188 49 -2.1251 93 83 153 36 -1.5708 55 43 125 119 1.26492 165 157 240 108 -2.99316 148 144 220 129 -2.36166 57 54 126 51 0.376909 79 73 144 99 1.5809 182 175 236 152 2.74529 244 240 255 97 -3.11067 241 242 255 0 0 
228 225 255 106 -1.78845 122 118 183 31 0.851966 144 136 219 27 -1.82447 114 108 195 38 -1.54449 74 74 152 30 0.033321 75 77 147 32 -0.244979 67 72 135 19 3.03672 71 73 137 55 2.4584 109 105 176 96 -2.1041 26 20 97 111 0.760087 105 94 180 34 -2.66513 87 76 169 43 3.14159 86 73 175 47 -2.47682 53 45 146 10 -0.0996687 50 48 138 49 1.44895 101 98 184 60 -2.61831 76 66 156 41 -1.64384 39 28 108 103 1.67719 144 138 195 113 2.21254 236 233 255 0 0 
196 203 255 65 -1.99365 134 139 208 33 -0.120624 128 127 219 40 -0.485622 109 105 206 12 -2.29744 99 100 191 36 0.0831412 102 106 189 91 -2.44126 44 48 127 24 -1.99742 24 25 106 29 1.67388 55 50 142 47 1.59207 102 94 194 45 -2.26272 69 58 162 28 -1.49949 39 29 136 20 2.85014 41 34 145 34 2.60117 58 54 160 20 -2.89661 51 52 150 12 -0.844154 42 44 138 50 0.384169 66 63 155 50 -1.34997 21 17 99 53 1.02401 70 70 130 163 1.94105 224 226 255 0 0 
162 174 240 19 3.14159 160 170 248 41 -3.11721 159 161 255 63 -1.71269 96 95 205 37 1.19029 129 133 235 128 -2.20649 28 31 129 25 0.0399787 31 33 127 18 -2.1588 16 17 115 56 0.583077 49 45 151 32 2.51051 69 61 175 5 -0.785398 65 57 171 52 -1.26109 14 6 123 45 -0.0886559 8 2 121 42 0.71883 32 30 149 29 0.88035 54 55 169 36 2.1588 84 87 195 38 -0.463648 72 72 172 39 -2.194 43 44 130 55 -0.836635 6 11 74 206 1.41042 212 218 255 0 0 
138 150 232 50 -2.68687 114 125 215 32 1.22982 145 150 255 65 -2.4859 105 108 223 65 -2.13753 52 55 164 33 -3.08106 50 53 161 53 -2.44926 17 19 127 44 1.91382 59 60 170 61 -2.39066 19 16 131 50 1.79163 68 65 181 13 2.5128 76 73 188 35 -2.51485 53 51 170 22 -2.29378 35 31 160 16 1.13417 48 44 179 17 -1.10715 30 27 166 85 1.41725 116 114 244 76 -1.80941 44 47 155 38 2.33801 75 81 170 68 -2.42823 34 42 112 125 1.21388 153 163 223 0 0 
89 104 190 43 2.24194 123 136 228 37 -2.1294 91 100 204 31 -2.33398 70 74 186 54 -1.34814 17 22 131 14 -0.785398 7 12 121 8 -1.81578 1 2 116 15 0.927295 13 13 129 8 -1.5708 5 5 121 83 0.62441 54 55 169 13 -2.30361 44 46 158 48 -2.99678 35 38 153 60 0.0831412 40 38 168 69 0.231091 54 51 191 31 -2.77905 43 37 184 55 1.27761 96 95 229 88 -1.93878 17 20 129 30 0.0996687 23 30 117 83 0.657889 78 87 155 97 2.29829 152 163 221 0 0 
64 80 156 57 0.785398 105 120 199 39 -2.10252 71 82 172 44 0.250443 84 91 188 57 -1.2877 29 35 134 23 -1.26274 7 12 115 21 0.141897 8 12 124 40 0.0748599 11 15 128 67 1.10715 71 75 187 68 -2.72337 43 49 156 51 -1.90474 0 0 105 121 0.985082 93 99 212 74 2.96536 106 107 235 81 -1.657 25 23 159 41 0.956133 59 57 193 28 2.96488 66 66 190 32 -0.69866 52 52 152 66 0.625485 94 98 176 86 -1.17956 18 24 83 180 1.58191 200 207 255 0 0 
108 124 191 74 -0.270947 88 102 174 41 2.35619 117 128 208 29 -2.57228 101 109 198 76 -2.14055 37 43 138 44 -0.179853 28 33 136 25 2.1045 48 51 166 9 -2.27942 41 43 161 35 -1.94607 6 11 126 30 0.643501 22 29 144 43 0.931882 57 64 179 57 -2.39321 18 23 146 79 1.53284 99 97 233 68 -2.32528 49 46 185 52 -2.78955 33 32 160 58 1.41685 94 94 208 21 0.380506 108 107 203 29 2.47755 131 131 207 125 -1.98092 18 23 78 211 1.27752 222 228 255 0 0 
186 197 255 124 -1.32776 65 74 141 48 2.39965 98 103 182 71 -2.67795 64 67 158 21 1.33705 85 84 187 66 -1.7976 16 17 129 52 0.582739 44 42 166 19 -2.31917 26 26 156 33 3.02097 28 30 162 20 1.32582 46 49 183 39 -2.13753 13 14 154 23 0.255182 19 18 164 45 0.691921 50 45 198 52 -1.66666 2 0 140 54 0.82434 44 44 162 69 1.64313 116 118 220 48 -2.32679 86 84 180 46 -2.94838 81 80 160 54 -3.06765 79 83 141 151 1.16938 220 226 255 0 0 
221 229 255 187 -1.54941 32 40 100 161 0.0310459 37 40 115 77 0.498316 74 72 161 44 3.11887 72 71 169 28 -2.9305 62 61 171 36 -2.25847 31 30 150 38 -2.08039 0 0 122 47 1.06978 31 34 168 23 -2.88641 24 27 166 34 2.81984 35 35 183 34 2.5861 53 51 205 28 -2.74135 45 38 195 21 -0.484478 39 33 176 20 -0.0996687 40 41 153 46 1.09744 85 87 182 50 -1.85459 40 39 131 26 -0.704494 25 26 106 157 0.76298 138 143 198 104 0.961633 226 233 255 0 0 
230 236 255 30 -1.34156 199 203 254 93 -1.22203 111 110 178 75 -1.46453 34 31 111 17 1.39612 47 46 132 26 -3.10315 41 43 138 26 -1.14103 12 16 121 11 0.785398 16 21 136 8 -0.519146 7 15 139 20 -0.927295 0 0 129 52 0.291457 4 8 150 29 0.809784 27 27 175 54 0.669043 64 60 209 27 -2.80835 59 55 191 8 -3.01724 61 63 171 12 0.499347 71 74 165 48 -2.84615 60 61 149 77 1.7254 139 142 216 62 1.07145 198 205 254 22 0.785398 214 226 255 0 0 
241 248 255 6 -2.24554 236 239 255 112 -1.69515 122 120 179 114 -0.773053 39 36 108 20 -2.49809 23 22 102 46 0.892677 54 55 145 30 -1.09244 20 25 128 41 0.169101 21 28 143 23 0.0434509 17 27 151 26 1.00407 35 47 179 15 -1.24905 22 30 167 49 1.08913 68 74 211 66 -2.58299 38 38 174 9 1.15257 51 50 176 20 1.0637 74 74 180 61 -0.982794 27 28 118 41 2.63449 50 51 131 125 1.24653 173 176 237 41 1.71611 216 224 255 19 1.51821 236 247 255 0 0 
240 249 255 15 -1.43824 224 231 251 24 -0.699893 206 206 254 178 -1.55394 24 22 88 162 0.204642 52 52 130 33 2.46218 68 68 162 19 3.14159 61 63 175 11 -1.39094 44 48 173 19 -2.72337 29 36 175 24 0.554308 39 49 190 12 2.89661 43 55 187 45 -2.26272 10 22 148 25 1.76819 40 48 169 30 2.61831 61 65 178 42 1.38257 108 110 212 150 -2.21032 0 0 81 148 0.704237 96 95 163 101 0.799286 172 174 222 51 1.19389 224 228 255 5 2.11122 230 237 254 0 0 
244 254 254 2 1.5708 244 252 255 32 -1.66427 211 212 250 29 -0.832981 185 184 240 152 -1.45942 28 27 99 142 0.197396 50 51 139 21 1.38257 64 66 174 43 -2.35619 26 31 154 31 1.34871 52 57 196 29 -2.38058 30 37 178 14 -1.8491 16 27 155 35 -0.312901 7 20 136 4 1.32582 18 26 133 51 1.23685 72 77 176 72 -2.25847 22 23 114 109 0.843398 109 109 185 66 0.945311 172 170 222 22 1.24905 196 198 229 32 0.939717 226 228 246 27 0.912908 250 252 255 0 0 
246 253 255 2 -0.463648 243 249 255 9 -1.89255 232 235 255 25 -1.45137 202 205 249 31 -1.17846 170 171 232 110 -1.37875 56 58 136 135 -0.103334 35 40 131 46 0.151015 37 42 151 14 0.211093 36 38 168 3 -1.89255 31 34 169 24 1.44644 55 62 185 57 -2.26999 15 22 131 51 0.402321 39 46 143 17 -2.23677 30 35 120 132 0.493941 98 101 176 72 0.726642 153 154 212 27 0.912908 184 184 214 39 0.982794 221 222 236 26 1.10715 246 247 255 4 0.463648 248 250 255 0 0 
250 255 255 6 -1.5708 242 248 253 4 -0.785398 237 241 255 18 -1.05841 216 221 252 30 -0.715744 192 196 245 8 0.785398 193 198 255 104 -1.7249 83 92 166 117 -0.214061 53 62 152 67 -0.179853 39 41 159 22 0.0454233 38 40 164 24 -2.41495 22 29 140 48 2.18152 66 73 170 44 -1.00748 31 39 122 164 0.768158 150 157 226 10 3.14159 154 160 219 17 0.665969 172 176 217 39 0.749699 208 210 228 33 0.764125 236 236 242 20 0.927295 252 252 255 1 -0.785398 251 251 255 0 0 
251 255 245 6 -2.67795 247 255 246 4 2.35619 248 255 255 2 -1.5708 242 249 255 37 -1.78373 200 207 240 42 -0.389317 179 187 234 41 0.734594 200 213 255 78 -1.90867 120 134 206 70 -0.915964 63 69 168 110 -0.361959 22 28 133 70 -0.380506 0 7 99 182 0.527287 91 102 182 86 0.703614 153 162 229 14 -1.6421 142 153 205 53 0.463648 170 179 222 40 0.697903 203 208 239 34 0.683709 234 235 249 15 0.785398 248 248 254 6 0.896055 253 253 255 2 -2.35619 251 251 255 0 0 
247 255 235 0 0 245 255 239 0 0 250 255 252 0 0 234 243 252 0 0 241 248 255 0 0 210 222 255 0 0 175 189 237 0 0 165 180 243 0 0 166 176 255 0 0 87 97 191 0 0 156 167 251 0 0 157 172 241 0 0 153 164 222 0 0 192 203 247 0 0 203 212 249 0 0 230 237 255 0 0 245 247 255 0 0 252 252 255 0 0 251 251 255 0 0 249 249 255 0 0 
