245 235 248 15 0.876058 254 247 255 18 -2.58299 238 235 255 4 3.14159 231 234 255 149 3.10135 232 238 255 109 -3.09575 224 234 255 116 3.03851 237 250 255 33 -2.90376 233 245 255 7 2.35619 243 252 255 8 -2.08994 241 244 248 9 1.0122 253 249 255 7 -1.97569 246 241 255 7 1.4289 249 247 255 7 -2.86329 244 245 255 27 -3.06765 237 241 255 43 3.00295 241 248 255 30 -2.91236 234 242 255 17 2.72918 241 253 255 10 -2.9442 242 255 250 5 -2.60117 239 255 242 0 0 
250 244 255 14 -1.49949 232 227 254 5 0.380506 227 225 255 228 -2.45525 77 76 132 62 2.31077 118 120 185 86 -3.00295 102 109 172 121 2.24554 199 209 255 163 3.01876 223 233 255 124 3.09324 234 244 255 36 3.08609 241 247 255 4 3.14159 245 244 255 7 -2.7367 242 238 255 7 -2.9997 237 234 255 83 -2.87639 210 210 255 148 -3.01975 188 191 242 157 3.02039 206 210 255 140 3.09163 214 220 255 174 3.06702 229 237 255 38 3.06281 234 247 255 2 0.463648 237 251 249 0 0 
239 243 255 17 -2.52134 225 228 255 218 -2.17403 40 35 120 10 -1.86225 24 17 128 15 0.132552 21 15 140 57 -0.0350733 16 14 137 37 0.244979 26 29 133 61 1.22341 88 95 174 107 2.07609 187 198 248 147 2.90973 227 237 255 11 -2.87534 225 233 255 43 -3.07194 222 225 255 133 -2.54317 144 141 221 122 -2.33886 52 48 144 27 -1.31712 22 20 120 68 0.53542 57 56 154 52 -0.54042 35 32 118 161 1.18222 188 187 253 143 2.83746 232 240 255 40 3.06673 237 248 255 0 0 
214 222 255 120 -1.69515 90 96 169 93 -2.45511 26 23 138 17 0.489957 29 23 164 60 0.820678 67 63 219 60 -2.75188 43 41 195 6 -1.10715 38 40 178 30 -2.61831 27 34 145 32 0.0624188 34 45 125 167 1.63061 205 217 255 146 -2.89993 173 180 249 149 -2.654 102 105 190 85 -2.51452 50 44 161 6 0.674741 49 44 175 25 1.53082 70 69 202 62 2.79964 93 92 218 16 -2.39965 89 84 199 80 -2.48817 45 42 134 142 1.74751 189 194 249 91 2.78537 223 232 255 0 0 
190 195 255 189 -1.93266 10 14 119 55 0.528074 32 34 164 36 1.936 61 62 212 67 -2.22922 4 5 169 37 1.24905 39 41 205 41 -2.13196 5 12 159 58 0.83414 50 61 189 55 -2.34354 15 26 137 41 1.00963 54 62 169 57 -2.69345 33 33 151 45 -0.154319 24 21 154 25 1.287 46 40 187 6 0 41 40 190 41 -2.15218 2 8 151 96 0.785398 72 78 215 76 -2.16971 20 15 146 37 -0.270947 15 12 121 106 0.838681 97 105 172 140 2.09171 221 234 255 0 0 
118 122 235 62 -1.5708 54 57 179 55 -2.49809 16 20 155 32 0.185348 18 22 170 41 0 15 18 180 51 0.0391956 15 20 182 30 2.12245 41 51 199 37 -1.9513 9 19 157 39 0.566729 34 41 174 43 -2.02414 0 1 136 101 0.792391 72 67 218 66 -2.39872 27 19 179 24 1.19781 47 42 203 63 -0.470641 14 15 173 57 1.37684 65 75 223 62 -2.38989 25 33 176 45 0.35622 50 48 191 26 1.26109 82 80 199 63 -1.37961 24 33 106 171 1.38938 195 210 255 0 0 
120 120 238 109 -1.30375 12 13 135 57 0.847048 49 55 182 57 2.87534 61 67 202 28 2.78689 67 74 221 91 -2.35619 1 8 157 31 1.07899 29 39 181 20 0.614663 42 51 192 55 -2.54859 15 18 163 67 0.858949 69 65 220 83 -2.52693 23 13 180 30 0.43467 34 26 193 72 1.779 104 100 255 124 -2.49326 25 29 178 50 -0.0199973 21 29 176 54 0.992894 68 76 220 54 -2.78497 56 54 203 35 2.17455 91 90 216 75 -2.53521 53 63 140 143 1.74628 196 213 255 0 0 
152 152 255 98 -1.42746 52 54 166 57 -2.08128 0 0 124 84 0.532323 37 40 174 29 -1.88179 6 10 152 26 0.598419 19 24 169 32 1.16189 49 55 198 73 -2.37542 0 2 150 87 0.737049 59 58 214 81 -2.2954 0 0 159 65 0.828849 49 40 211 50 -2.49809 19 11 178 43 -0.307046 5 3 157 92 0.922985 75 79 228 75 -2.8578 52 58 207 37 -1.9513 17 22 174 60 0.200653 36 32 188 63 -0.206683 29 26 159 9 -0.708626 26 37 117 176 1.38231 201 219 255 0 0 
171 175 253 147 -1.23829 29 32 123 61 0.982794 76 72 197 62 -2.46935 34 28 169 11 2.87534 31 30 176 32 0.185348 36 36 184 45 -2.2143 0 0 149 101 0.722544 65 64 220 78 -2.26553 7 1 166 47 0.889498 44 37 204 36 -1.78947 9 2 166 57 1.0839 60 56 212 53 3.10387 61 59 212 76 -2.35619 5 6 158 44 0.976583 40 42 197 38 1.51821 80 78 238 31 2.64978 98 91 255 121 -2.54903 36 31 170 33 0.637549 61 68 153 149 1.2787 206 221 255 0 0 
223 232 255 153 -1.5904 68 72 143 101 -0.321751 31 25 142 2 -0.463648 25 17 158 53 1.02401 65 61 210 81 -2.4343 9 7 160 86 0.892426 74 74 228 96 -2.48146 13 14 172 43 0.473851 35 31 197 25 -0.0399787 34 30 196 38 -3.11528 35 31 190 36 -0.921801 6 4 158 62 0.0161276 7 5 158 30 0.946773 30 31 183 32 0.44976 44 43 199 16 2.62245 54 50 209 59 -1.82387 1 0 148 109 0.577902 66 61 190 50 2.35619 108 114 189 134 1.03038 224 238 255 0 0 
224 238 255 54 -1.5708 168 175 225 137 -1.15257 36 32 135 38 0.711459 54 47 182 53 -2.16922 5 0 149 103 0.655106 63 60 216 80 -2.24165 0 0 152 60 1.18109 50 55 208 43 3.00295 55 59 218 71 -2.03444 0 0 156 92 0.693351 53 53 213 50 2.92076 64 66 221 62 -2.38989 23 24 176 45 0.909753 59 60 210 56 -2.6072 30 31 181 58 0.120109 42 39 184 58 2.14932 98 92 223 77 -2.08039 36 34 134 156 1.12143 182 189 244 61 0.842806 230 244 255 0 0 
229 243 249 7 0.2783 227 237 255 153 -1.57733 69 67 149 138 -0.248487 28 21 142 73 1.16768 89 81 228 107 -2.44208 14 10 166 22 0.463648 19 23 172 47 -0.214061 6 13 162 17 1.68791 21 30 181 39 1.5708 60 68 222 93 -2.43181 1 6 163 79 0.177596 16 20 175 31 1.66727 51 53 201 45 -2.02464 12 13 157 111 0.779029 91 92 232 126 -2.42869 14 13 139 76 0.598911 66 63 166 38 1.77829 111 111 181 161 0.785398 228 237 255 2 1.5708 230 246 255 0 0 
241 254 246 10 -2.49809 233 241 254 18 -1.24905 208 210 255 140 -1.42085 62 58 153 110 -0.398961 10 3 137 50 0.715092 36 31 182 36 1.40565 67 70 215 90 -2.44967 4 14 156 53 0.363147 21 34 174 32 -1.81578 0 0 144 114 0.878298 79 84 239 90 -2.30935 13 18 171 16 1.05165 31 35 178 67 1.04058 92 95 229 128 -2.28449 0 1 126 117 0.70126 80 83 187 64 -2.69183 65 65 135 218 0.820982 232 235 255 3 0 234 245 253 2 -0.463648 233 249 242 0 0 
240 244 238 8 1.5708 245 249 254 9 -2.81984 236 237 255 58 -1.58804 170 169 237 115 -1.18868 54 48 159 62 0.0161276 46 42 177 45 -2.05424 0 2 141 99 0.671606 55 64 205 64 -2.48875 15 25 166 57 1.02142 62 73 217 82 -2.55359 18 23 178 12 0.165149 23 25 180 40 1.5458 68 68 212 75 -2.22488 12 12 142 104 0.832981 93 96 205 100 -2.34211 28 32 115 235 0.863552 219 220 255 18 0.86217 240 243 255 7 -2.9997 241 249 248 7 -0.2783 239 252 238 0 0 
249 239 245 5 -0.197396 245 237 248 5 2.11122 242 239 255 14 -1.5708 220 218 255 89 -1.41303 121 120 200 120 -0.750119 30 30 138 97 0.647591 80 82 214 92 -2.3333 8 11 156 61 0.750929 46 52 201 53 -1.91635 0 1 154 72 0.500441 33 32 195 9 -1.89255 28 23 184 7 -1.4289 26 18 172 63 1.09297 87 81 212 87 -2.34007 28 30 124 199 0.859993 186 190 255 55 0.747442 236 233 255 5 -1.19029 237 235 255 18 0.785398 251 255 255 10 -2.9442 251 255 246 0 0 
255 243 251 12 -2.29744 243 234 244 9 1.0122 246 241 255 0 0 239 237 255 16 -2.14213 216 216 255 92 -1.48406 115 115 199 132 -0.678283 23 22 138 70 0.643501 58 58 196 47 -2.68729 34 33 183 32 1.44644 64 63 219 43 -2.32395 35 31 186 6 -2.24554 34 28 177 29 0.785398 60 52 189 38 -2.0577 32 26 137 182 0.777646 167 166 238 84 0.818719 234 237 255 2 -0.463648 242 239 255 6 1.24905 253 250 255 10 -1.9513 243 245 246 8 0.785398 251 253 247 0 0 
244 238 239 4 1.32582 247 242 244 13 2.91479 248 244 250 18 -2.6292 235 232 248 11 0.266252 231 229 255 8 0.358771 227 225 255 130 -1.5708 90 86 175 92 -0.662937 24 21 136 60 0.441592 45 39 182 11 -2.96174 41 34 185 23 -2.88641 35 33 169 20 1.27934 60 58 177 27 -2.43297 49 48 142 166 0.751513 171 169 239 80 0.767856 234 233 255 7 0.982794 245 245 255 1 -0.785398 247 247 255 0 0 249 249 255 0 0 249 251 252 0 0 249 251 251 0 0 
244 241 237 10 -1.86225 234 231 227 19 0 234 231 227 26 0.758378 248 247 251 10 3.14159 244 242 255 14 -2.79857 234 232 255 57 -1.4486 168 169 227 97 -0.880005 86 85 171 59 -0.737815 39 34 155 46 -0.308053 22 17 148 27 0.992894 46 47 159 18 -2.75099 43 47 136 162 0.876845 177 180 241 68 0.816316 234 236 255 2 2.03444 243 244 255 5 0.54042 251 250 255 5 -2.76109 249 250 254 1 3.14159 249 251 252 1 3.14159 249 251 252 1 3.14159 249 251 252 0 0 
242 239 231 13 1.96559 254 252 242 27 3.14159 254 253 239 18 -2.50884 240 242 230 6 -0.674741 232 235 233 22 0.785398 243 248 255 9 -2.92292 234 241 255 93 -1.54929 134 141 191 95 -0.430949 88 89 175 97 -0.454515 42 44 138 95 -0.0944549 33 40 119 201 0.601776 150 160 220 94 0.800322 226 235 255 5 0.380506 235 242 255 8 1.10715 250 255 255 8 -2.19105 246 249 247 5 0.380506 248 250 250 0 0 248 250 251 0 0 248 250 251 0 0 248 250 251 0 0 
237 235 225 0 0 227 226 212 0 0 239 239 221 0 0 247 249 229 0 0 250 254 242 0 0 236 243 238 0 0 238 248 255 0 0 223 234 255 0 0 178 184 251 0 0 139 145 222 0 0 201 212 255 0 0 218 231 255 0 0 232 243 255 0 0 240 249 255 0 0 246 251 249 0 0 253 255 247 0 0 248 250 250 0 0 248 250 251 0 0 248 250 251 0 0 248 250 251 0 0 
