157 143 131 45 3.14159 155 143 131 123 -2.03083 42 31 23 35 -0.197396 32 25 16 103 -0.00970843 29 23 18 119 0.0587558 33 30 25 125 -0.136247 16 12 11 171 0.0874953 29 27 26 86 -0.0927563 21 19 19 47 0.189199 30 28 28 22 -2.63875 17 16 18 68 0.191648 30 29 31 106 0.26543 56 58 59 87 -0.0688565 48 52 53 114 -0.202541 25 29 30 106 -0.169778 9 11 11 125 0.374598 61 57 56 52 -2.92916 55 46 43 39 -2.1588 24 13 9 13 -1.344 12 0 0 0 0 
110 98 88 13 -2.30361 98 88 78 21 -1.47584 76 67 58 126 0.502497 133 127 120 25 0.62025 145 142 137 25 2.64225 155 154 150 30 1.67046 183 184 182 76 -1.97569 113 113 113 56 -0.98772 66 65 67 90 -0.699 6 8 9 110 0.759763 82 84 85 99 0.512935 129 133 134 12 1.89255 141 144 148 26 2.32917 159 164 165 70 -2.70326 127 135 135 12 -0.499347 124 128 129 126 -1.30663 8 6 5 145 0.124355 29 24 21 15 -2.58994 25 16 13 13 -1.7976 14 2 0 0 0 
96 89 80 28 3.10589 95 89 82 113 0.885067 181 178 170 65 -2.68475 149 149 143 45 -2.48055 117 120 118 31 1.37961 146 151 150 4 2.35619 149 153 154 16 -0.571337 139 144 145 11 -0.909753 130 135 138 50 -1.93654 83 88 91 100 0.977254 166 171 174 68 -2.48055 122 129 132 15 -3.00904 120 126 131 28 -1.89255 91 100 103 48 1.20959 134 146 148 40 2.73344 154 162 162 58 -2.95095 148 150 151 141 -1.74177 13 11 11 122 0.016392 18 12 13 5 -2.2143 14 9 8 0 0 
64 60 55 124 0.951484 164 161 156 43 -1.77712 117 118 114 8 -0.785398 107 112 110 24 0.610726 120 126 125 36 2.4926 138 148 148 33 2.50404 158 167 171 21 -2.28963 140 151 155 35 -1.8837 106 116 123 33 0.957589 133 143 150 27 -1.46014 106 116 123 15 -2.9442 102 114 120 4 1.81578 106 118 124 28 -0.0356991 103 118 121 14 -0.68573 94 109 112 7 -0.588003 92 105 107 29 0.858439 119 126 129 10 0.71883 129 133 134 123 -1.44944 10 9 11 34 0.0880074 15 12 14 0 0 
131 132 130 25 0.896055 149 152 150 29 -1.2925 118 124 123 8 2.03444 122 132 132 35 -1.71269 85 97 99 30 0.927295 106 121 124 39 1.00407 137 153 160 39 -2.80371 124 140 147 22 -0.179853 120 135 144 12 1.07145 131 146 155 54 -2.1588 86 102 109 61 0.178411 97 113 120 33 1.36177 130 146 153 65 -2.86329 110 128 135 15 -1.1659 96 114 121 15 2.49809 107 123 129 38 2.85262 123 133 140 14 1.4289 141 147 152 109 -1.89543 40 43 48 66 -0.679414 0 1 5 0 0 
143 147 148 14 0.982794 154 159 160 60 -2.42585 110 119 122 7 1.8491 114 127 129 32 -0.380506 98 114 120 52 0.54042 123 141 148 40 -2.47839 97 116 124 53 1.02401 141 161 172 23 -2.14717 121 140 153 39 -2.44685 96 116 127 57 0.934288 144 162 173 46 -1.96724 101 119 130 41 -1.11802 64 82 93 70 0.815692 113 134 142 37 -2.1294 81 102 110 21 -0.851966 67 86 93 59 1.00148 122 136 142 26 -1.05634 102 112 119 19 -1.0839 89 95 100 94 -1.64513 0 1 6 0 0 
150 155 158 58 -2.33181 106 113 116 64 0.0624188 106 117 121 48 0.93141 142 156 162 5 2.60117 141 158 167 62 -2.20787 88 108 119 66 0.558599 121 143 155 15 2.81984 126 148 160 37 -1.41003 89 110 125 62 0.672247 128 149 164 9 -0.708626 124 143 158 7 -1.1659 117 136 149 13 -2.61352 110 129 142 18 -1.2315 91 113 124 40 0.0499584 93 115 126 28 0.0713075 97 118 126 38 2.18799 135 148 156 38 -2.35619 111 121 128 45 -0.816638 82 88 93 76 -1.64958 6 12 17 0 0 
111 114 119 63 1.76198 172 176 181 31 -1.73071 137 145 152 16 0.302885 137 150 158 30 -1.26988 104 121 130 58 0.83414 144 164 175 41 -2.09887 106 127 142 54 0.496423 130 153 168 19 2.83571 136 159 175 36 -3.05845 133 156 172 10 -1.67046 125 146 161 34 -2.43934 103 124 139 26 0.429762 114 136 148 24 2.38476 131 153 165 19 -2.60987 121 143 154 48 -1.52915 75 96 104 45 0.612538 108 122 128 33 1.17372 144 153 157 70 -1.72666 76 82 87 113 -2.38724 0 5 8 0 0 
103 102 106 73 1.93115 170 170 176 12 -2.24554 155 161 168 5 -0.380506 149 158 167 5 0.197396 145 160 169 60 -2.85647 125 143 154 36 1.99742 154 175 190 57 -2.34385 113 134 149 11 -1.48014 102 122 139 60 0.56036 134 154 171 66 -2.58299 101 119 136 30 1.19646 129 148 163 31 -1.69912 98 117 130 34 0.54042 116 135 148 15 2.53605 125 145 156 28 -2.66207 115 132 141 5 0.380506 124 134 141 22 0.321751 137 142 145 144 -1.76548 0 0 3 20 1.5708 18 20 21 0 0 
82 75 78 87 1.63965 166 162 167 108 3.11382 165 165 171 3 -0.588003 158 164 171 62 -1.41088 91 101 111 70 0.380506 111 127 139 17 0.489957 118 135 148 0 0 116 135 150 46 2.1588 155 174 189 84 -2.03976 80 98 115 51 0.674741 114 130 147 25 0.533708 127 143 159 18 2.97644 131 147 160 25 -1.80634 106 122 134 37 -0.0809041 102 120 131 39 0.441179 122 138 145 22 2.19628 149 155 160 45 -1.97569 112 114 115 161 -2.35619 0 0 1 34 0.764993 26 24 24 0 0 
82 70 70 15 -1.70335 63 55 56 114 1.50074 174 169 171 93 3.08788 173 174 178 17 -2.72918 159 167 174 40 -2.5128 132 143 151 30 -2.91236 121 135 147 31 -0.965252 93 109 122 49 0.571337 119 135 151 18 0.165149 122 138 154 14 1.91382 137 152 168 28 -1.89255 110 126 139 15 1.3734 127 140 154 18 1.35213 145 159 171 12 -2.81984 141 155 167 32 -1.50838 113 124 132 29 0.463648 134 138 139 166 -2.16877 2 0 0 32 0.896055 29 25 24 13 -0.226799 27 22 21 0 0 
85 68 65 5 -1.19029 76 63 61 13 1.344 86 76 76 88 1.94286 161 158 160 60 -2.7367 131 134 138 22 -1.20682 105 113 120 78 0.549153 143 153 163 23 -3.05485 137 151 163 3 1.24905 140 153 167 24 -2.18152 120 133 147 18 0.588003 132 143 157 15 -1.89255 117 129 141 23 0.755104 135 144 157 8 0.244979 137 147 157 32 0.312042 147 157 167 14 -0.588003 142 150 157 152 -2.36085 42 44 44 36 -2.41495 24 21 17 28 0.68573 43 38 35 12 -2.41495 37 30 27 0 0 
92 70 64 4 -1.32582 85 66 61 22 -1.79427 57 45 41 61 1.25423 110 103 100 64 2.46685 143 142 144 98 2.74602 176 181 184 66 -2.31367 121 131 138 38 0.617191 142 153 161 16 -2.31274 130 140 150 18 0.512389 137 149 161 12 -2.24554 129 138 151 14 0.493941 136 146 156 7 1.71269 144 153 163 30 0.97362 169 178 187 30 -2.84067 160 170 177 195 -2.42853 36 43 46 34 -2.27305 15 17 17 30 0.946773 46 43 39 17 -2.31622 34 29 26 21 -2.71874 27 21 16 0 0 
97 72 62 11 -1.03038 83 62 54 8 0.244979 80 64 57 12 -1.07145 64 54 47 4 -0.244979 56 52 51 84 1.48766 132 136 137 105 2.88282 156 162 167 72 -2.86329 132 142 149 15 1.63736 147 156 165 24 -2.4733 131 142 150 13 0.942 143 152 162 8 -0.950547 136 145 154 25 1.45137 163 170 179 60 -2.7886 142 150 157 186 -2.38649 14 23 27 6 -0.321751 16 21 24 21 0.71883 33 36 34 5 -1.5708 32 31 27 54 -0.397628 14 10 5 93 0.348771 48 42 37 0 0 
105 79 65 8 -1.81578 95 71 59 0 0 89 71 60 14 -2.0032 69 58 50 8 0.244979 64 59 56 25 -1.3734 34 34 34 66 1.10039 88 93 96 68 2.34589 133 142 146 70 -3.09876 128 138 145 12 1.24905 140 150 157 12 2.41495 150 157 166 9 -1.68145 141 149 156 90 -2.74253 108 114 121 145 -2.38531 8 14 19 35 0.401229 22 28 33 67 0.11884 32 37 38 99 -0.0201993 33 36 34 45 1.72512 82 81 77 89 0.190831 102 98 93 78 -1.39094 25 21 16 0 0 
103 77 63 6 -1.73594 95 72 57 7 -2.1588 83 65 54 1 1.5708 79 67 57 2 -0.463648 75 65 58 2 0 69 64 61 19 -1.62338 47 45 45 30 1.0637 70 72 73 72 1.79245 139 142 146 102 -3.13179 138 141 145 42 2.75228 154 157 161 148 -2.48055 62 66 71 68 -2.13864 4 8 13 54 0.798384 41 47 52 48 1.42598 89 95 100 60 2.41495 129 136 139 132 -0.951423 24 29 28 208 0.734594 168 169 165 65 -1.046 113 112 108 88 -1.50272 25 24 20 0 0 
96 77 64 9 -1.68145 87 67 56 2 -1.5708 83 65 54 3 1.24905 83 68 59 1 -1.5708 82 66 60 3 -1.89255 77 62 59 3 -1.89255 72 60 56 4 -1.5708 68 55 53 15 -1.43824 52 40 38 66 1.21557 112 103 100 79 -2.24946 46 41 40 11 -1.66146 32 30 30 35 0.501604 45 46 50 10 2.28963 50 54 59 18 -2.92292 42 50 57 164 1.39965 204 213 217 89 -2.79857 178 183 184 21 1.02225 197 202 200 175 -2.64225 113 118 116 106 -2.01764 17 22 20 0 0 
93 75 64 8 -1.69515 85 67 56 1 -1.5708 83 66 57 2 1.10715 85 68 59 2 -1.5708 83 64 59 3 -1.89255 80 61 56 2 -2.03444 79 59 54 2 -1.10715 76 57 52 6 1.24905 82 63 58 11 -1.75065 67 53 47 13 -1.2723 51 39 37 27 0.86217 66 61 60 28 -2.30624 40 39 41 144 -0.0208303 32 36 41 89 0.488642 68 78 85 111 0.463648 118 128 135 76 2.12245 187 194 197 227 -2.43727 43 47 48 27 2.06722 67 71 72 65 -2.2143 15 19 20 0 0 
92 74 63 7 -1.71269 85 67 56 1 0 84 67 58 1 0.785398 85 68 59 3 -1.5708 82 63 58 3 -1.89255 79 60 55 1 3.14159 80 60 55 1 -0.785398 78 59 54 3 0.588003 80 61 56 5 -1.03038 71 57 51 1 2.35619 69 57 55 16 -1.50838 47 42 41 142 1.49349 184 183 185 142 -2.64337 111 115 120 98 0.692144 168 178 185 109 -2.17403 78 88 95 68 -1.64419 16 20 25 66 0.197396 32 33 37 40 -0.0499584 30 31 35 53 -0.0753289 26 27 31 0 0 
91 73 62 0 0 86 68 57 0 0 85 68 59 0 0 85 68 59 0 0 81 62 57 0 0 78 59 54 0 0 81 61 56 0 0 81 62 57 0 0 83 64 59 0 0 70 56 50 0 0 70 58 56 0 0 58 53 52 0 0 59 58 60 0 0 187 191 196 0 0 106 116 123 0 0 73 83 90 0 0 82 84 92 0 0 72 72 78 0 0 85 83 89 0 0 72 70 76 0 0 
