120 21 7 16 0.185348 121 24 10 2 -2.03444 119 21 11 10 0 116 21 11 6 2.03444 122 26 20 10 -2.49809 114 20 14 14 -0.493941 107 13 8 50 -0.119429 101 7 2 80 0.0624188 108 11 7 39 0.12751 111 17 12 10 -2.9442 107 14 13 3 -2.1588 99 11 11 10 -0.197396 92 9 11 43 -0.0696546 82 7 9 74 0 78 6 12 51 0.0391956 75 10 12 4 -0.463648 69 11 6 2 -0.463648 66 11 4 15 0.463648 72 18 11 12 -1.40565 60 6 0 0 0 
136 36 24 22 -2.48055 120 22 10 12 0.844154 128 31 21 14 -2.06474 113 18 9 28 0.0356991 110 18 13 105 0.143243 124 33 28 72 0.426627 154 63 59 39 0.658806 178 87 83 37 -1.32582 143 50 47 68 -0.69288 98 7 3 108 0.0554985 102 12 11 64 0.139709 107 21 21 110 0.284518 133 53 54 42 0.71883 156 81 83 28 -0.934288 129 58 61 61 -0.819867 79 15 15 99 -0.0403821 73 12 8 74 0.147568 82 24 18 19 -2.88427 75 20 13 8 -0.244979 73 18 11 0 0 
116 18 8 20 0.614663 127 29 21 9 -2.43297 119 23 17 48 0.472907 137 45 40 94 0.950547 211 121 120 60 -2.75188 184 99 97 75 -3.07502 179 93 93 62 3.10935 181 95 95 42 2.95337 189 104 102 85 3.0129 200 115 113 75 -2.61256 160 77 75 51 1.5316 210 129 126 98 -2.69152 163 86 84 63 2.93491 173 99 99 58 3.10712 171 101 102 62 2.94735 179 113 114 82 -2.7814 149 86 82 82 -1.49776 67 4 0 96 0.229904 89 26 22 5 -0.643501 86 23 19 0 0 
133 33 28 13 -2.03444 120 22 16 45 1.30454 160 65 62 62 0.579074 189 99 98 72 -2.65326 149 66 65 51 -2.19105 104 24 25 12 0.674741 110 31 34 31 2.37841 132 54 55 39 -2.06814 97 19 20 31 1.34871 128 51 49 34 2.12629 157 80 78 69 -2.52969 117 40 37 22 -0.785398 98 24 22 17 1.85685 113 42 39 27 -3.10457 110 40 40 4 -1.81578 104 37 36 54 1.5153 158 91 88 68 3.05359 164 97 94 73 -1.97391 96 29 26 57 -0.13944 88 21 18 0 0 
129 26 23 7 0.982794 132 33 29 102 0.966491 212 116 116 105 -2.25586 123 35 35 6 3.14159 116 35 38 20 -3.04192 109 34 36 27 -2.01832 80 9 12 28 1.13839 104 35 38 9 -1.98902 95 27 28 8 0.785398 103 33 33 25 -2.73147 93 24 21 35 1.97203 128 57 54 46 -2.21861 91 20 16 5 -1.5708 84 16 11 27 1.12328 111 40 37 36 3.14159 109 40 37 29 -2.5253 92 23 20 46 1.35213 137 68 65 40 2.67795 155 86 83 66 -1.58595 89 20 17 0 0 
135 30 27 60 1.60412 191 91 87 41 -1.61954 145 49 49 21 -1.47584 117 29 29 15 -2.03444 94 15 18 6 2.03444 95 21 25 2 -0.463648 88 21 26 12 2.24554 95 31 36 20 3.09163 96 33 35 23 -1.65753 73 11 11 8 -0.124355 74 10 9 27 0.759763 94 30 26 27 -2.80835 87 20 17 8 2.08994 96 28 23 23 -1.5708 75 4 0 12 1.48766 89 16 12 29 0.616297 107 32 30 15 -3.07502 106 31 29 53 1.55193 159 84 82 48 -1.63322 111 36 34 0 0 
135 28 24 60 1.60412 193 89 84 40 -1.97895 149 52 49 30 -1.80003 112 22 22 11 -2.03444 93 12 15 21 0.524796 95 24 27 13 -2.19959 79 13 18 11 -0.179853 71 12 16 19 1.5708 89 32 33 20 -2.45928 76 20 19 11 1.30454 90 31 29 31 -2.13272 65 4 0 22 0.625485 81 17 13 23 0.482513 94 27 24 34 -2.43934 76 5 2 44 0.896055 114 39 37 27 -2.19959 98 17 14 18 0.982794 116 31 29 49 1.44895 165 80 78 52 -2.0259 118 33 31 0 0 
134 27 19 64 0.796387 177 73 66 28 -1.6065 144 45 41 31 -2.06261 107 17 16 14 1.22777 112 32 33 20 -2.25311 87 16 19 8 1.92957 88 24 29 13 -1.49402 70 13 16 16 0.185348 71 17 17 6 1.73594 77 23 23 9 -1.24905 70 14 13 8 1.5708 81 22 20 16 1.87368 101 37 36 39 -2.01198 68 1 0 36 1.05841 104 32 32 9 -1.5708 100 23 21 4 2.03444 113 26 24 26 0.429762 129 36 35 21 1.90747 149 56 55 9 -2.81984 146 53 52 0 0 
178 73 62 27 0 176 73 64 45 -1.1659 129 31 25 28 -0.288055 114 23 19 11 -0.348771 101 19 18 15 -0.404892 86 14 14 21 0.588003 91 26 28 21 3.04664 87 29 30 14 -1.49949 70 16 16 11 1.10715 78 26 26 13 -1.04272 68 14 13 8 0.358771 74 17 16 4 1.5708 82 20 20 4 -0.244979 84 19 18 16 2.08994 102 32 33 13 -2.13753 98 20 21 30 1.34156 139 49 48 26 -2.30361 126 29 26 23 0.876058 146 46 44 44 -0.135528 140 40 38 0 0 
199 101 89 19 -2.65469 187 93 80 35 -1.22203 150 59 50 28 -0.982794 121 35 29 43 -0.0232516 113 34 31 10 -2.9442 104 32 32 27 -1.64474 70 6 6 25 1.21203 88 30 31 10 -1.5708 77 20 21 15 2.2143 87 33 33 12 -1.99742 76 22 21 14 -2.79857 73 17 16 15 0.551655 84 24 24 14 -2.0032 75 11 11 18 0.938047 93 24 27 3 1.89255 102 27 29 5 1.03038 117 31 31 21 0.652847 136 45 41 83 0.597969 184 91 90 85 -2.08128 109 16 13 0 0 
170 86 74 96 0.20964 188 106 94 71 -0.419651 157 76 68 71 0.0422284 157 79 73 79 -0.749699 99 24 22 49 0.121842 100 30 30 25 -2.46685 80 14 15 16 1.13417 90 30 30 24 -2.23909 69 12 11 21 0.817645 82 28 27 22 -2.07364 62 8 7 22 1.34732 86 30 29 12 -1.14417 78 18 19 8 2.67795 84 21 23 4 0.785398 90 23 28 17 2.72918 99 30 33 20 1.17227 122 50 50 65 1.69326 190 116 112 68 -1.94319 126 51 49 53 -2.27741 85 11 7 0 0 
246 182 171 19 -2.65469 237 172 163 31 -0.830821 216 148 141 38 -0.263964 206 137 134 64 -1.3673 141 74 73 77 -0.950547 76 10 11 33 0.331096 86 22 22 7 -1.71269 77 15 15 15 0.785398 84 27 26 10 -1.9513 73 17 16 7 -0.588003 69 13 12 23 1.91957 91 35 34 26 -2.00056 68 10 11 25 0.643501 85 24 28 16 -1.87368 73 6 13 46 0.739277 102 38 43 7 2.7367 101 44 43 70 0.74542 148 93 90 122 -2.49483 74 19 16 20 -2.32173 59 4 1 0 0 
210 165 161 115 2.88823 241 194 190 139 -3.09128 235 186 184 179 -2.95076 205 151 151 125 -2.89276 177 118 122 105 -2.33606 103 42 46 23 -1.22203 81 21 22 16 0.302885 86 26 26 10 -2.76109 80 23 22 2 0 79 24 21 24 -2.29744 61 6 3 19 1.31347 80 24 23 26 2.8786 87 30 31 11 -2.11122 78 19 23 25 1.08991 103 41 47 26 -2.7468 88 32 37 81 0.8635 139 97 98 144 -2.35619 30 0 0 14 0.737815 40 7 4 3 -2.55359 38 5 2 0 0 
80 54 54 21 0.0949517 84 56 56 86 -0.536435 45 10 14 110 0.181468 72 28 34 103 0.174672 96 45 52 100 0.0499584 106 50 55 16 -0.999459 95 36 40 27 -2.25132 74 16 17 26 0.309703 82 25 24 19 -1.15257 64 7 5 5 2.49809 66 11 8 12 -1.48766 54 0 0 34 0.887087 81 24 25 12 2.41495 89 32 35 30 -0.43467 77 17 23 68 1.33638 137 85 92 131 -2.35619 28 0 0 17 0.665969 30 9 8 6 -2.46685 26 5 4 24 0 26 5 4 0 0 
85 74 82 157 0.355806 144 129 137 78 -0.114877 142 119 127 88 0.146666 164 130 140 68 0.234416 188 145 154 97 -1.08872 110 59 67 120 -0.337456 75 19 24 88 0.239499 99 40 44 28 -0.321751 90 33 32 32 -1.16189 60 3 2 35 0.224711 67 12 9 17 2.60117 74 21 18 7 -0.588003 70 16 16 54 0.982794 115 60 63 65 -2.7468 92 34 39 56 -2.30624 41 0 0 15 1.10715 41 9 14 16 -2.62245 24 3 6 25 1.49097 47 28 31 32 -2.66425 32 13 16 0 0 
230 219 239 22 -2.41861 220 204 222 9 3.03094 228 203 223 23 -2.79282 229 194 214 18 -2.81984 230 188 205 23 -2.3259 220 171 187 68 -1.6002 159 103 116 76 -0.522403 123 66 75 95 -0.242447 100 44 49 115 -0.0694533 92 37 40 59 -0.785398 46 0 0 30 1.43824 78 27 25 76 0.263964 102 45 46 83 -0.571337 60 0 3 93 -0.0322469 61 0 1 78 0.0384426 58 0 4 58 -0.120109 39 0 0 65 0.122461 40 3 7 40 -0.14889 32 0 1 27 0.414507 41 8 12 0 0 
225 194 231 17 -2.72918 221 188 223 16 -2.31274 217 175 210 5 -2.35619 216 171 204 4 -1.32582 214 168 197 3 -0.982794 216 165 192 2 0 223 165 189 11 -1.5708 214 156 174 1 -2.35619 210 157 170 81 -1.52145 127 78 86 80 -1.5583 43 0 5 100 1.59079 147 100 102 16 1.5708 177 113 118 22 -1.34732 166 89 96 18 -1.73594 156 70 76 19 -2.0577 139 53 59 9 3.14159 131 56 58 23 -2.3259 108 40 41 22 -1.89255 85 19 20 15 -1.1659 71 5 6 0 0 
216 175 220 29 -3.07274 216 173 218 24 -2.9362 218 167 211 15 3.07502 221 169 209 7 -2.7367 216 168 204 3 -1.5708 216 166 198 4 -0.463648 222 164 192 15 -0.927295 211 153 177 12 0.321751 212 160 177 84 -1.48766 124 78 90 83 -1.47471 36 0 4 102 1.5316 145 99 105 22 1.24905 184 117 124 34 -1.03038 168 85 93 28 -0.982794 156 60 67 21 -0.91795 145 42 49 19 -0.370891 134 37 41 9 -1.0122 123 30 31 8 -1.10715 113 23 23 4 -0.244979 112 22 22 0 0 
189 145 192 22 3.00606 194 148 194 21 2.95337 203 152 196 23 2.75327 214 162 202 24 2.97644 216 168 204 27 3.10457 220 170 202 26 3.02672 231 173 201 25 -2.78282 223 165 189 21 -3.09401 219 167 185 84 -1.72616 132 86 99 87 -1.68524 40 1 9 105 1.64684 150 106 112 35 2.03444 202 135 142 32 -1.75614 184 101 109 27 -1.60782 169 73 80 12 -1.32582 164 60 67 21 -1.19029 150 40 46 20 -0.463648 141 31 35 16 -0.519146 131 24 27 8 -0.463648 125 20 23 0 0 
167 123 170 0 0 173 127 173 0 0 183 130 174 0 0 190 138 178 0 0 191 140 177 0 0 194 144 176 0 0 207 149 177 0 0 202 144 168 0 0 206 154 172 0 0 120 76 89 0 0 32 0 1 0 0 134 90 96 0 0 196 129 136 0 0 183 100 108 0 0 172 76 83 0 0 174 68 75 0 0 173 57 64 0 0 162 44 49 0 0 146 30 35 0 0 138 25 29 0 0 
