250 253 251 25 -2.19105 227 232 231 19 0.370891 234 237 242 25 -2.9442 228 230 241 37 -1.13095 192 193 214 38 2.20912 223 224 245 26 -1.64757 199 199 215 29 0.204018 205 207 218 44 1.68395 250 249 255 5 -2.11122 245 245 255 18 -1.24905 227 230 235 25 1.89255 250 252 255 64 -2.56652 215 209 244 15 -1.97569 197 195 231 45 2.00475 238 241 255 63 -1.44449 175 180 195 60 1.40565 237 238 255 31 2.98168 244 244 255 81 -3.10457 241 243 253 10 0.927295 249 253 255 0 0 
235 234 243 13 2.03444 245 246 255 36 -1.46014 208 208 224 48 2.31274 242 243 255 73 -1.58449 169 166 198 105 2.62714 221 218 250 12 2.71497 226 225 251 29 -1.22777 200 198 220 94 2.63552 246 243 255 55 3.06899 250 249 255 95 -2.79998 219 219 231 29 -0.858439 196 195 215 24 0.554308 207 201 242 93 -2.84705 178 173 218 69 1.74547 244 247 255 63 -1.82731 183 188 209 100 2.95198 206 205 231 50 -2.04329 163 161 183 111 0.855348 247 248 255 11 -1.66146 236 238 248 0 0 
227 222 249 34 2.45788 248 244 255 82 -2.06146 175 169 204 68 1.70238 241 234 255 167 -1.7635 75 67 120 133 1.45107 208 200 253 41 2.45928 234 228 255 123 -1.77454 113 109 151 79 1.94429 189 183 224 32 -1.31824 158 154 189 92 0.985797 237 234 255 76 -2.87763 215 211 246 97 -1.47828 116 107 163 50 1.63072 164 157 214 64 1.4158 227 226 255 144 -1.61244 83 85 120 95 1.4348 181 179 215 56 1.13095 234 231 255 71 3.00167 244 244 255 86 -3.09511 240 241 255 0 0 
199 193 228 21 0.484478 207 202 241 44 -1.84294 164 156 203 81 2.55699 207 198 255 131 -2.06165 89 78 146 85 1.41903 173 163 233 60 2.56729 207 198 255 147 -2.13441 82 75 132 112 1.39253 195 187 240 81 2.99451 207 201 250 48 -1.71561 159 155 196 63 1.65 222 216 255 144 -2.28767 111 100 170 64 1.78947 173 162 235 80 2.49809 219 214 255 160 -2.24554 94 92 144 106 1.5425 203 199 248 89 -2.62799 161 157 199 71 -3.07129 156 155 189 64 0.896055 206 207 235 0 0 
216 213 245 29 -2.35619 193 190 229 99 -1.44023 92 87 138 59 1.03907 142 134 197 83 -0.511739 101 90 163 35 2.51485 120 110 187 94 0.0531414 127 115 191 89 -0.293589 101 91 161 20 2.63449 111 103 168 131 0.710271 198 190 250 74 -2.47107 152 146 201 30 -2.04915 124 116 179 100 -0.283794 94 81 165 14 1.13839 105 93 183 77 0.154601 117 108 188 94 -0.234723 95 89 160 25 1.49097 124 116 179 77 -0.498316 88 82 135 115 1.16136 194 192 234 51 2.06075 239 238 255 0 0 
193 192 224 17 2.27305 204 203 242 83 -1.72802 121 116 171 95 1.37136 213 206 255 143 -1.51491 70 59 139 145 1.44644 212 201 255 8 -2.78282 209 199 255 130 -1.59387 79 71 148 128 1.51616 209 201 255 72 -1.47388 137 132 194 9 -0.218669 135 131 190 83 1.47471 218 212 255 119 -1.43603 98 86 174 84 1.68929 180 169 255 27 1.49686 207 198 255 112 -1.49949 97 89 166 92 1.74484 192 183 250 61 -1.25925 134 126 186 39 1.98902 170 166 215 38 1.5708 208 206 248 0 0 
180 181 215 49 0.225277 191 189 231 61 -2.19482 140 134 193 93 2.0488 221 212 255 159 -2.15532 86 76 159 118 1.60468 202 192 255 65 3.11083 204 195 255 130 -1.97267 84 77 158 128 1.59423 214 210 255 93 -2.29566 144 142 201 16 -2.95624 141 142 193 94 1.82866 232 230 255 148 -1.8288 86 80 157 97 1.4158 181 175 255 38 2.0932 214 210 255 138 -1.75259 79 76 145 126 1.47584 209 202 255 95 -1.74971 117 111 170 53 1.36233 169 166 215 43 0.13864 175 174 218 0 0 
228 230 255 97 -2.29829 155 154 194 57 -1.4486 97 91 150 53 0.785398 131 124 197 69 -0.785398 82 72 155 57 1.55325 137 127 217 37 0.439843 152 143 234 72 -1.65394 80 74 156 69 1.42687 150 147 216 24 -1.65394 126 127 185 16 -2.39965 117 116 172 77 1.66146 192 191 253 105 -2.10635 100 95 174 64 1.82335 162 156 238 47 2.53605 187 185 255 125 -2.23184 90 89 157 97 1.5708 192 187 249 105 -2.46388 128 123 178 85 1.73594 212 210 255 42 2.57307 235 235 255 0 0 
165 167 191 68 -0.0147048 162 163 197 42 -0.652847 135 131 183 51 1.23685 180 176 242 99 -1.33798 83 74 154 90 1.70335 171 162 249 53 -0.463648 146 136 229 76 -0.822418 90 81 171 59 1.86064 148 143 218 75 -0.4696 114 112 178 40 -0.14889 108 105 174 39 0.876058 138 133 208 90 -0.627981 84 75 166 40 1.2723 123 113 206 67 -0.162727 110 104 191 88 -0.250443 90 86 161 15 1.3734 110 105 166 89 0.0224681 114 112 158 117 0.554996 176 177 215 64 0.609459 213 216 247 0 0 
235 237 255 36 -1.26629 198 199 225 61 -2.36769 153 150 195 99 0.585217 205 201 255 132 -1.68395 71 66 135 152 1.40565 219 213 255 37 -2.58299 199 190 255 126 -1.70597 73 66 151 141 1.50705 215 211 255 61 -1.45654 154 153 217 21 -1.71269 133 131 197 78 1.63481 211 206 255 114 -1.45725 97 88 175 94 1.6557 190 181 255 12 0.726642 198 192 255 105 -1.62788 94 92 158 101 1.64984 199 198 248 31 0.421419 214 215 253 53 2.85554 230 233 255 21 3.04664 231 238 255 0 0 
248 250 255 90 -1.68145 156 157 177 120 0.773634 238 235 255 67 -2.45065 193 188 239 94 -1.79521 98 95 151 93 1.68853 189 185 250 8 -2.52134 182 177 252 99 -1.66146 83 79 151 139 1.50614 224 223 255 72 -1.779 153 154 204 23 -1.48406 130 130 184 96 1.66427 226 224 255 135 -1.63736 91 87 153 111 1.55278 200 198 255 7 -1.4289 193 195 249 110 -1.31485 88 91 135 138 1.52735 230 232 255 67 -1.54095 164 168 193 63 0.785398 211 215 233 46 0.708626 239 248 255 0 0 
241 240 250 7 0.876058 245 243 255 54 -1.46014 190 185 217 16 -0.828849 174 170 212 94 -1.05034 89 86 135 132 0.822814 184 181 237 60 -3.02545 175 169 240 102 -2.23184 94 89 158 115 1.55341 209 209 255 103 -2.59121 157 157 205 59 -2.53499 123 120 175 96 1.70539 219 215 255 156 -2.22454 95 90 152 110 1.59806 203 201 255 88 2.9131 223 226 255 152 -2.13702 96 100 135 156 1.02709 235 236 255 62 -2.74925 213 215 233 43 0.931882 248 253 255 5 -2.76109 246 252 255 0 0 
248 245 254 8 0.950547 253 250 255 50 -1.79163 202 196 227 51 0.489957 223 217 255 39 -1.5708 180 178 220 54 -1.82905 126 122 174 107 -0.0931873 116 105 177 90 -0.177875 98 89 162 35 2.35619 123 118 180 99 -0.151882 110 103 164 64 0.0312398 112 103 170 16 1.05165 126 115 188 92 -0.352458 94 82 158 27 1.60782 121 111 181 82 0.294937 145 140 195 76 0.457834 179 180 218 48 -0.103792 179 179 203 82 0.811034 241 243 254 4 1.32582 245 250 253 24 3.09995 246 252 251 0 0 
255 252 254 9 -1.78947 246 240 251 13 0.566729 249 243 255 25 -2.1588 225 220 251 53 -1.47674 170 167 199 85 0.927295 234 231 255 64 -2.69183 206 197 255 130 -1.53235 75 65 135 174 1.00977 224 216 255 50 -1.34997 175 167 227 54 -1.58931 121 110 178 93 1.46368 214 201 255 120 -1.49594 94 81 155 107 1.45911 201 192 255 18 2.27942 215 211 255 36 2.77639 230 229 255 10 0.380506 238 238 255 7 0.588003 243 245 253 21 -1.5708 222 227 226 21 0.652847 235 241 236 0 0 
255 253 245 23 2.9694 255 255 254 21 -2.1588 237 233 244 5 -0.380506 231 230 246 16 -0.436627 223 223 239 47 -1.05957 178 179 205 57 0.650421 213 207 254 42 -1.68929 169 163 216 86 0.867183 237 233 255 63 -1.85774 176 172 214 57 -2.29454 133 124 180 93 1.73242 225 215 255 124 -1.92299 108 99 155 123 0.739453 191 186 231 41 -0.192701 183 184 210 84 0.743406 242 245 255 3 0 245 246 255 4 -0.463648 245 246 250 6 -0.674741 241 244 242 6 -0.463648 238 242 236 0 0 
232 231 221 15 1.43824 247 244 239 27 -3.10457 244 240 245 12 0.726642 248 247 255 1 0.785398 247 249 255 18 -1.78947 226 229 244 27 -0.628796 210 207 239 36 0.549853 229 225 255 71 -3.02939 221 219 249 84 -1.29413 140 137 169 38 -0.544864 120 114 155 67 1.87368 184 177 220 38 0.463648 201 196 235 52 2.46388 234 232 255 18 0.785398 247 251 255 2 -1.10715 247 252 255 2 2.67795 249 252 255 2 -0.463648 250 252 253 3 -1.89255 249 250 248 14 2.9997 251 252 248 0 0 
232 230 229 28 -0.510488 218 216 216 46 0.86217 251 250 252 4 0 251 250 254 5 -0.927295 245 246 250 9 1.0122 251 252 255 13 -2.57486 244 242 255 83 -1.53467 160 158 180 120 0.791246 246 243 255 126 -2.54703 175 172 198 91 -0.925107 102 98 127 138 1.01678 221 216 245 58 -1.46771 163 160 182 121 0.797026 250 249 255 8 3.01724 251 254 255 5 -1.76819 246 250 251 7 0.785398 253 255 255 4 -2.03444 251 251 251 16 -1.87368 235 235 235 10 -2.76109 231 232 230 0 0 
255 254 255 21 -2.71874 246 245 247 14 2.45586 255 254 255 14 -3.07029 254 253 255 4 -2.67795 250 251 255 8 -1.21203 242 242 248 7 1.1659 247 247 255 27 -3.10457 246 245 255 107 -1.84273 142 140 160 127 0.774288 231 228 250 92 -2.50243 176 173 195 53 1.2668 227 225 245 36 2.53087 250 247 255 6 -1.73594 244 243 252 8 1.81578 252 254 255 5 2.9442 253 255 255 3 -2.55359 253 253 253 7 -1.2925 246 246 246 22 -1.1659 225 225 225 22 -0.404892 216 216 216 0 0 
235 234 236 14 0 235 234 236 9 0.708626 241 240 242 13 0.732815 250 249 251 5 1.03038 253 254 255 15 -2.58994 245 245 251 23 -1.5708 220 220 232 8 -0.358771 217 216 232 16 1.63322 233 231 251 76 -1.66264 157 154 176 63 0.583636 192 189 211 37 0.134321 197 195 215 70 0.785398 249 246 255 7 -1.8491 242 241 250 11 0.463648 247 249 250 3 1.5708 250 252 252 3 1.5708 255 255 255 4 3.14159 255 255 255 9 -1.5708 246 246 246 7 -0.2783 244 244 244 0 0 
249 248 250 0 0 242 241 243 0 0 251 250 252 0 0 253 252 254 0 0 240 241 245 0 0 245 245 251 0 0 228 228 240 0 0 216 215 231 0 0 226 224 244 0 0 210 207 229 0 0 229 226 248 0 0 247 245 255 0 0 247 244 255 0 0 252 251 255 0 0 247 249 250 0 0 250 252 252 0 0 251 251 251 0 0 255 255 255 0 0 253 253 253 0 0 255 255 255 0 0 
