249 254 255 1 3.14159 238 255 255 4 -2.67795 218 255 255 5 -2.35619 190 255 255 34 -3.02448 161 254 255 59 -2.93757 135 245 243 44 3.09617 137 248 244 42 2.85686 164 255 253 49 3.08044 201 255 252 7 2.55359 226 255 253 7 -1.2925 228 249 246 8 2.08994 223 255 253 4 -1.32582 182 255 252 19 -2.9341 151 255 251 63 -2.96873 124 250 244 44 -3.07352 128 246 241 36 2.75099 172 255 253 37 2.87065 209 255 255 11 -2.96174 232 254 255 7 3.14159 242 253 255 0 0 
242 254 254 4 -2.35619 227 253 253 2 -2.35619 198 255 254 42 -2.20482 140 223 224 30 -1.94513 87 199 199 18 0.110657 76 203 201 20 0.244979 83 209 204 14 0.2783 105 211 205 46 1.48406 185 252 249 45 2.87534 216 255 255 14 -2.0032 212 247 243 15 0.927295 210 255 255 43 -2.55359 152 242 236 65 -2.31274 79 198 190 26 0.309703 71 207 201 17 0.41241 84 213 208 13 1.10715 122 221 219 37 1.9513 184 252 251 36 3.08609 212 250 252 11 0.909753 236 255 255 0 0 
231 253 251 2 -1.10715 209 254 251 25 -1.61077 143 235 230 25 -2.2143 93 219 214 8 3.01724 73 222 218 8 2.62245 68 227 223 10 -3.04192 72 225 222 6 -1.89255 86 217 214 11 -0.179853 117 210 209 50 1.63072 187 255 255 22 3.05093 193 255 255 34 -1.86503 145 229 225 34 -1.95668 83 201 196 37 0.59541 83 225 218 8 -0.124355 73 225 220 5 -2.49809 72 221 217 9 -2.1294 78 212 206 15 0.965252 116 221 218 49 2.00742 198 255 255 19 -2.88427 213 252 254 0 0 
217 255 252 4 -1.10715 190 255 251 49 -2.22649 107 223 216 22 -2.51611 67 213 208 14 0.141897 59 215 214 9 0.110657 62 215 218 7 1.71269 83 219 225 83 3.05745 109 222 232 112 -2.99843 116 203 213 34 2.02146 158 233 242 17 2.19105 168 248 255 37 -1.86734 123 214 219 20 2.49809 123 227 232 98 -3.12119 107 227 232 117 -3.03094 80 216 222 21 -2.95337 67 214 216 10 0.588003 69 223 218 17 -1.45369 70 204 198 48 1.34089 160 243 244 41 2.89661 189 250 252 0 0 
200 255 255 36 -1.73594 144 228 223 27 -1.31712 75 207 200 20 1.17227 78 227 224 11 -2.87534 86 219 227 9 -1.98902 96 204 221 145 -2.60117 51 122 149 58 -2.77686 44 98 128 88 2.004 126 179 206 132 2.86537 155 217 241 35 2.76632 154 233 252 41 -1.69215 116 192 211 140 -2.62068 68 118 141 59 -2.78282 43 97 122 84 1.7379 98 184 206 119 2.92292 95 217 231 18 -3.08609 66 225 223 8 -1.44644 63 218 211 5 -0.785398 98 207 205 60 1.58746 180 255 255 0 0 
180 255 251 25 -1.98092 137 237 231 34 -2.29505 74 216 211 9 0 70 213 216 16 0.244979 108 207 227 144 -2.02827 8 69 101 7 -0.694738 37 56 99 22 -0.135528 45 51 98 107 -0.0931873 24 43 88 152 1.02474 141 175 218 88 2.65764 167 220 255 182 -2.09334 17 61 98 54 -0.073939 44 51 94 99 0.213205 66 72 115 29 -0.737815 20 56 96 125 1.52283 106 191 217 65 2.86329 72 222 228 6 -0.896055 60 222 217 10 -2.1588 85 207 207 55 1.35213 157 255 255 0 0 
157 250 243 38 -1.22426 104 216 209 11 2.60117 79 224 222 8 2.19105 97 225 236 76 -1.5708 80 134 167 76 -2.23529 57 64 113 14 2.30861 87 69 128 110 0.836635 175 149 213 38 -1.51821 129 112 175 56 -0.495133 95 87 148 44 0.688924 115 117 175 19 -2.39321 107 104 160 75 0.54042 164 139 199 54 -1.40565 111 86 144 73 -0.512389 61 52 108 57 1.34269 78 118 160 102 2.16958 96 221 235 15 -1.8314 60 214 213 9 1.15257 93 219 220 32 2.11645 134 245 247 0 0 
167 255 255 59 -1.65534 94 204 202 11 1.30454 73 219 219 13 1.04272 106 223 238 123 -1.61142 54 82 123 31 -2.31077 72 47 107 100 1.24589 179 137 208 22 0.463648 191 145 221 13 2.30361 194 156 232 47 -1.98686 145 114 189 32 -0.674741 122 95 168 75 1.07145 191 161 232 23 -2.3259 183 143 214 4 2.89661 186 145 213 87 -1.5708 95 59 125 46 -0.328553 40 55 104 139 1.63545 102 214 232 15 -2.67795 67 217 218 12 -1.5708 76 201 205 51 1.23685 134 249 252 0 0 
171 254 255 51 -1.5708 102 205 207 24 0.668289 83 224 227 23 3.14159 104 216 234 139 -1.45619 40 59 104 30 1.67046 112 76 142 83 1.43903 204 155 231 20 -1.96932 185 133 216 0 0 176 134 219 9 0.110657 172 136 220 9 -1.35213 161 128 209 18 0.86217 179 142 222 5 -1.5708 181 137 214 7 2.44685 188 142 218 43 -1.36447 141 101 173 68 -1.45369 34 45 97 134 1.61554 92 199 220 7 1.4289 71 216 218 5 1.03038 97 217 222 31 2.03444 134 244 248 0 0 
179 253 255 32 -1.69515 130 223 226 27 -1.35213 67 200 204 44 1.07685 124 232 250 159 -1.72154 37 56 101 55 0.927295 123 87 153 65 1.75614 198 146 224 13 -1.00407 187 132 217 9 1.15257 191 141 229 10 -2.55359 179 136 223 1 0.785398 179 137 224 7 0.2783 181 140 225 17 -2.47562 171 131 209 25 0.896055 191 152 227 45 -1.83705 146 109 181 82 -1.5586 26 39 91 144 1.36116 93 201 219 14 0.68573 75 219 220 12 -1.81578 88 203 206 59 1.55385 160 255 255 0 0 
186 247 249 22 -1.70632 146 227 230 20 -0.643501 97 220 224 8 -2.35619 104 208 225 101 -1.51146 65 90 132 50 -0.0199973 103 78 138 88 1.93878 200 155 228 19 -2.35619 193 137 220 6 -2.46685 191 131 219 4 2.03444 191 135 224 8 0.950547 194 143 231 24 -2.23909 168 126 209 21 1.08632 180 149 224 11 -2.35619 169 143 213 38 -0.932477 140 113 179 86 -2.47953 49 72 118 127 1.27633 97 215 227 6 -0.896055 72 217 215 9 -2.1294 100 203 206 64 1.05165 174 255 255 0 0 
195 243 245 4 -0.785398 173 242 245 36 -1.18019 104 213 215 6 1.10715 111 215 228 57 -1.69299 97 146 178 106 -0.899001 48 52 103 101 1.47211 173 145 211 58 -3.0556 184 135 211 23 -0.0434509 189 130 214 12 1.14417 198 141 226 17 -2.27305 178 129 213 13 0.463648 177 138 216 2 0.463648 169 143 213 28 0.934288 183 170 232 141 -2.09785 50 51 107 52 1.68567 69 114 152 115 0.883844 101 220 229 21 -2.42276 78 211 208 29 1.43373 146 233 235 30 0.669639 186 249 253 0 0 
211 245 245 8 1.92957 201 255 255 45 -1.48214 122 214 215 47 -0.0849018 106 210 217 18 2.1294 134 220 240 140 -1.69249 20 72 108 131 0.254221 94 94 148 81 1.93532 195 162 229 102 -2.95565 186 139 215 9 -0.558599 181 134 210 11 1.10715 181 146 220 4 -1.81578 172 144 213 22 0.785398 186 163 225 110 -2.5108 103 103 157 81 -2.36489 12 54 96 181 0.804851 113 195 220 21 0 88 205 210 8 0.785398 102 212 210 56 1.0364 191 254 255 1 0 211 251 255 0 0 
219 241 239 17 1.08084 219 255 255 2 -1.10715 193 255 255 61 -1.60357 112 199 203 56 0.159352 110 206 219 11 0.463648 126 206 231 124 -1.70814 38 72 115 129 0.0309978 67 69 123 101 1.08953 177 153 217 116 -3.07274 172 144 210 23 2.9694 169 149 214 14 2.06474 175 165 225 142 -2.46575 77 80 131 34 -1.33971 22 52 93 198 0.696031 114 187 217 26 1.344 122 220 236 30 -2.61831 109 209 213 45 0.691921 155 237 238 34 0.661043 212 253 255 5 1.76819 235 255 255 0 0 
232 249 246 10 0.927295 235 255 255 8 -2.52134 219 253 253 6 -0.463648 198 250 255 37 -1.35786 135 216 224 41 -0.561163 104 192 209 41 0.594759 134 211 238 78 -1.72345 75 126 166 103 -0.778596 32 45 97 150 0.600917 132 127 182 62 2.81477 152 147 202 135 -2.40328 45 61 108 89 0.343024 48 98 134 164 0.73372 137 214 240 25 -2.3007 105 199 218 21 -0.2783 103 195 206 74 0.670522 168 241 245 25 0.950547 212 255 255 9 -2.27942 230 249 254 8 2.08994 251 254 255 0 0 
243 254 252 5 -1.5708 236 249 247 8 1.44644 243 255 255 1 -1.5708 226 255 255 10 -1.67046 189 249 255 23 -1.61425 148 227 236 41 -0.594759 118 203 219 47 0.168597 132 208 231 23 -1.78486 130 179 211 100 -1.34997 41 79 114 105 -0.201127 21 57 93 144 0.697391 104 154 184 85 0.91795 151 227 249 43 -2.42062 111 203 216 33 0.613207 133 222 232 47 0.710909 179 253 255 5 0.643501 206 253 255 4 0 228 251 253 5 -1.03038 239 243 248 7 0.404892 249 245 250 0 0 
245 253 253 4 -2.03444 241 249 249 9 0.785398 248 255 255 4 -2.67795 239 254 255 11 -2.03444 213 246 249 15 0.876058 212 255 255 10 -1.86225 188 251 255 44 -1.54807 132 208 214 46 0.0867383 125 213 220 20 -0.996491 101 196 205 13 -1.344 85 184 192 42 0.91795 122 218 224 21 -2.22364 118 200 205 64 0.505581 159 230 234 36 0.86217 194 255 255 2 -2.67795 209 255 255 3 1.89255 234 255 255 1 -1.5708 245 253 253 1 -1.5708 249 251 252 1 0 251 250 252 0 0 
246 249 253 5 2.11122 251 254 255 4 -1.5708 251 250 254 3 -1.5708 244 247 251 5 1.19029 242 254 255 2 -0.463648 231 255 255 6 -2.03444 212 250 252 1 2.35619 194 254 254 32 -1.31824 138 227 224 36 -0.765793 97 204 201 43 0.233743 102 215 211 8 -2.52134 109 209 204 77 0.739559 188 255 255 4 -0.244979 206 252 253 4 0.463648 219 253 253 10 3.14159 230 252 250 6 0.674741 246 254 254 1 -1.5708 252 252 252 0 0 252 252 252 1 1.5708 253 253 253 0 0 
249 246 248 8 1.21203 255 254 255 8 -2.67795 255 249 252 4 -0.244979 255 248 251 6 0.896055 255 253 255 13 -2.67795 244 249 252 4 -1.81578 231 245 251 12 0.896055 227 255 255 19 -2.4275 192 247 250 15 -0.605545 169 241 241 41 -1.20362 127 203 202 78 0.848378 196 255 255 8 -3.01724 222 254 255 4 -2.89661 237 251 255 12 -1.81578 234 238 243 17 1.03038 252 254 255 9 -3.03094 253 252 254 1 -2.35619 252 252 252 1 3.14159 252 252 252 2 1.10715 254 254 254 0 0 
254 249 251 0 0 252 245 248 0 0 255 252 255 0 0 255 251 255 0 0 252 240 246 0 0 252 246 251 0 0 249 251 255 0 0 222 241 246 0 0 220 255 255 0 0 200 253 255 0 0 195 252 254 0 0 204 249 252 0 0 232 248 255 0 0 248 246 252 0 0 255 244 252 0 0 252 243 246 0 0 255 251 253 0 0 251 251 251 0 0 253 253 253 0 0 255 255 255 0 0 
