212 212 212 8 1.10715 220 220 220 4 -1.32582 216 216 216 39 2.77986 230 230 230 191 -2.84463 174 174 174 146 -2.96969 149 149 149 121 3.0264 163 163 163 148 2.81347 211 211 211 167 3.03422 229 229 229 99 -3.04092 219 219 219 13 0.566729 226 226 226 56 3.14159 226 226 226 101 -2.92292 204 204 204 165 -2.85418 157 157 157 128 -2.90605 127 127 127 100 2.95198 146 146 146 130 2.56425 221 216 217 161 3.08575 230 225 226 43 -3.09511 228 223 224 8 -1.69515 220 215 216 0 0 
216 216 216 6 2.24554 221 221 221 56 -2.30624 179 179 179 167 -2.23341 47 47 47 19 -1.03907 30 30 30 11 -0.179853 28 28 28 6 -2.03444 22 22 22 31 0.785398 44 44 44 87 1.74348 130 130 130 141 2.35619 230 230 230 206 -2.84736 170 170 170 85 -2.6152 127 127 127 115 -2.35619 45 45 45 17 -2.27305 32 32 32 4 -1.32582 28 28 28 9 1.78947 37 37 37 19 1.62338 58 56 56 129 1.75757 187 182 183 157 2.88427 227 222 223 31 -2.74925 215 210 211 0 0 
212 212 212 29 -1.43373 183 183 183 152 -2.36085 76 76 76 40 -2.65597 57 57 57 27 -2.5128 41 41 41 21 -2.28963 25 25 25 21 1.12842 44 44 44 20 -2.32173 29 29 29 2 0.463648 30 30 30 5 0.380506 32 32 32 64 1.55517 96 96 96 82 -2.4763 45 45 45 14 -2.25653 34 34 34 1 -2.35619 33 33 33 8 -2.08994 26 26 26 10 1.3734 36 36 36 5 -2.2143 34 32 32 4 -0.244979 33 31 31 163 1.534 196 194 194 121 2.85878 230 228 228 0 0 
216 216 216 159 -2.0541 75 75 75 57 -2.49117 40 40 40 9 -0.558599 35 35 35 10 -2.2143 27 27 27 13 0.566729 34 34 34 4 -2.03444 30 30 30 4 2.89661 31 31 31 9 2.72337 35 35 35 17 -3.02448 33 33 33 5 -2.76109 31 31 31 5 1.3734 36 36 36 5 -2.60117 33 33 33 5 -2.2143 29 29 29 4 -2.89661 28 28 28 10 0.507098 33 33 33 13 2.91479 38 36 36 13 3.06482 39 37 37 40 1.47113 79 77 77 153 1.90901 224 222 222 0 0 
142 142 142 124 -2.00936 29 29 29 19 1.62338 48 48 48 24 -2.23909 29 29 29 13 0.732815 38 38 38 12 -2.64225 32 32 32 9 -2.43297 26 26 26 5 -2.35619 22 22 22 7 -0.588003 18 18 18 11 1.03038 28 28 28 4 1.32582 32 32 32 14 -3.07029 31 31 31 11 -3.05093 30 30 30 5 -1.3734 25 25 25 13 2.09887 37 37 37 20 -2.18546 20 20 20 7 0.404892 25 23 23 19 1.15257 43 41 41 16 -2.00742 28 26 26 156 1.53876 184 182 182 0 0 
89 89 89 65 -1.93136 28 28 28 9 0.558599 33 33 33 6 1.40565 39 39 39 13 -2.03444 27 27 27 2 -1.5708 25 25 25 5 -2.60117 22 22 22 11 0.54042 28 28 28 13 -2.84309 24 24 24 5 1.5708 29 29 29 23 -2.65908 18 18 18 12 0.165149 20 20 20 12 1.07145 31 31 31 17 -2.27305 18 18 18 8 1.05165 25 25 25 9 0.218669 27 27 27 5 2.35619 33 31 31 6 2.67795 36 34 34 11 -2.87534 33 31 31 117 1.58789 150 148 148 0 0 
66 66 66 30 -1.80003 36 36 36 2 -2.35619 34 34 34 2 -0.463648 33 33 33 10 -2.55359 27 27 27 7 -1.2925 20 20 20 13 1.10715 32 32 32 22 -2.25972 15 15 15 14 0.68573 24 24 24 16 -1.81578 8 8 8 27 0.912908 30 30 30 8 -2.67795 26 26 26 6 -1.89255 20 20 20 12 0.165149 22 22 22 15 0.876058 34 34 34 18 -2.50884 23 23 23 5 0.380506 27 25 25 2 -0.785398 25 23 23 11 0.54042 31 29 29 92 1.47328 123 121 121 0 0 
59 59 59 25 -1.49097 34 34 34 2 2.35619 36 36 36 13 -2.03444 24 24 24 11 0.463648 29 29 29 10 -0.291457 26 26 26 13 -0.628796 18 18 18 8 1.21203 26 26 26 6 -1.89255 20 20 20 5 1.5708 25 25 25 11 -2.87534 22 22 22 2 2.35619 24 24 24 8 1.5708 32 32 32 13 3.14159 32 32 32 15 -2.17634 19 19 19 37 0.244979 28 28 28 17 -0.0587558 29 27 27 6 1.10715 35 33 33 5 1.5708 40 38 38 66 1.69142 106 104 104 0 0 
61 61 61 36 -0.921801 32 32 32 6 -0.321751 30 30 30 7 0.588003 34 34 34 21 2.90785 39 39 39 25 -0.07983 37 37 37 20 -2.25311 21 21 21 15 0.197396 24 24 24 9 -2.72337 20 20 20 6 -1.24905 14 14 14 15 0.404892 20 20 20 5 2.2143 24 24 24 5 -1.03038 19 19 19 9 0.418224 23 23 23 32 1.47732 55 55 55 10 -1.3734 45 45 45 25 -2.49809 32 29 31 6 0.463648 35 32 34 8 -2.78282 32 29 31 118 1.44436 150 147 149 0 0 
83 83 83 70 -0.694738 38 38 38 9 -2.92292 36 36 36 23 -1.48406 13 13 13 56 1.13095 64 64 64 50 -2.2143 24 24 24 12 1.65394 36 36 36 22 -1.93478 15 15 15 13 0.566729 22 22 22 8 0.785398 28 28 28 12 -1.14417 17 17 17 11 1.10715 27 27 27 1 0.785398 28 28 28 3 -2.55359 26 26 26 31 1.50637 57 57 57 34 -1.18491 25 25 25 37 0.296546 38 35 37 12 -2.07014 27 24 26 21 1.14794 47 44 46 126 1.41214 172 169 171 0 0 
135 137 137 126 -1.02225 27 29 29 16 0.571337 36 38 38 6 -0.165149 35 37 37 8 -2.78282 32 34 34 21 -2.59304 21 23 23 42 0.11849 26 28 28 3 -2.55359 24 26 26 6 2.81984 26 28 28 5 1.03038 31 33 33 13 -2.19959 20 22 22 10 0.643501 26 28 28 3 -1.24905 23 25 25 5 0.54042 26 28 28 42 1.4289 68 70 70 41 -2.92028 61 61 61 53 -2.51696 32 29 31 15 0.260602 38 33 35 32 1.31824 69 64 66 180 1.06262 227 222 224 0 0 
201 203 203 160 -1.56455 41 43 43 97 0.0103089 42 44 44 17 -2.11122 27 29 29 13 -1.49402 14 16 16 50 1.2925 63 65 65 47 -2.1294 23 25 25 16 -0.302885 18 20 20 19 0.602287 29 31 31 6 -1.10715 23 25 25 5 1.3734 28 30 30 1 -0.785398 27 29 29 2 0.463648 28 30 30 5 2.35619 32 34 34 8 -2.62245 28 30 30 12 -1.73594 18 18 18 37 0.804264 47 44 46 11 -2.87534 46 41 43 123 1.11802 157 152 154 89 0.746048 218 213 215 0 0 
202 204 204 64 -1.67974 138 140 140 122 -1.0234 33 35 35 32 -0.154997 28 30 30 1 0 28 30 30 10 1.5708 38 40 40 20 3.09163 39 41 41 10 -0.507098 34 36 36 7 -0.2783 32 34 34 12 -2.41495 24 26 26 13 0.394791 29 31 31 4 3.14159 29 31 31 9 -2.58299 24 26 26 1 1.5708 25 27 27 8 0.124355 26 28 28 16 1.44644 44 44 44 30 -2.80953 36 33 35 67 1.16008 100 95 97 146 0.994135 223 218 220 8 -2.03444 215 210 212 0 0 
195 197 197 7 1.5708 202 204 204 137 -1.65816 65 67 67 126 -0.289181 29 31 31 37 -0.0270204 28 30 30 11 -2.11122 18 20 20 30 1.34156 48 50 50 18 -2.75099 41 43 43 18 -1.5708 23 25 25 15 1.01914 36 38 38 15 -2.35619 25 27 27 4 -1.81578 21 23 23 23 0.129703 24 26 26 14 0.68573 33 35 35 18 -2.87065 28 30 30 15 -1.43824 15 15 15 84 0.574889 63 60 62 151 0.865042 180 175 177 45 1.01914 219 214 216 5 -2.76109 217 212 214 0 0 
195 197 197 24 -0.205395 190 192 192 4 -1.5708 186 188 188 120 -1.52084 66 68 68 110 -0.410851 22 24 24 51 0.0587558 25 27 27 9 0.708626 31 33 33 22 2.67795 41 43 43 18 -2.55359 31 33 33 6 -1.24905 25 27 27 15 -0.0665682 24 26 26 30 0.715744 44 46 46 20 -2.67795 35 37 37 28 -2.35619 15 17 17 33 0.463648 30 32 32 72 0.844154 86 86 86 97 0.843304 163 158 160 55 0.836635 205 198 201 11 2.11122 215 208 211 35 -2.03444 183 176 179 0 0 
221 221 221 29 -1.67388 192 192 192 26 0.0767719 194 194 194 25 -1.65063 169 169 169 98 -1.28129 75 75 75 102 -0.411294 34 34 34 40 -0.54042 13 13 13 28 0.558599 26 28 28 9 2.27942 33 35 35 7 1.8491 40 42 42 19 2.7707 47 49 50 36 -2.53087 26 28 28 12 -1.99742 17 16 18 50 0.643501 47 47 47 43 0.867183 80 79 81 88 0.929553 153 150 152 71 0.68573 200 195 197 14 -2.9997 199 192 195 3 3.14159 199 192 195 14 0.785398 209 202 205 0 0 
220 217 219 10 3.14159 220 217 219 26 -1.68567 194 191 193 29 0.170735 199 196 198 30 -1.1659 171 168 170 102 -1.3638 71 68 70 121 -0.266975 39 36 38 49 -0.308931 22 21 23 24 0.463648 31 33 34 13 -2.40878 22 24 25 8 -0.62025 17 18 22 8 0.519146 23 22 24 50 0.7299 59 55 60 34 0.54042 79 74 76 123 0.489004 137 131 136 101 0.806374 211 204 207 27 -2.06722 187 180 183 12 0.785398 196 189 192 15 1.01914 209 202 205 10 1.0637 218 211 214 0 0 
212 207 209 16 0.436627 219 214 216 6 2.03444 225 220 222 12 -1.89255 213 208 210 21 -1.12842 194 189 191 21 -0.188221 190 185 187 102 -1.48279 86 83 85 137 -0.294235 44 43 45 70 -0.303734 23 22 26 10 0.851966 29 30 34 12 -2.71497 24 25 29 50 0.771315 61 60 64 53 0.50529 89 85 90 153 0.683896 188 182 187 23 0.970746 210 200 206 14 -2.40378 200 190 196 2 -2.35619 196 189 192 14 0.588003 204 197 200 14 0.785398 214 207 210 9 0.86217 221 214 217 0 0 
227 222 224 13 -2.19959 216 211 213 12 0.426627 221 216 218 7 2.9997 222 217 219 7 -1.97569 215 210 212 16 -1.32582 199 194 196 36 0.610726 218 215 217 107 -1.77733 111 110 112 127 -0.69071 30 29 33 124 -0.080471 18 19 23 79 0.553294 60 61 65 82 0.588003 108 107 111 143 0.750929 208 204 209 11 -2.23184 201 195 200 8 -2.52134 199 189 195 3 -0.321751 198 188 194 15 0.927295 208 201 204 10 0.588003 214 207 210 9 0.708626 220 213 216 4 0.785398 223 216 219 0 0 
219 214 216 0 0 227 222 224 0 0 214 209 211 0 0 219 214 216 0 0 219 214 216 0 0 229 224 226 0 0 196 193 195 0 0 209 208 210 0 0 154 153 157 0 0 86 87 91 0 0 129 130 134 0 0 213 212 216 0 0 201 197 202 0 0 194 188 193 0 0 202 192 198 0 0 207 197 203 0 0 217 210 213 0 0 221 214 217 0 0 223 216 219 0 0 223 216 219 0 0 
