255 250 255 7 -2.1588 249 243 255 6 0.463648 236 242 255 43 -2.81254 210 224 255 211 -2.99434 168 187 255 181 -2.97011 133 152 239 137 3.01 159 169 255 143 2.9017 201 207 255 185 3.03332 237 234 255 205 3.13671 247 240 255 6 1.89255 255 246 255 21 -2.59304 239 231 255 156 -2.89661 187 185 255 216 -2.56386 53 61 154 55 -2.71045 12 35 145 16 2.62245 18 41 157 18 -2.55359 24 28 146 13 -1.20362 22 22 116 183 1.66343 215 219 255 189 3.07819 231 238 255 0 0 
253 246 255 5 2.2143 250 246 255 99 -2.68245 192 194 252 258 -2.36166 0 5 89 50 -0.0199973 0 0 104 56 0.214815 0 6 124 47 0.321751 12 20 139 24 -0.463648 10 13 117 43 -0.0232516 22 21 95 204 1.51204 235 230 255 196 -3.09062 228 223 255 145 -1.52944 80 77 127 95 -2.3636 2 2 78 36 0.365201 1 12 104 76 0.171628 0 23 125 161 0.0434509 5 28 137 169 0.0591027 25 36 148 136 -0.259187 0 5 102 45 0.244979 19 26 89 201 1.60561 222 232 255 0 0 
237 242 255 82 -1.64384 150 151 201 193 -2.33788 0 0 100 68 0.857438 36 36 180 4 1.10715 30 33 202 6 2.81984 27 32 211 8 -1.5708 20 24 203 10 1.3734 36 38 202 32 -1.5708 16 14 150 29 -0.137066 19 19 127 192 1.56559 216 219 255 236 -1.95288 0 2 77 46 0.84593 27 34 121 130 0.425994 74 87 179 135 0.816638 164 188 255 104 2.99698 176 203 255 102 -2.87534 152 171 255 123 -1.4816 33 48 150 115 -0.354706 0 11 103 151 1.30339 144 158 246 0 0 
219 229 255 237 -2.05704 4 8 89 40 1.44644 33 27 176 11 0.909753 30 23 214 4 -1.32582 17 14 224 17 0.489957 18 20 239 7 -2.26553 12 14 233 9 1.0122 23 25 233 9 -2.81984 29 28 214 32 -1.63322 4 6 161 105 1.3511 114 120 239 153 -2.43438 16 27 125 123 1.47354 139 151 245 60 0.478352 163 182 255 137 -2.35619 63 89 165 118 0.160988 78 108 185 130 0.687882 163 186 255 138 -2.9527 137 156 255 117 -1.17601 29 44 160 23 1.61425 52 65 187 0 0 
96 104 198 110 -2.13131 0 0 125 42 1.45231 29 22 209 13 0.226799 24 15 236 10 1.19029 25 23 253 26 -2.67795 7 10 245 10 0.380506 10 13 252 7 -2.26553 5 9 242 14 0.2783 15 16 238 8 -0.950547 13 17 212 37 -1.51679 0 0 145 37 0.900275 16 34 151 170 1.31019 184 206 255 158 -2.25342 63 88 168 149 0.89919 180 209 255 93 3.10935 181 212 255 189 -2.19533 29 54 134 188 0.966595 182 202 255 156 -1.75065 25 37 171 29 -1.12207 0 5 156 0 0 
28 36 160 34 -2.11122 0 0 149 50 1.41214 37 31 234 14 -2.70918 24 16 247 18 -1.84174 0 0 236 29 0.832981 16 17 255 13 -2.19959 1 6 251 13 1.41815 16 19 255 12 -2.71497 14 14 255 11 -2.11122 10 11 233 16 -1.44644 0 9 187 54 1.15629 54 71 211 24 1.05165 79 104 206 89 0.904827 151 183 255 92 -2.29473 83 116 185 84 -0.178793 70 102 167 88 0.809394 136 164 235 58 2.79282 154 176 255 113 -1.43882 38 48 189 33 -1.20146 5 10 172 0 0 
4 14 152 4 -1.32582 0 4 161 30 1.83996 22 19 218 2 1.10715 19 14 237 9 0.785398 19 17 253 8 -2.35619 9 10 252 4 -2.89661 7 9 251 6 0 7 8 252 1 0 10 6 255 3 -0.588003 12 9 243 7 0.588003 19 23 226 40 1.64566 63 76 238 82 2.25311 130 157 255 58 -0.90675 86 120 203 75 1.58413 161 198 255 151 -2.89501 128 162 232 68 -0.868539 79 110 179 103 2.09472 171 192 255 116 -1.47625 53 62 195 55 -2.07442 4 6 160 0 0 
9 17 148 42 -0.314232 0 0 147 38 1.7274 25 24 210 8 1.5708 28 23 238 7 -2.26553 15 12 246 5 -0.927295 7 5 248 10 0.982794 14 15 255 5 -1.5708 9 10 252 2 1.5708 13 9 255 1 2.35619 18 12 255 5 -1.76819 16 13 236 9 -1.24905 9 16 203 152 1.55106 163 185 255 145 -2.53256 80 112 217 103 -0.758008 9 44 141 202 0.86217 166 200 255 207 -2.34596 24 53 138 153 1.46014 180 200 255 157 -1.76944 28 35 168 13 -1.2723 15 16 166 0 0 
58 66 167 104 -0.6013 0 0 123 44 1.59352 32 29 198 28 3.03486 26 20 227 7 0.2783 21 13 250 3 -2.81984 15 9 255 11 2.87534 14 15 255 10 -2.63449 9 10 252 1 1.5708 12 10 254 2 2.67795 15 11 254 5 -0.197396 17 12 247 9 -1.98902 10 11 223 31 1.27934 40 54 226 112 1.74032 151 175 255 138 -3.04049 137 163 255 180 -2.39147 16 43 171 14 1.71269 34 58 180 121 1.0445 144 161 255 139 -2.12104 30 37 178 20 2.85014 38 40 188 0 0 
153 162 230 160 -1.14623 3 8 101 17 1.45369 11 8 153 42 2.05527 40 33 220 50 -2.98294 22 14 238 11 -0.909753 6 1 240 16 0.302885 5 8 243 12 0.321751 6 13 247 1 -1.5708 7 10 248 8 1.32582 16 17 255 10 -1.86225 10 7 247 5 0.785398 16 15 241 5 2.76109 19 27 224 9 -2.1294 11 27 200 9 -1.0122 3 23 184 19 0.370891 12 34 183 77 1.58378 93 114 253 51 -0.59335 69 86 219 91 -2.33294 12 20 151 61 2.04169 70 75 204 0 0 
231 237 255 210 -1.56603 16 19 80 209 -0.0239189 0 0 109 44 0.179853 0 0 148 49 1.69264 34 31 224 56 3.14159 23 25 239 15 3.07502 16 25 246 12 -2.41495 2 16 242 1 2.35619 3 15 247 3 2.1588 8 17 251 4 -2.35619 9 12 251 5 -1.3734 7 10 239 8 0.244979 13 17 230 5 0.380506 16 25 218 6 2.24554 25 37 209 17 -2.39617 15 31 184 185 0.70921 139 158 255 181 -2.30156 11 28 145 36 -2.14376 0 1 102 151 1.4448 143 154 244 0 0 
239 245 255 2 -0.785398 234 236 255 170 -1.5179 55 54 128 172 -0.246387 0 1 113 127 -0.00787385 0 0 137 41 1.52205 16 23 197 39 2.964 14 25 217 10 3.14159 7 20 228 3 0 3 17 237 2 1.5708 5 15 246 1 1.5708 10 14 249 5 2.76109 15 18 247 5 -0.197396 19 22 234 14 -2.64765 18 23 210 8 -2.62245 17 28 186 203 0.77151 163 177 255 174 -2.19706 27 42 158 35 -1.8837 0 15 108 19 2.72337 17 29 99 282 0.782892 220 232 255 0 0 
246 252 247 7 0.785398 248 254 255 12 -1.89255 231 233 255 82 -1.49776 140 143 204 156 -0.934958 3 8 101 207 0 0 0 121 83 0.44752 16 27 178 49 2.8771 20 33 209 35 -3.05609 10 21 225 6 0.321751 10 17 240 8 -2.62245 6 10 242 15 0.927295 22 25 247 24 -2.27069 12 15 207 16 -0.0624188 16 25 183 212 0.775432 172 185 255 154 -2.38371 73 87 183 75 -2.41274 32 41 121 55 -2.30496 0 5 68 305 0.831661 230 238 255 2 -2.67795 232 240 255 0 0 
253 255 249 4 -2.03444 247 252 250 4 -0.463648 244 246 255 7 0.694738 243 245 255 12 -1.73594 226 227 255 132 -1.52537 83 88 163 164 -0.556027 0 0 95 229 0.113545 1 10 144 106 0.366497 29 36 210 47 -2.90687 10 15 220 14 0.982794 21 21 245 14 -2.0032 11 11 225 13 1.93797 33 36 211 167 0.938047 175 184 255 175 -2.42865 69 82 174 90 -2.55969 28 40 104 81 -0.391948 8 12 63 296 0.749614 217 218 255 31 0.605545 236 241 255 8 1.44644 246 252 255 0 0 
249 253 254 2 1.5708 253 255 255 3 3.14159 255 253 255 5 -2.49809 254 247 255 5 -0.927295 248 239 255 6 0.321751 243 238 255 1 1.5708 233 237 255 103 -1.53198 118 126 203 145 -0.829272 0 3 132 157 0.275691 31 32 206 46 -3.09814 24 18 231 12 -1.24905 13 7 216 121 1.31179 137 139 255 132 -2.31878 49 56 173 80 -2.33865 2 11 85 225 0.463648 114 120 165 159 0.772066 235 236 255 13 1.00407 251 250 255 8 -2.08994 243 245 255 7 -0.141897 242 246 251 0 0 
249 250 255 1 -0.785398 250 250 255 3 -0.321751 253 251 251 5 0.785398 255 254 255 1 -1.5708 255 250 255 4 -1.5708 252 245 255 6 0.896055 250 250 255 9 -1.68145 230 235 255 53 -1.45807 165 167 255 164 -1.23556 0 0 132 57 0.982794 40 31 211 41 2.77442 55 47 224 23 -2.9694 58 57 190 84 -2.30624 4 8 97 282 0.787904 213 219 255 20 0.682317 236 240 255 5 0.785398 249 247 255 4 0 253 249 254 5 0.785398 253 255 255 0 0 251 255 255 0 0 
252 249 255 1 2.35619 253 252 255 0 0 253 255 255 0 0 253 255 252 2 -2.67795 254 255 253 2 3.14159 254 253 255 1 3.14159 252 252 255 2 -2.03444 245 246 255 5 -1.5708 233 232 255 177 -1.52563 47 44 129 160 -0.143658 17 9 134 34 2.02146 48 40 165 43 -2.07566 15 14 100 212 1.13445 215 217 255 19 1.0839 241 242 255 2 0.463648 247 247 255 5 0.785398 255 253 255 0 0 255 254 255 0 0 255 255 255 0 0 253 255 255 0 0 
251 249 255 2 1.5708 253 252 255 1 3.14159 251 255 254 2 -1.5708 249 255 249 1 -1.5708 250 254 248 1 0.785398 251 255 250 2 0 253 253 253 2 -0.463648 250 249 255 4 0.785398 248 247 255 27 -1.93797 215 213 255 198 -1.45958 11 5 94 86 0.292562 34 30 119 82 2.05075 112 113 169 167 0.730601 231 233 255 12 0.96007 250 248 255 4 0.785398 255 254 255 0 0 255 255 255 0 0 255 255 255 0 0 255 255 255 0 0 255 255 255 0 0 
251 253 254 11 3.05093 252 255 253 10 3.04192 251 255 249 11 -2.96174 249 255 247 9 3.14159 251 255 250 8 2.89661 255 255 254 6 3.14159 255 255 254 3 3.14159 253 254 255 10 -1.76819 238 241 255 9 0.708626 237 240 255 136 -1.54139 96 94 164 125 -0.869942 0 0 68 263 1.10715 237 244 255 7 -2.26553 238 245 255 8 0.785398 253 254 255 1 3.14159 255 255 254 3 3.14159 255 255 255 0 0 255 255 255 0 0 255 255 255 0 0 255 255 255 0 0 
240 244 239 0 0 242 246 240 0 0 240 248 237 0 0 240 248 237 0 0 245 246 244 0 0 249 250 248 0 0 254 252 251 0 0 251 253 253 0 0 245 250 255 0 0 241 247 255 0 0 177 178 238 0 0 116 119 180 0 0 232 242 255 0 0 244 253 255 0 0 252 254 254 0 0 254 253 249 0 0 255 255 254 0 0 255 255 255 0 0 255 255 255 0 0 255 255 255 0 0 
