254 243 251 10 0.851966 255 254 255 7 -1.97569 243 250 247 9 2.92292 238 255 243 5 0.643501 232 255 243 91 -2.80595 198 234 210 116 3.02148 212 248 226 145 3.03169 230 255 243 99 3.12139 237 255 249 5 -2.35619 237 255 248 2 2.35619 242 255 252 2 -0.463648 241 255 251 5 -2.49809 235 252 248 96 3.08956 236 255 250 140 -3.07029 221 252 237 93 3.06647 230 255 244 91 -3.06482 233 248 240 12 1.99742 250 255 254 5 -2.11122 246 251 250 5 1.03038 253 255 255 0 0 
255 253 255 7 -2.86329 250 253 251 13 -1.49402 228 244 233 72 2.93339 236 255 244 166 -2.5919 142 179 153 65 -1.99365 77 121 92 24 -0.668289 64 105 78 66 1.95408 127 166 141 102 1.90793 228 255 241 178 -3.13036 231 255 242 71 3.05729 241 255 251 24 -2.84615 232 253 244 121 -2.24554 135 159 147 64 -2.48875 91 122 107 48 2.28386 124 161 141 77 3.02524 135 170 150 83 1.91141 223 246 232 162 3.06152 241 255 246 92 3.13072 246 255 250 7 2.9997 249 255 253 0 0 
236 252 241 7 0.982794 239 255 246 103 -2.17756 147 178 157 75 -2.3095 84 125 97 49 2.54242 105 157 120 54 -2.88334 87 144 105 60 -1.75512 30 85 46 67 0.912371 85 137 100 91 -2.6049 43 87 56 107 1.3734 151 190 164 104 2.59623 209 242 221 181 -2.80414 147 183 161 101 -2.38397 75 114 89 23 -2.11122 50 95 68 12 -0.674741 39 89 57 68 2.12629 98 147 115 55 -1.71524 54 89 63 83 1.43903 142 170 147 105 2.18774 232 254 236 9 0.321751 235 255 241 0 0 
232 255 241 73 -2.2498 171 205 181 123 -2.47063 87 131 100 82 -2.54683 34 88 51 18 1.0122 44 107 63 36 2.27942 71 136 90 7 -1.8491 64 129 83 96 -2.3709 0 61 17 59 1.08476 57 112 73 15 -2.81984 55 106 69 28 -1.67753 31 75 44 37 1.35786 68 112 81 27 -0.298499 56 106 72 23 3.05485 55 109 72 60 -2.04915 0 58 16 102 1.00181 85 143 102 94 -2.74925 58 104 68 11 1.48014 76 112 82 158 1.7546 234 255 241 136 -3.0975 230 255 235 0 0 
177 218 191 108 -1.47847 65 111 82 49 -1.79607 12 66 29 78 0.418224 38 101 59 24 -0.844154 15 86 36 50 1.72945 63 138 84 79 -1.20907 0 64 10 76 0.404892 23 92 41 50 0.197396 38 100 54 27 2.88792 49 105 62 63 -2.8698 34 87 47 66 0.966198 89 142 102 116 -2.632 28 86 45 48 -0.0624188 21 84 40 52 0.582739 47 115 68 70 -2.2143 0 58 12 77 0.730907 55 107 67 48 -0.399515 43 86 49 51 1.90474 94 133 101 114 1.70162 210 247 215 0 0 
181 229 201 167 -2.26324 51 101 69 48 2.3417 80 139 101 72 -2.8023 51 118 73 43 -1.27063 5 79 27 91 1.23516 90 166 112 34 -1.92957 59 134 80 16 2.4859 73 143 90 84 -2.23081 11 73 25 34 -0.909753 0 45 0 130 0.677128 72 126 83 89 -1.89959 0 41 0 95 1.34871 76 135 91 60 -3.02545 65 129 83 57 -1.7274 5 74 24 44 1.48014 52 117 68 49 0.915101 100 153 110 105 -2.26188 25 70 31 51 1.49253 79 119 84 110 1.65243 189 228 196 0 0 
76 121 95 58 -1.2925 17 66 38 41 0.0243854 14 69 36 72 0.902507 67 129 89 28 -2.05032 39 107 60 44 1.75065 81 152 102 61 -2.57611 50 119 68 35 -2.17455 24 89 40 16 0.380506 36 94 46 56 1.24905 92 147 102 57 -2.13488 46 96 54 37 -1.2405 9 61 21 18 0.708626 20 73 33 44 1.52537 60 119 75 44 -1.61622 14 75 31 71 1.74057 86 145 101 60 -1.85591 35 84 46 17 -2.52134 30 72 37 43 1.046 72 108 78 143 1.61273 215 251 221 0 0 
94 136 113 55 -0.593003 61 106 80 13 2.77442 61 113 83 5 -2.9442 56 115 77 31 -2.44685 34 97 55 6 3.14159 33 98 52 33 -0.0302938 33 97 51 25 2.90605 43 103 55 48 0.185348 56 111 66 33 2.99122 64 115 71 12 -2.64225 60 108 66 38 -1.04839 27 74 35 39 0 25 75 35 53 2.30361 62 115 75 61 -2.06363 6 62 21 72 1.12578 73 126 86 70 -2.24554 23 69 33 26 1.49402 54 93 61 17 2.52134 66 101 74 156 1.673 224 255 230 0 0 
142 181 160 95 -1.91241 50 92 69 42 0.314232 59 107 79 50 -2.73147 36 90 55 44 -0.0454233 32 89 50 56 0.760403 69 129 88 79 -2.30267 12 71 26 86 1.15375 93 150 105 86 -2.1588 24 77 33 39 0.749699 53 104 60 33 2.33492 79 127 85 60 -2.92472 68 114 72 78 -1.86836 0 38 0 69 0.744604 36 86 46 26 0.226799 40 92 52 26 -2.76109 32 81 43 24 -0.372988 27 71 35 10 1.19029 40 78 48 24 2.80686 50 85 59 114 1.5708 166 198 173 0 0 
111 149 127 57 -0.316286 92 132 107 73 -1.48879 15 60 33 71 1.3597 82 132 100 65 -3.06482 75 129 92 59 -1.96688 18 76 35 30 1.90286 47 106 61 25 -2.98294 45 103 55 11 2.67795 52 107 60 41 -0.648332 28 82 35 42 -0.28473 20 69 25 25 1.12469 43 92 48 19 -3.08901 42 90 48 33 2.41994 64 111 72 46 -1.28956 19 66 27 39 1.28902 57 104 66 28 -1.49949 31 75 39 25 -0.7299 15 56 25 36 1.02094 50 85 59 105 1.48529 157 189 164 0 0 
168 204 180 88 -0.857274 99 138 112 65 -1.80102 32 76 47 10 -1.19029 18 68 34 57 0.699193 52 107 68 42 -1.78189 8 67 23 28 0.510488 20 82 34 57 0.193959 31 94 44 48 1.71561 81 143 91 53 -2.81984 66 125 74 50 -2.1588 27 82 33 62 -0.112427 20 75 26 44 -0.157769 15 67 20 60 1.45465 77 126 82 58 -2.21088 30 78 36 29 1.60527 59 106 67 19 -2.53931 50 94 58 23 -2.3259 34 75 43 34 0.661043 59 94 67 174 0.939895 200 235 208 0 0 
228 255 238 140 -1.5708 86 123 97 66 -0.742871 38 79 51 30 1.60412 64 111 78 17 -1.10715 45 98 59 15 -2.58994 33 92 48 45 1.54858 74 139 90 53 -1.83379 22 88 37 32 0.124355 28 92 40 11 2.60117 36 98 44 64 0.840288 86 145 94 77 -2.81165 63 119 70 44 -1.70632 20 74 27 26 0.758378 40 91 47 14 -2.0032 29 77 35 17 2.19105 45 90 51 19 -0.602287 35 77 42 27 1.23755 63 102 70 99 1.81335 164 197 170 96 2.3343 234 255 241 0 0 
232 255 240 91 -1.55981 139 171 147 130 -0.817995 40 77 51 73 0.561494 76 118 87 61 -2.49483 33 84 47 31 0.191184 34 92 51 30 1.40565 60 124 78 26 -2.91479 53 120 69 47 -2.20582 16 82 30 67 1.07383 75 141 89 75 -2.02261 11 73 21 63 0.71883 55 114 64 40 -2.65597 39 93 46 12 -2.53087 36 85 41 24 -2.38476 21 66 27 42 1.23412 62 105 68 28 -2.45586 48 85 53 7 -1.8491 43 76 49 121 0.459971 100 128 105 192 0.778045 237 255 240 0 0 
238 255 242 4 -0.785398 233 255 239 122 -1.59538 108 136 116 136 -0.555494 30 67 41 73 0.629803 68 112 83 21 -1.19029 43 95 58 1 -0.785398 36 96 55 17 -0.463648 26 90 44 22 1.75065 48 113 64 9 -2.43297 42 108 57 13 1.20362 59 120 70 42 -1.78189 21 76 29 36 0.192048 31 81 39 15 -1.63736 20 65 26 36 0.426627 36 78 43 5 0.785398 44 81 49 13 0.152649 51 80 55 128 0.946014 159 182 160 109 0.850242 243 255 245 5 -1.5708 239 255 242 0 0 
246 255 249 9 -1.89255 235 252 239 7 -0.404892 229 249 236 129 -1.47804 95 123 104 108 -0.073939 79 117 95 91 -0.30092 47 93 64 57 0.244979 56 110 75 40 -2.37374 24 84 44 32 0.631079 43 104 60 47 3.01462 49 111 65 17 -3.08284 52 108 65 20 2.9927 58 111 68 54 -2.55359 32 79 41 23 0.970746 54 95 63 38 -2.7707 44 79 52 13 1.49402 62 91 66 67 1.26791 132 151 134 147 0.751918 238 251 237 14 0.785398 250 255 249 6 -2.46685 247 254 247 0 0 
247 255 248 1 2.35619 246 255 249 2 1.10715 244 255 251 33 -1.63133 208 228 216 41 -0.785398 172 201 185 59 -1.80765 108 146 124 79 -2.04006 32 77 50 34 0.909753 56 106 74 56 -1.87579 0 54 17 58 0.664046 38 91 52 9 -0.418224 35 86 48 32 -2.39965 15 63 27 49 0.599175 48 89 58 30 -1.43824 22 57 30 37 0.670522 50 77 57 44 0.80127 86 108 90 214 0.788698 245 255 245 3 1.5708 251 255 251 5 -2.11122 248 252 247 2 0.785398 252 253 251 0 0 
247 254 247 3 0.982794 249 255 250 1 -0.785398 246 255 250 4 -2.67795 242 254 248 72 -1.59857 167 184 175 110 -0.811034 83 105 93 137 -0.101836 64 93 77 168 -0.0653829 47 85 63 29 0.310998 55 96 68 22 -0.0454233 52 96 65 37 -1.5708 17 59 28 92 0.482969 61 101 73 13 -2.40878 58 90 66 17 -2.85554 56 83 63 105 0.24036 87 105 92 185 0.961839 242 255 245 1 2.35619 248 255 248 2 0 250 254 249 2 0 252 253 251 2 0 252 253 251 0 0 
251 255 249 2 0.785398 251 255 252 6 -1.89255 245 250 248 4 0 244 251 248 6 1.24905 248 255 252 19 -1.77829 225 240 232 18 1.2315 237 255 247 151 -1.55755 83 110 94 94 0.0319041 82 116 92 55 -0.423669 57 94 68 54 0.967566 102 139 113 97 -2.61352 55 90 64 18 -1.0122 44 71 51 169 0.73544 162 183 168 61 0.492836 196 210 199 64 0.77441 246 252 247 4 1.32582 252 255 253 0 0 254 255 253 0 0 254 255 253 0 0 254 255 253 0 0 
255 255 252 5 -2.76109 251 255 250 3 3.14159 251 254 252 2 -1.5708 249 252 250 4 3.14159 247 252 250 9 -1.78947 235 245 239 18 0.785398 243 255 249 61 -1.86691 178 204 188 71 -0.595785 135 166 145 102 -0.433089 90 125 99 131 -0.562638 20 55 29 153 0.297064 67 99 75 186 0.564268 172 197 177 79 0.55994 219 236 222 25 0.950547 246 254 247 1 3.14159 249 253 248 5 0.643501 254 255 253 2 3.14159 254 255 253 2 3.14159 254 255 253 2 3.14159 254 255 253 0 0 
250 251 247 0 0 250 251 247 0 0 253 254 252 0 0 245 248 246 0 0 247 250 248 0 0 248 255 252 0 0 226 242 231 0 0 239 255 247 0 0 228 255 238 0 0 201 235 211 0 0 169 201 176 0 0 227 255 233 0 0 241 255 244 0 0 234 251 237 0 0 246 253 246 0 0 253 255 252 0 0 252 253 251 0 0 252 253 251 0 0 252 253 251 0 0 252 253 251 0 0 
