214 200 218 14 -2.79857 206 196 213 18 -1.2315 185 180 195 24 0.96007 198 202 213 18 -2.20355 176 189 197 20 -0.682317 158 179 181 50 -2.45447 126 147 149 21 1.19029 146 167 168 32 0.44976 161 182 180 4 -2.89661 164 180 179 17 -1.03038 154 163 166 18 -1.29985 138 145 148 18 -0.588003 131 133 141 107 -1.53343 24 26 34 31 0.807617 47 47 59 126 1.33925 167 173 180 49 3.14159 160 177 173 26 -2.71183 145 169 159 9 -1.0122 137 161 149 25 0.07983 139 163 151 0 0 
198 191 194 15 1.63736 212 206 211 10 -0.982794 197 197 203 7 -0.785398 185 193 200 12 1.5708 190 206 212 73 -1.9614 117 139 144 23 2.44685 132 154 159 45 1.11695 173 196 198 19 -1.62338 156 177 179 28 0.432408 171 189 190 24 -0.902507 157 169 169 20 -0.398522 151 162 160 33 -0.679414 132 140 140 97 -2.00249 43 51 51 50 2.5099 75 80 81 55 0.952652 116 126 126 49 0.526627 136 153 150 20 1.10715 150 172 167 13 1.04272 162 185 177 3 2.1588 165 188 180 0 0 
196 200 175 23 1.18248 214 221 200 12 -2.18152 199 209 196 12 -2.18152 182 197 193 17 -1.21203 159 180 182 80 -2.33865 95 121 128 58 1.13005 148 173 183 34 0.62025 168 193 203 17 2.65164 178 202 208 7 2.9997 181 205 205 21 -2.38844 171 191 186 3 -0.321751 174 191 180 88 -1.68395 86 104 91 95 -1.93571 0 16 0 104 1.37901 101 119 102 67 0.986926 156 174 161 16 -0.571337 143 162 159 32 0.519146 157 176 179 13 0.226799 160 180 181 8 -0.785398 154 175 173 0 0 
201 214 176 6 1.24905 203 218 187 14 -2.35619 188 203 189 3 1.5708 184 202 203 80 -1.83379 99 119 137 30 2.28654 117 138 169 56 1.55294 171 193 229 25 -1.98092 148 170 206 16 1.63322 166 187 218 91 -3.05391 159 183 203 35 3.0278 169 189 200 17 -0.950547 157 178 179 122 -1.98321 46 68 63 60 -2.52134 11 35 23 129 1.19029 131 156 142 48 0.755995 164 187 179 7 0.694738 169 188 193 9 3.03094 170 186 198 12 -2.81984 166 183 192 5 -2.2143 162 180 187 0 0 
198 215 181 6 -1.10715 188 206 183 6 0 183 199 198 18 -1.5708 158 173 199 90 -2.12823 74 88 140 44 1.41303 112 127 196 70 2.44685 156 168 250 69 -2.93855 140 154 236 78 -1.8966 68 83 156 69 2.3766 119 134 196 78 2.46486 172 188 235 86 -2.13308 100 119 152 114 -1.78189 0 11 33 67 1.16008 52 75 91 117 1.14136 157 183 195 17 2.9105 163 186 201 14 -2.40378 159 173 195 3 -0.588003 158 170 194 7 0.694738 163 177 196 14 2.70918 169 183 201 0 0 
197 215 192 3 -1.5708 191 208 199 10 -0.643501 179 193 212 73 -2.02225 106 117 167 38 -2.53931 77 84 169 20 -2.18546 55 61 168 46 2.40232 82 87 209 56 2.59811 109 116 239 111 -2.04649 12 19 134 49 0.842479 53 61 162 74 2.10661 119 130 214 91 -2.55056 69 84 153 61 -1.45654 10 26 85 130 0.69866 94 113 164 71 0.61534 135 155 203 62 2.98168 149 165 211 90 3.09718 160 171 209 15 3.07502 164 173 206 24 -0.610726 150 160 190 21 -1.08632 131 142 170 0 0 
194 209 205 8 2.52134 195 210 219 46 -1.65753 144 153 196 79 -2.16922 71 77 154 2 -2.35619 60 63 178 45 -2.12245 15 16 158 26 0.704494 29 28 184 27 1.2723 55 53 213 37 -2.7261 42 40 193 36 -1.2315 9 10 150 46 0.60005 37 42 165 36 1.08246 71 78 189 32 1.60204 105 112 215 42 1.73594 147 156 254 84 -1.94474 68 77 174 47 -2.75327 55 63 146 83 1.88874 145 149 207 95 2.75327 186 190 231 35 -2.39617 162 168 205 50 -1.47113 112 118 153 0 0 
185 200 202 10 0.851966 189 203 221 89 -1.81848 95 106 156 26 -2.11759 65 72 157 28 -2.1588 34 36 160 13 2.77442 34 33 183 14 0.343024 35 33 199 25 -2.46685 17 15 188 34 1.99499 50 48 214 45 -2.96565 44 43 199 7 2.35619 51 52 196 16 1.05165 66 69 203 31 2.17634 94 96 226 62 2.85014 112 115 243 121 -2.28654 20 23 151 10 0 26 29 138 17 1.45369 55 58 126 100 1.80132 160 163 208 33 2.93257 167 171 212 56 -1.87579 113 118 157 0 0 
190 208 207 26 -2.22187 166 183 196 82 -1.87728 79 95 137 25 -1.29779 47 60 134 90 -0.234255 19 29 137 32 1.60204 46 53 186 41 -2.35619 13 18 170 10 -1.3734 3 6 164 3 0 5 7 162 32 1.72579 39 40 192 26 2.38321 59 60 204 30 -2.7367 47 50 188 29 -2.57228 32 34 172 18 -3.03094 30 32 170 16 -3.01724 28 29 171 19 -2.72337 28 27 147 19 -2.72337 32 34 105 90 1.81578 127 130 175 23 1.78486 150 154 195 60 -1.98225 95 100 139 0 0 
176 193 190 30 -1.40565 142 159 168 67 -2.37702 88 105 138 67 0.986926 137 153 212 112 -1.34732 20 34 123 10 2.76109 19 31 143 12 2.97644 17 27 158 19 -2.65469 6 16 154 8 -2.03444 0 6 149 18 1.68145 20 24 166 19 2.65469 31 34 172 27 -2.80835 23 26 161 21 -2.71874 16 16 154 11 3.14159 16 15 155 10 -2.76109 12 9 154 12 -2.46685 11 9 129 15 -2.2143 12 12 82 105 1.46642 122 126 167 9 0.418224 126 132 169 39 -2.5883 105 111 146 0 0 
183 198 194 98 -2.11645 95 111 117 41 1.91544 127 145 168 60 0.820678 164 183 226 146 -1.6943 12 31 99 29 0.0688565 8 26 115 9 -2.81984 2 18 124 4 2.03444 6 19 135 14 -2.70918 2 10 134 4 2.35619 6 12 139 9 3.14159 8 11 139 10 -2.85014 7 8 136 5 3.14159 9 8 136 3 2.81984 12 7 138 6 -2.46685 6 3 136 8 -2.08994 4 4 112 8 1.44644 25 26 87 113 1.1347 133 137 172 42 -1.18148 94 99 130 33 2.35619 118 124 153 0 0 
133 145 145 94 -2.62113 83 97 103 106 1.09027 172 188 205 15 -1.24905 149 168 201 99 -1.41891 43 65 117 71 -0.526066 1 23 94 4 2.03444 3 22 109 9 -0.86217 0 10 112 10 2.76109 2 10 123 6 -2.67795 1 5 123 4 -2.89661 4 3 123 2 2.35619 7 5 125 2 2.35619 11 8 124 6 -2.97644 10 7 122 11 -2.87534 7 5 118 10 -2.9442 9 10 100 55 1.69739 73 79 126 73 1.33578 149 156 181 81 -1.79482 70 78 101 60 1.62075 130 139 159 0 0 
53 61 68 89 1.20682 134 145 153 67 0.827041 178 193 209 13 -2.77442 166 185 212 51 -1.5904 110 129 172 101 -1.38303 5 25 83 53 0.226799 15 31 108 29 -2.26124 0 2 96 8 1.69515 2 5 113 3 -2.81984 2 2 116 1 1.5708 7 2 117 2 0.785398 12 5 116 2 -2.35619 12 5 109 7 -2.26553 6 3 95 4 -2.67795 4 5 86 4 2.89661 7 12 73 79 1.62139 91 101 131 50 2.34211 131 142 156 81 -2.24363 67 79 91 78 1.30121 143 155 165 0 0 
89 92 100 129 0.856317 183 191 198 13 -0.732815 169 181 193 8 0.950547 169 186 205 36 -2.14376 132 152 183 67 -1.52605 60 80 127 90 -0.707432 0 15 82 23 -0.214061 0 4 88 8 0.785398 2 4 104 4 2.67795 8 4 110 4 2.35619 14 6 113 5 -2.76109 14 6 106 7 -2.35619 13 7 89 5 -1.19029 8 7 73 10 -0.197396 4 11 60 12 0.0831412 7 18 50 48 1.42598 58 71 85 32 2.46685 80 94 100 32 2.88904 88 103 106 81 0.88076 151 166 168 0 0 
175 179 180 28 0.934288 195 203 203 14 -1.6421 176 189 191 22 -0.909753 151 170 177 11 -0.785398 137 159 177 30 -0.033321 133 153 188 107 -1.33705 26 41 97 79 -0.281772 4 13 87 8 -0.519146 2 3 93 7 2.7367 8 4 100 8 3.01724 13 5 100 11 -2.96174 13 7 89 8 2.89661 18 16 75 3 1.5708 21 27 62 11 0 21 34 48 13 -0.298499 17 35 36 18 1.0122 35 51 50 17 0.904827 49 66 63 91 1.50496 140 157 153 54 0.31597 157 174 170 0 0 
192 197 195 5 1.03038 194 203 200 15 3.07502 191 204 202 24 -1.48766 162 180 181 19 0.822418 171 192 200 7 -0.876058 163 181 204 54 -1.62629 107 122 161 92 -1.41815 16 26 80 22 -0.909753 0 3 71 2 2.35619 4 3 75 15 -3.00904 4 2 72 5 0.197396 6 7 65 13 0.837981 18 24 61 14 1.71269 32 45 61 18 3.03094 34 53 50 17 -2.72918 27 49 37 35 0.501604 46 64 57 9 1.46014 55 72 68 143 1.28001 192 210 203 44 -2.54738 167 185 178 0 0 
190 202 196 13 -1.8693 177 188 185 18 1.62629 193 206 204 14 -2.0032 179 192 194 7 2.26553 183 197 203 15 -1.97569 167 181 193 37 -1.59782 128 142 161 91 -1.68025 37 48 75 38 -2.0577 3 13 43 23 -2.65908 0 1 34 24 0.813962 10 20 50 38 0.130827 15 27 51 29 -0.0344691 14 29 45 26 -0.0767719 12 30 37 33 0.120624 16 37 35 44 1.10715 56 78 73 14 -2.06474 45 64 61 52 1.95832 94 113 110 59 1.60468 153 172 169 19 1.5708 172 191 188 0 0 
184 198 192 12 -2.18152 174 188 184 13 1.7976 187 200 198 14 -2.1588 175 187 189 8 2.52134 179 191 195 13 -2.40878 170 181 189 46 -1.54906 122 134 144 99 -1.67146 23 35 47 42 -2.08703 0 0 10 27 1.38769 11 25 37 62 0.672247 48 65 74 66 -0.060532 44 62 69 48 -0.0831412 39 59 64 41 0.121352 44 65 66 50 -0.178093 35 56 57 39 0.337878 48 70 68 26 -1.344 25 43 42 67 1.42264 92 110 109 65 1.19596 153 171 170 19 1.31347 172 190 189 0 0 
177 191 185 10 -2.55359 171 185 181 8 1.69515 179 192 190 12 -1.99742 168 180 182 4 2.67795 169 181 185 7 2.86329 171 182 190 57 -1.51821 112 124 134 110 -1.60714 2 14 24 15 -2.35619 0 3 15 73 1.32251 60 74 86 70 0.927295 114 131 140 48 -0.472907 92 110 117 30 -0.374334 80 100 105 27 0.528074 94 115 116 37 -0.632749 72 93 94 34 -0.555494 54 76 74 26 -0.972377 35 53 52 84 1.29413 116 134 133 51 0.950547 158 176 175 5 0.54042 161 179 178 0 0 
168 182 176 0 0 170 184 180 0 0 174 187 185 0 0 164 176 178 0 0 162 174 178 0 0 174 186 192 0 0 108 120 130 0 0 0 3 13 0 0 7 21 33 0 0 102 117 126 0 0 157 174 183 0 0 120 139 144 0 0 104 124 129 0 0 124 145 146 0 0 101 122 123 0 0 69 91 89 0 0 58 76 75 0 0 146 164 163 0 0 163 181 180 0 0 147 165 164 0 0 
