255 247 249 4 0.785398 255 251 250 7 2.9997 255 253 251 18 3.08609 255 255 251 50 3.14159 255 255 249 60 -1.85591 202 199 191 63 0.851966 249 247 239 10 1.3734 255 255 249 27 -3.10457 255 255 250 9 3.03094 255 255 251 2 -1.5708 255 254 249 9 2.92292 255 255 249 4 -2.35619 254 255 246 120 3.13326 251 255 245 46 3.09814 253 255 247 7 -1.71269 244 253 240 6 2.67795 247 255 244 12 2.89661 250 255 248 6 3.14159 252 255 250 1 0 252 255 250 0 0 
255 252 250 7 -1.8491 255 245 243 11 -1.10715 248 236 232 32 -1.85335 217 205 199 51 2.45179 249 240 231 6 0.165149 250 241 232 8 1.44644 255 249 240 84 -2.9139 237 230 221 38 2.68944 252 246 239 12 0.896055 255 255 249 11 -1.91957 248 246 238 13 0.628796 254 255 246 129 -1.9513 130 136 125 101 0.827041 203 212 199 47 1.42295 250 255 244 69 -2.96692 237 248 232 7 -0.404892 234 244 232 9 1.98902 243 252 242 36 2.94954 251 255 249 35 -2.9442 244 252 242 0 0 
251 254 245 1 3.14159 255 253 245 27 -2.06722 236 229 220 135 -2.6647 179 167 157 82 1.8424 255 245 234 46 -3.05485 255 241 230 94 -2.22067 188 165 157 65 2.69849 214 193 185 62 1.84689 255 253 246 85 -3.11807 255 253 244 25 2.98294 255 255 248 51 -1.66852 202 209 196 71 -3.09936 196 207 191 13 1.344 207 221 203 32 -1.05165 179 193 175 87 2.33181 242 255 238 161 -3.05485 228 241 227 64 -2.77554 205 217 205 9 1.0122 215 225 213 37 1.90109 250 255 248 0 0 
250 254 242 12 -1.5708 242 242 230 156 -2.14637 118 110 97 36 1.73594 162 145 132 65 2.13753 225 199 187 50 -2.83871 215 183 170 99 -2.25653 138 106 95 76 1.14202 204 176 165 9 -1.0122 191 169 158 61 1.90286 240 228 216 26 2.00056 255 254 240 138 -2.13476 135 138 123 75 1.21977 200 210 193 35 2.31622 225 237 217 142 -2.32138 121 133 113 39 -1.82812 83 95 75 129 0.736257 166 182 165 58 2.33181 208 222 210 12 -0.844154 201 213 201 38 1.64958 239 251 239 0 0 
255 254 239 111 -2.08661 165 156 142 118 -2.68552 120 104 88 53 0.131315 135 110 94 86 0.504861 184 151 136 46 -2.43297 157 121 105 19 1.15257 175 138 124 47 2.0251 215 182 167 34 -1.83705 176 149 135 69 1.30834 234 218 202 73 -2.5801 188 179 165 19 -1.0839 166 164 146 21 1.52321 185 185 167 49 -1.26187 137 139 119 35 -0.501604 120 123 101 86 0.908736 184 191 170 73 -0.72777 128 142 124 98 1.98902 214 231 217 48 -2.71497 196 211 197 23 0.54042 208 223 209 0 0 
214 198 182 148 -1.52353 68 49 34 142 0.849985 182 156 140 36 0.982794 218 185 169 88 -2.24377 154 116 98 50 2.88226 171 128 111 24 -0.463648 160 117 100 62 2.05602 211 172 157 15 -2.7367 201 167 151 25 -0.533708 181 155 139 45 0.770015 208 187 172 41 -2.49326 178 164 146 61 0.601455 209 199 181 43 -2.3398 176 169 149 13 0.367174 180 176 152 96 2.32679 244 246 224 178 -2.20535 90 102 84 123 0.773904 172 188 171 49 2.05246 216 232 215 54 2.62016 243 255 242 0 0 
236 202 189 68 -1.10061 175 141 128 45 2.32495 211 174 160 50 -2.02552 168 129 114 84 -2.30624 109 66 49 91 1.9857 194 151 132 65 -1.91178 134 88 70 73 1.27934 202 158 141 30 1.47113 232 187 173 9 -2.92292 227 186 171 57 -2.50508 187 152 138 66 2.0412 241 212 197 46 -1.72181 192 167 151 21 0.588003 198 181 162 74 -1.50333 121 108 86 42 2.35619 142 139 118 50 1.61077 181 190 170 25 -1.29779 151 165 147 48 0.426627 171 185 167 75 1.2616 243 255 239 0 0 
255 232 222 124 -1.4017 147 109 97 42 1.40565 189 152 138 89 -2.03444 111 72 57 47 -1.13544 72 29 12 103 1.28584 174 128 110 24 -2.23909 157 109 91 57 1.12265 211 160 144 23 2.26553 230 177 164 41 -1.89255 190 138 125 63 -2.85465 166 121 108 83 1.41357 243 204 190 21 -1.38257 215 184 169 2 -0.463648 207 185 167 126 -2.10172 91 77 58 72 0.932835 142 137 116 66 1.10039 192 196 177 13 2.03444 198 208 191 37 -3.11457 197 207 190 48 1.63322 245 255 238 0 0 
255 254 244 137 -1.62185 145 117 106 17 -2.85554 144 112 99 28 -0.785398 127 92 78 36 -1.2315 99 59 41 59 1.19029 159 113 96 35 0.643501 185 133 117 12 1.81578 201 144 129 32 2.4859 223 163 151 97 -2.04814 134 75 65 82 2.39066 185 132 122 93 0.899405 249 207 194 68 -2.8015 215 186 171 68 -1.77679 139 122 103 6 -0.321751 130 121 101 68 0.713358 170 166 147 26 2.11759 188 190 171 51 -2.76468 167 170 154 33 1.48014 200 203 188 58 1.10715 252 255 240 0 0 
255 248 239 147 -1.51643 118 102 90 65 0.511556 155 133 121 36 -0.883125 134 105 91 31 -2.28963 117 81 65 88 0.761403 184 141 126 13 -2.30361 179 130 116 13 -2.19959 171 118 105 20 3.09163 172 118 107 109 -1.94452 69 17 5 186 1.20825 236 191 180 93 -2.57732 178 143 130 43 2.43798 199 172 158 71 -2.42539 145 127 110 44 1.72857 184 172 154 63 -2.80492 158 152 133 50 -0.220829 143 140 125 32 1.69515 173 172 158 70 2.2143 229 228 214 24 1.32582 253 252 238 0 0 
255 255 248 98 -1.65225 164 159 150 40 -3.09163 169 157 145 79 -2.01198 104 85 72 167 0.372746 174 145 131 40 -0.298499 167 132 118 61 -2.99511 160 123 109 29 -0.90675 139 100 86 19 -1.62338 116 81 67 6 2.46685 117 85 72 47 0.664774 142 114 103 46 -0.0867383 135 111 99 34 0.203045 138 119 106 60 0 138 119 104 12 -0.844154 127 111 95 88 1.54807 212 199 183 70 -2.00913 143 135 122 50 -3.02216 133 129 118 109 1.24616 237 233 222 32 0.872136 255 255 247 0 0 
245 249 243 130 -1.5631 119 120 111 130 0.0307595 130 124 113 167 0.781179 255 241 229 92 -2.49378 204 185 172 112 -1.5351 96 73 58 95 0.822418 168 143 127 49 -0.999459 124 101 85 50 -0.472497 99 78 63 55 0.977794 141 125 109 82 0.479951 178 162 149 16 -1.44644 162 146 133 39 1.00407 196 179 166 52 -1.62842 148 127 112 21 -0.753151 137 111 97 73 2.26904 189 167 155 137 -2.48501 96 84 74 84 1.21898 170 163 154 116 0.882651 255 253 244 4 1.10715 255 255 248 0 0 
246 250 245 3 -0.321751 247 249 243 10 -0.71883 245 243 233 75 -1.45137 174 168 157 25 1.07145 201 190 176 64 -2.22364 150 140 123 35 1.13246 182 172 154 43 -0.588003 156 149 130 44 -0.976583 118 111 94 95 1.97843 204 200 182 113 -2.84761 173 166 151 84 3.10589 179 168 154 24 2.7686 195 176 161 48 -0.741947 169 142 128 79 -1.38081 97 63 50 31 -0.191184 87 57 46 54 1.47847 127 112 103 181 0.754158 242 236 229 26 0.758378 255 254 247 5 -1.5708 253 250 242 0 0 
251 252 248 5 0.785398 255 255 251 6 -1.5708 253 251 243 72 -1.5153 182 180 169 64 -0.463648 155 152 138 7 0.404892 160 156 138 65 2.20518 213 209 191 86 -2.72454 178 174 155 118 -2.14011 78 74 56 42 2.73053 97 90 73 13 -2.5128 90 81 67 94 0.747822 160 145 129 71 1.87033 235 212 197 97 -2.55359 188 157 142 68 -1.99499 131 94 80 32 -1.38545 94 62 49 186 1.32192 255 244 236 16 0.741947 255 255 250 11 -3.05093 255 254 249 2 0.785398 255 255 251 0 0 
255 255 254 9 3.14159 255 255 252 2 -2.03444 255 255 249 18 -1.5708 237 238 228 81 -1.38545 159 159 145 57 -0.847048 117 117 99 24 0.554308 134 130 112 36 -0.572966 117 110 91 94 -2.22906 46 34 16 56 0.923749 94 78 61 72 1.58468 172 149 134 42 -2.48875 149 122 108 17 2.67795 161 129 116 29 -3.10712 162 129 114 29 -1.91382 135 100 86 45 0.17594 136 109 95 172 1.02142 255 255 248 12 -1.89255 245 244 240 16 0.785398 255 255 252 7 -1.97569 250 249 245 0 0 
248 246 245 11 0.785398 255 254 253 1 -1.5708 253 255 249 5 -2.60117 250 253 244 57 -1.4833 195 197 185 81 -0.828849 137 138 122 97 0.237535 163 161 143 111 -1.77875 59 52 33 73 0.235012 82 68 50 33 0.302885 95 77 60 49 0.915101 138 115 99 13 -2.5128 132 106 92 5 -1.03038 128 101 87 54 2.8023 146 119 105 124 0.217801 172 146 132 116 0.47131 219 199 188 77 0.749051 255 252 247 5 0.927295 255 255 252 3 -1.89255 252 253 251 2 0.785398 254 255 251 0 0 
255 254 254 1 3.14159 255 254 253 6 -1.40565 248 249 245 8 0.950547 255 255 251 7 -1.8491 250 251 241 20 -1.42191 232 232 218 97 -1.35324 138 138 122 26 -0.598419 127 123 104 55 -0.407256 107 102 81 42 0.188221 116 109 89 16 -0.124355 118 106 88 12 2.64225 124 111 95 74 -2.23301 63 52 38 217 1.07623 252 242 232 17 0.54042 255 250 243 8 0.785398 255 255 251 5 -2.9442 255 254 253 0 0 254 255 253 0 0 254 254 254 0 0 254 255 253 0 0 
255 253 253 3 2.55359 255 255 255 2 -1.5708 253 254 252 1 3.14159 253 255 249 2 -1.5708 253 254 245 2 -0.785398 251 253 241 94 -1.58143 160 160 144 89 0.157769 174 175 155 51 -2.4942 147 144 123 26 -2.38321 129 126 105 50 -0.61562 102 96 77 108 -0.269473 71 67 49 153 0.627837 159 156 142 143 0.800175 255 255 248 7 3.14159 255 255 252 7 -2.35619 252 250 249 5 0.785398 254 254 254 1 0 254 254 254 1 0 254 254 254 1 0 254 254 254 0 0 
252 249 251 7 0.785398 255 255 255 7 -2.7367 252 253 251 2 0.463648 253 254 250 1 3.14159 255 255 249 5 -1.9513 250 251 241 7 -0.785398 248 248 232 115 -1.55341 133 134 114 127 -0.0707479 128 125 104 135 0.314758 170 167 146 98 0.363527 205 201 182 55 -0.179853 195 191 173 91 0.800782 255 255 244 4 -1.10715 252 250 242 5 0.380506 254 251 247 6 0.674741 255 254 253 1 0.785398 255 255 255 0 0 255 255 255 0 0 255 255 255 0 0 255 255 255 0 0 
255 254 255 0 0 250 248 248 0 0 254 254 254 0 0 252 253 249 0 0 253 253 247 0 0 255 255 246 0 0 250 250 234 0 0 255 255 241 0 0 255 253 234 0 0 255 255 238 0 0 255 255 237 0 0 255 255 237 0 0 255 255 246 0 0 255 255 247 0 0 255 255 252 0 0 255 255 254 0 0 255 255 255 0 0 255 255 255 0 0 255 255 255 0 0 255 255 255 0 0 
