116 64 11 4 3.14159 107 62 19 17 -2.67795 81 48 28 76 -0.078784 56 41 32 202 0.138413 64 72 62 169 -0.047302 56 64 54 191 -0.0523083 68 49 44 75 0.0399787 92 53 38 41 0.121352 118 63 24 8 2.35619 135 72 22 12 -1.73594 125 58 13 21 0.753151 129 74 29 36 -2.75099 96 61 21 71 -0.153708 76 52 10 90 0.255645 100 76 30 167 -0.0418916 95 69 22 179 -0.128501 74 46 0 185 0.070155 94 58 10 26 0.262995 113 65 13 11 -3.05093 120 63 11 0 0 
100 57 18 13 -1.10715 79 42 14 100 0.982794 143 122 114 169 0.777065 245 240 241 19 -2.9341 223 239 238 19 2.35619 239 251 255 127 -1.71269 136 120 131 31 -1.66727 126 89 93 135 -0.314758 103 50 37 43 0.233743 124 62 38 7 0.876058 132 68 44 40 -2.11122 90 34 9 148 0.661043 163 129 100 94 0.0637433 164 138 102 103 1.74547 255 244 194 25 2.98294 255 250 194 32 -2.62245 255 234 177 146 -1.67318 122 87 31 144 -0.20964 104 55 0 12 0.426627 115 60 3 0 0 
79 57 46 43 2.09559 108 93 91 187 0.917701 238 238 254 34 -2.48055 201 218 239 6 2.97644 188 221 240 10 1.76819 203 228 254 112 -1.73156 117 108 151 101 1.64984 241 205 252 131 -1.76968 128 78 112 114 -0.238609 111 52 80 40 -2.62245 95 33 57 110 1.20884 194 140 153 82 0.966017 252 214 212 109 -1.82021 144 117 91 95 1.45552 250 220 165 1 1.5708 254 227 153 27 -3.03094 253 224 149 19 2.60987 255 233 160 161 -1.71357 115 70 2 93 0 119 69 3 0 0 
30 30 44 177 1.36127 194 203 223 14 0.588003 181 209 243 17 3.14159 166 209 248 11 2.67795 161 218 250 10 -2.49809 167 206 250 101 -1.5906 98 91 164 83 1.45089 204 168 252 24 2.80686 226 175 255 174 -1.71997 64 3 77 118 0.471166 121 58 127 135 0.958259 231 176 225 20 -2.85014 221 180 201 70 -1.81578 157 125 106 86 1.82695 255 224 155 39 -2.4275 238 205 112 13 2.61352 246 212 118 24 2.97644 254 214 125 47 -1.93949 212 166 88 106 -1.31443 111 62 0 0 0 
41 64 96 149 1.54396 177 213 249 25 -2.1588 132 191 240 8 2.19105 124 200 249 7 1.97569 128 210 252 4 3.14159 147 202 255 89 -1.64929 97 95 191 52 1.86225 174 135 251 19 2.88427 193 137 255 50 -2.18642 161 96 212 37 0.766532 189 124 233 14 2.06474 204 145 229 15 -2.9442 201 156 199 74 -1.74703 138 101 87 78 1.32582 234 198 114 17 -2.65164 238 201 81 13 -2.77442 238 194 77 17 2.47562 249 201 95 42 3.14159 248 196 106 143 -1.74628 105 52 0 0 0 
29 66 110 131 1.63179 144 197 247 15 -2.2143 102 185 247 10 2.07789 97 194 255 22 2.87534 104 204 255 9 -2.81984 126 191 255 97 -1.69388 79 72 193 46 1.63592 155 106 252 11 -2.67795 164 96 251 18 2.1588 186 110 255 35 -2.91688 176 105 251 27 2.95848 185 120 236 34 -3.11219 189 134 203 67 -2.48317 164 114 114 46 2.03444 231 183 95 14 -2.70918 239 190 58 33 -2.96174 240 182 52 35 -2.63999 223 161 43 36 2.65326 232 172 76 104 -2.1588 141 81 0 0 0 
16 57 106 130 1.68567 128 186 245 48 -2.97644 81 177 253 36 -2.92292 57 169 251 24 2.23909 80 190 255 41 -2.99628 105 173 255 92 -1.8685 76 61 206 42 2.0032 152 85 255 65 -3.06482 161 74 255 55 -2.96174 157 63 251 39 3.14159 153 66 246 47 -3.09907 153 74 225 36 -2.56863 142 70 170 20 -2.67795 152 84 107 50 1.41214 231 166 85 28 -2.0032 224 156 21 5 -2.2143 227 150 17 19 -1.94169 207 128 7 9 -1.78947 186 112 16 40 -1.24117 143 71 0 0 0 
9 43 86 97 1.65308 83 139 194 12 2.81984 41 140 220 13 1.20362 33 153 243 9 -2.35619 30 146 235 8 1.32582 71 141 255 79 -1.65917 56 36 202 8 -1.21203 89 13 209 7 0.785398 110 12 220 7 0.876058 121 16 227 8 -1.69515 108 10 216 16 1.05165 124 34 211 12 -2.53087 127 43 169 18 1.91009 167 85 128 31 1.31019 231 149 78 18 -1.91009 233 149 19 10 -2.2143 232 141 10 13 -1.64757 214 124 5 12 0.499347 208 123 31 64 -2.1588 147 66 0 0 0 
25 40 59 94 1.37961 89 131 166 82 2.88488 57 147 218 8 0.124355 30 145 236 3 2.55359 30 144 244 7 -2.9997 61 129 255 69 -1.54182 57 33 217 14 -2.70918 92 11 227 12 0.426627 117 11 234 3 0 122 10 236 1 0.785398 116 13 235 5 -2.2143 115 17 213 5 -0.54042 125 29 177 32 1.22982 182 85 147 21 2.28963 236 136 81 21 -2.22364 240 137 20 5 -2.49809 237 135 16 13 -3.06482 230 132 22 41 -1.61954 175 84 0 17 -2.23677 154 67 0 0 0 
67 64 56 11 -2.67795 34 56 68 109 1.60748 84 159 211 58 -2.97086 41 143 225 33 -0.060532 30 137 235 8 1.5708 65 128 255 84 -1.6065 43 17 211 18 1.46014 100 19 246 5 -2.60117 116 11 246 8 -2.89661 119 8 244 3 -0.982794 113 5 241 6 0.674741 122 18 227 6 2.67795 138 36 195 8 2.35619 172 67 142 25 2.41169 230 118 75 10 -0.851966 239 129 23 17 -2.39617 224 119 10 37 0.270947 225 127 27 69 -2.33579 163 71 0 3 -2.81984 156 68 0 0 0 
86 60 23 6 0.165149 58 58 40 55 1.39094 57 107 130 106 2.27636 100 180 239 38 -1.97569 48 138 227 14 0.343024 70 124 255 79 -1.69671 43 17 217 14 0.832981 87 12 247 9 -2.43297 99 2 242 10 0.851966 116 8 251 2 3.14159 116 9 250 7 -1.97569 114 10 225 5 0.54042 133 28 193 7 -1.2925 153 45 127 43 1.36447 237 122 89 40 -2.37374 223 112 20 43 1.01463 249 152 55 91 -2.2012 166 76 0 6 -2.24554 154 67 0 9 0.558599 154 70 4 0 0 
113 69 15 5 1.5708 93 72 34 24 -1.81578 20 42 40 137 1.39486 117 169 206 137 -3.09783 88 153 228 19 -1.51821 78 114 244 59 -1.51999 58 27 226 6 -1.73594 79 4 242 8 1.21203 103 8 253 3 -0.321751 110 4 254 8 -3.01724 113 3 251 1 2.35619 121 13 233 2 0 135 28 198 1 0 160 53 140 13 2.77442 202 89 69 28 0.982794 237 131 54 52 -2.27529 185 95 11 38 -2.46685 152 71 0 7 1.2925 155 75 4 8 -1.32582 145 65 0 0 0 
129 69 10 5 -2.9442 108 66 19 10 0.643501 79 68 48 26 -1.76078 21 34 48 133 1.41303 126 155 212 119 -2.99851 109 118 235 64 -1.38257 70 26 219 5 -0.380506 85 7 244 8 1.81578 104 9 255 13 -2.03444 102 0 250 6 1.10715 116 0 254 8 0.519146 127 12 239 6 -2.97644 136 28 200 15 -1.97569 144 37 133 34 1.51204 208 101 97 26 -1.72345 189 93 33 57 -2.46685 139 63 0 21 0.380506 141 73 0 7 1.97569 150 77 9 15 -2.03444 136 62 0 0 0 
133 64 1 13 1.04272 132 75 20 13 -2.57486 102 67 24 7 0 77 60 47 12 -0.610726 44 41 73 113 1.48253 150 134 228 114 -2.48055 90 35 212 9 -1.15257 90 8 235 5 0.785398 103 5 249 6 -0.463648 109 0 250 12 0.896055 128 8 255 9 -1.78947 128 7 229 3 -0.321751 132 23 191 7 -0.982794 140 40 135 35 0.927295 191 97 98 97 -2.38517 130 47 0 39 0.821097 146 82 17 32 -2.66425 129 70 0 21 0.141897 138 71 2 3 -1.89255 138 67 0 0 0 
142 71 7 8 -2.35619 132 66 1 13 0.942 132 78 13 11 2.87534 119 76 33 9 -2.27942 88 58 57 13 1.7976 88 51 115 28 2.1588 112 45 196 25 -2.78282 107 18 222 6 1.40565 118 15 244 3 -2.81984 124 10 248 8 3.14159 137 9 245 5 -2.35619 138 14 222 2 3.14159 140 32 185 11 1.83705 158 65 150 77 -2.1624 110 28 27 36 0.99783 144 75 26 27 -1.82447 108 54 0 46 0.86217 145 90 21 33 -2.52839 135 70 1 1 0 140 70 0 0 0 
137 66 0 9 1.0122 144 75 6 10 -2.2143 132 70 0 10 0.927295 131 74 12 4 -1.81578 109 61 33 5 0 99 44 71 16 1.81578 108 35 138 28 2.53379 120 31 194 11 2.96174 120 19 224 8 -2.35619 120 7 229 6 0.674741 133 10 232 2 -0.785398 138 18 207 2 -2.67795 138 37 166 38 -2.28226 116 30 90 1 -1.5708 124 52 40 5 0.927295 132 70 16 10 1.47113 138 84 21 25 -2.07014 118 63 0 12 0.785398 136 71 2 2 -2.35619 138 69 0 0 0 
141 70 6 4 -2.35619 136 69 0 4 1.81578 136 76 0 3 2.81984 134 75 5 5 2.76109 130 72 20 9 -1.46014 116 52 34 13 -0.226799 106 32 68 28 1.5351 123 40 138 30 2.91236 120 24 195 5 2.11122 121 17 224 9 3.03094 127 19 221 12 -2.64225 129 26 188 25 -1.89255 115 25 114 6 -2.46685 120 42 65 3 2.55359 131 63 26 2 2.35619 136 75 7 3 -1.24905 133 72 4 1 -1.5708 132 71 3 2 -2.03444 134 69 1 1 -1.5708 135 68 0 0 0 
139 66 4 3 -2.81984 135 67 2 2 1.5708 135 71 0 3 -0.321751 132 70 0 8 1.81578 140 76 11 8 2.78282 140 73 28 15 -1.63736 118 49 34 9 -0.321751 102 28 70 34 1.48279 120 37 159 43 -3.11834 112 25 183 14 -0.0713075 113 25 179 10 -2.85014 119 34 150 48 -2.69629 112 35 79 2 -2.03444 121 50 40 19 0.156602 131 67 13 7 2.35619 139 77 6 5 -2.35619 137 72 3 2 -2.03444 135 70 2 1 -1.5708 134 69 1 1 -2.35619 133 68 0 0 0 
138 61 4 2 0.785398 137 65 5 5 2.11122 140 72 7 6 -1.5708 132 67 0 6 0.321751 134 68 3 10 1.9513 140 77 17 11 -2.67795 128 68 22 9 -1.15257 107 48 39 20 -0.643501 81 16 71 59 1.2437 130 64 146 65 -2.75264 106 41 117 44 -2.16501 77 12 61 42 0.548549 113 49 48 18 1.68145 141 78 40 28 -2.30624 127 64 4 10 0.588003 137 72 3 1 -1.5708 136 71 3 1 -2.35619 135 70 2 2 -2.03444 133 68 0 1 -2.35619 132 67 0 0 0 
140 63 7 0 0 135 61 3 0 0 140 70 10 0 0 138 72 7 0 0 132 64 0 0 0 132 68 3 0 0 132 77 16 0 0 125 72 39 0 0 100 47 67 0 0 69 16 59 0 0 83 28 67 0 0 114 59 74 0 0 112 55 29 0 0 124 64 12 0 0 136 74 10 0 0 137 72 3 0 0 135 70 2 0 0 134 69 1 0 0 132 67 0 0 0 131 66 0 0 0 
