215 206 202 14 1.22777 224 220 219 3 -1.24905 213 216 221 12 0.674741 213 223 233 10 0.851966 212 231 244 19 3.14159 208 232 244 33 3.08106 214 236 242 18 3.03094 219 239 240 9 0.418224 234 242 241 7 -1.2925 232 235 233 14 1.07685 252 245 248 17 -1.68791 235 227 234 23 0.308053 242 231 247 9 1.46014 248 240 255 41 -2.92551 233 231 250 30 -3.07502 228 231 245 12 -2.07014 217 223 228 25 0.119429 225 230 221 15 -2.12245 225 222 194 19 0.486899 241 233 196 0 0 
216 211 208 17 0.62025 221 221 221 10 0.643501 218 226 233 5 1.9513 214 230 243 76 -2.90298 187 211 231 32 -2.69183 170 196 220 18 1.9614 189 213 235 60 2.64092 221 244 255 98 -3.11099 227 242 251 2 -0.785398 230 239 248 6 0.674741 240 242 253 8 1.05165 247 247 255 62 -2.91599 231 230 255 59 -2.5489 194 196 227 18 3.03094 193 196 234 39 2.55359 213 221 251 89 2.91563 237 244 255 79 -2.75644 214 219 220 31 0.39234 240 236 217 19 -2.17308 229 224 193 0 0 
221 226 224 4 1.5708 222 230 230 4 -2.03444 207 224 233 95 -2.3636 131 154 176 65 0.422854 148 177 214 31 0.260602 150 183 229 30 -1.23874 121 152 203 25 -0.674741 107 137 184 98 1.38732 211 237 255 109 3.13242 216 240 255 7 2.7367 222 242 255 86 -2.40534 164 182 219 9 -0.218669 159 176 227 5 -0.380506 153 170 233 18 -2.35619 135 154 227 33 -1.84496 107 124 191 33 1.66146 152 163 207 93 2.24219 237 243 255 85 -2.80877 224 221 216 25 0.158655 233 229 210 0 0 
211 223 233 11 0.179853 208 225 238 95 -2.31917 129 154 174 83 0.819283 179 213 243 6 -0.463648 165 205 254 12 -1.5708 148 188 253 21 -2.05527 127 166 240 18 -1.68145 109 148 222 30 -1.63736 85 120 186 105 1.36967 191 225 255 97 -2.55359 141 170 231 59 2.88852 156 183 250 31 -2.95041 146 173 253 45 -2.68775 121 150 241 15 -2.49809 107 139 239 43 -2.50268 86 114 209 22 -1.83705 82 97 170 50 1.45137 146 154 201 111 2.36256 238 241 255 28 -2.53379 229 229 229 0 0 
209 227 255 74 -1.67849 130 154 190 54 1.85163 173 208 242 10 1.27934 173 216 255 15 -2.53605 153 203 255 27 -2.22868 124 176 252 17 -2.43934 111 160 252 25 -2.35619 93 140 238 16 -2.70497 90 132 231 8 3.01724 94 133 232 36 -2.14376 67 101 201 42 1.78189 109 141 246 33 -2.63743 89 123 236 10 2.1588 95 131 249 42 -2.28963 57 98 221 3 1.5708 66 101 221 17 -2.52134 73 92 203 36 -1.82249 53 63 150 135 1.42264 203 209 255 86 3.02583 220 224 253 0 0 
189 213 255 88 -1.97866 103 133 190 74 1.2405 164 205 255 26 -2.91479 147 198 255 23 -2.56522 125 182 255 30 -2.49809 100 160 250 21 -2.28963 82 138 245 18 -2.1588 67 120 237 3 3.14159 73 117 240 19 -2.53931 65 104 232 22 -2.03444 49 84 212 28 2.25653 71 105 235 7 1.97569 76 111 245 24 -2.58729 61 97 234 16 -2.89661 54 93 231 11 -1.48014 46 82 220 13 -2.7468 52 76 212 10 -2.55359 60 77 188 28 1.6421 104 117 185 109 1.91566 216 226 255 0 0 
143 175 248 25 -2.07014 116 152 228 26 2.27529 127 172 253 16 3.14159 118 171 255 31 -2.57967 92 151 250 22 -2.77761 79 141 249 21 -2.55359 65 125 245 17 -2.65164 59 114 243 17 -2.27305 51 97 234 9 -2.58299 52 90 232 28 -1.78189 29 61 204 39 1.20907 68 98 241 40 -2.86668 57 87 230 8 -2.03444 49 79 222 13 1.41815 58 91 238 40 -2.49809 34 66 215 4 -0.463648 36 63 213 2 2.67795 48 71 197 8 -2.19105 56 79 155 137 1.71681 201 222 255 0 0 
126 161 241 27 -1.35213 96 132 220 25 2.19105 108 149 252 34 -2.81984 88 135 250 26 -2.71183 70 123 244 14 -2.79857 59 117 243 15 -2.49809 49 107 236 6 -2.46685 46 101 236 16 -2.4859 42 88 230 8 -2.78282 44 82 230 14 -2.55359 43 72 223 16 -1.87368 31 56 206 24 1.5708 56 80 229 13 -2.98894 54 78 228 25 -2.19105 32 56 210 12 1.24905 42 67 225 12 -2.46685 32 59 217 10 -2.9442 39 64 198 22 -1.5708 33 57 139 149 1.65116 191 215 255 0 0 
132 168 246 48 -1.42598 81 115 208 18 2.97644 75 110 230 5 -2.76109 64 103 241 13 -3.06482 56 102 244 14 -2.9305 47 100 241 14 -2.9997 44 100 235 27 -2.69407 33 88 223 9 -2.58299 34 79 224 14 -2.64765 32 69 219 5 -2.9442 38 66 220 13 -2.13753 32 54 209 14 2.25653 45 66 217 8 -2.67795 43 61 214 13 -2.98894 41 57 217 12 -2.97644 37 55 216 12 -2.41495 27 47 208 8 1.5708 43 64 196 40 -2.1451 24 45 126 169 1.41051 200 221 255 0 0 
144 177 246 84 -1.0487 68 98 185 44 2.76952 75 103 228 18 -2.58299 56 86 234 14 -2.9997 47 83 237 14 -2.9305 37 82 233 20 -2.45928 22 74 211 5 1.76819 27 79 215 12 -2.24554 22 66 211 7 2.9997 29 63 216 11 -2.87534 31 58 216 19 -2.39321 22 44 203 12 1.65394 39 57 212 9 -1.89255 32 47 204 3 -2.81984 31 44 206 7 2.9997 34 45 207 1 2.35619 35 49 202 15 -2.03444 28 43 169 19 2.24554 60 73 149 152 1.28437 213 227 255 0 0 
197 224 255 156 -1.51317 37 60 135 82 0.517649 70 87 207 23 -2.79282 53 72 217 12 -2.97644 40 68 223 16 -2.83871 28 64 218 8 2.89661 26 71 212 5 -2.76109 23 70 208 18 -2.6292 15 58 205 5 -2.49809 16 52 206 9 -2.43297 15 43 204 4 3.14159 19 41 206 10 1.9513 34 52 213 15 -2.53605 27 43 203 13 -2.77442 22 37 200 9 0.785398 34 46 202 13 -2.77442 36 45 186 21 -2.01317 30 34 146 70 1.71269 116 118 183 150 0.780703 229 230 255 0 0 
218 238 255 93 -1.62451 120 137 193 107 -0.513399 58 70 171 15 3.00904 51 62 196 6 -1.73594 35 51 204 3 1.24905 31 53 212 11 2.67795 29 62 211 24 -2.58729 14 51 195 4 2.35619 17 53 201 11 -2.60117 13 45 198 9 -2.81984 13 39 199 6 3.14159 17 38 200 1 0.785398 21 40 199 12 -2.35619 16 31 188 15 1.3734 31 46 203 22 -2.51611 25 36 180 4 -2.89661 36 41 163 36 -2.55359 30 31 119 226 0.974205 233 228 255 18 -1.73594 222 216 247 0 0 
226 240 246 7 2.1588 227 239 255 162 -1.59548 57 63 136 154 0.103525 63 67 179 38 -3.03672 48 54 197 14 -2.55359 31 42 200 7 -2.1588 18 37 194 5 2.11122 18 45 196 8 -2.62245 14 42 190 12 -2.71497 9 38 183 4 3.14159 12 36 186 9 0.86217 23 41 194 15 -2.49809 18 32 185 4 2.35619 22 36 186 10 -2.49809 18 31 177 8 0.124355 26 38 164 41 -2.44074 15 20 111 167 0.959581 166 167 225 79 0.794248 237 233 255 16 -2.08994 231 223 233 0 0 
231 239 232 7 0.982794 233 239 250 5 -0.927295 220 225 255 176 -1.48577 35 37 121 174 0.126489 45 47 171 24 3.14159 36 40 188 10 -2.63449 24 34 188 1 2.35619 20 35 191 12 -2.46685 10 30 179 9 0.218669 12 33 178 11 2.11122 26 41 191 24 -2.67795 18 29 180 3 3.14159 22 29 178 4 -2.67795 23 30 169 10 1.19029 35 45 169 68 -2.53327 3 13 114 144 0.775595 116 125 189 138 0.775194 226 230 255 9 -0.785398 233 229 240 13 -2.19959 229 222 219 0 0 
244 241 236 10 2.63449 243 244 248 8 1.44644 242 247 255 29 -2.47755 216 220 255 175 -1.47962 30 33 124 181 0.082684 34 39 162 3 2.1588 30 35 180 22 -2.77761 17 25 178 11 1.22203 28 37 188 19 -2.4275 15 24 175 8 -2.35619 12 16 171 12 0.674741 24 24 178 7 -2.9997 28 25 170 11 2.60117 38 38 162 67 -2.31455 0 0 91 192 0.671502 115 127 193 138 0.775194 219 230 255 5 1.5708 235 241 255 31 -2.35619 225 224 226 6 -2.81984 230 224 217 0 0 
240 233 224 15 1.24905 251 247 242 21 -2.28963 226 229 234 23 1.12638 240 243 255 10 -1.76819 220 223 255 168 -1.5708 43 46 137 169 -0.0943932 20 21 141 58 0.29473 31 34 169 28 -2.85354 23 23 167 4 -1.5708 19 17 166 10 1.9513 31 27 176 15 -2.53605 28 20 161 9 -2.72337 29 21 145 43 -2.38844 2 0 96 236 0.671436 153 158 219 97 0.770906 225 234 255 3 -2.55359 226 236 255 20 -2.1451 216 222 235 6 -1.24905 221 219 218 2 0.463648 227 221 214 0 0 
247 241 222 14 -2.86329 241 235 222 8 1.10715 244 241 236 9 1.46014 247 246 255 15 -2.58994 232 232 255 9 0.110657 224 227 255 129 -1.51659 88 89 169 147 -0.463648 19 15 120 121 0.15703 34 28 153 24 -2.80686 26 16 152 3 2.81984 29 18 150 20 -2.89661 29 18 134 34 -0.909753 8 1 86 285 0.713562 200 197 252 45 0.785398 237 238 255 7 -2.35619 236 238 249 11 -2.11122 229 228 237 5 -2.2143 227 226 230 6 -2.03444 225 221 220 4 -2.03444 222 218 213 0 0 
234 229 204 17 0.904827 247 242 221 17 2.85554 248 245 231 5 -1.9513 240 237 232 14 1.78189 246 249 253 8 -3.01724 240 244 255 5 -2.2143 229 233 255 78 -1.63481 146 148 213 150 -0.964413 20 15 107 184 0.0651252 30 23 127 26 -2.49052 18 8 108 88 0.418224 57 50 131 241 0.767856 231 227 255 3 1.89255 239 238 255 9 -2.58299 239 238 247 11 -2.60117 237 235 234 9 -2.35619 233 227 228 5 -2.35619 229 224 223 5 -2.11122 224 219 216 3 -2.1588 221 216 213 0 0 
247 241 212 19 -2.35619 231 227 199 24 0.96007 248 244 225 14 -2.70918 238 238 222 11 0.909753 242 247 232 12 2.81984 241 249 242 9 -2.43297 228 240 244 15 2.17634 237 248 255 26 -1.83379 208 215 255 193 -1.47267 13 19 72 232 0.378909 102 105 156 186 0.766389 233 237 255 18 -2.75099 231 235 255 4 -2.03444 233 235 246 7 -1.1659 229 231 232 3 -1.5708 230 228 227 5 -2.35619 229 223 224 3 -2.1588 228 220 220 4 -2.03444 224 217 214 3 -2.1588 221 215 210 0 0 
233 228 197 0 0 245 241 212 0 0 237 233 209 0 0 245 247 225 0 0 232 238 213 0 0 234 247 225 0 0 222 236 224 0 0 232 248 247 0 0 228 242 255 0 0 231 244 255 0 0 238 246 255 0 0 218 226 249 0 0 231 237 248 0 0 236 241 244 0 0 231 231 231 0 0 228 224 223 0 0 227 221 222 0 0 226 218 218 0 0 222 215 212 0 0 221 215 210 0 0 
