93 143 179 15 1.31019 108 158 194 7 -2.1588 100 152 188 8 1.05165 107 159 195 4 -2.35619 103 156 193 27 0.528074 117 170 207 41 -3.02024 112 165 202 31 2.79015 123 176 213 44 -2.98382 116 168 208 6 -2.46685 112 164 204 8 1.05165 120 170 212 17 -1.92957 104 154 196 14 0.68573 115 162 206 4 -2.67795 113 160 204 31 -2.98168 110 155 199 4 -1.10715 106 151 195 6 0.165149 109 152 195 8 -2.19105 102 145 188 10 -0.927295 94 137 180 8 -0.244979 92 135 178 0 0 
97 147 183 7 1.71269 104 154 190 8 2.89661 104 156 192 1 0 104 156 192 27 1.07437 127 180 217 109 -2.65754 76 129 166 49 3.01975 82 135 172 24 -3.01724 79 132 169 32 1.47732 112 163 203 31 2.98168 117 168 208 26 -3.02672 114 164 206 7 0.141897 115 165 207 21 -2.86329 111 158 202 88 -2.80917 82 129 173 28 1.67753 112 157 201 30 3.14159 112 157 201 25 -2.73147 102 147 190 10 0.380506 106 151 194 8 -2.35619 102 145 188 10 -2.76109 96 141 184 0 0 
94 146 183 5 0 94 146 183 11 1.48014 105 157 194 15 0.927295 117 169 206 128 -2.40588 31 83 120 14 -0.211093 28 80 117 96 0.328329 59 110 150 54 0.455451 83 134 174 2 -1.10715 83 132 172 33 0.302885 93 142 182 35 2.13537 123 171 213 27 -1.35213 96 144 186 93 -2.31077 27 75 117 97 0.559682 79 127 169 28 0.0356991 80 127 171 23 0.308053 87 134 178 31 0.830821 110 158 200 23 -2.60117 98 146 188 10 -1.86225 90 135 178 19 -0.156602 85 133 175 0 0 
99 151 188 8 -2.67795 95 147 184 21 1.046 114 166 203 110 -2.1638 22 74 111 32 0.785398 45 97 134 94 0.906022 121 170 208 11 -1.91957 110 159 199 26 -1.14103 86 135 175 44 0.706199 117 163 204 41 -1.54641 74 123 163 66 0.97861 129 177 219 125 -2.27165 33 81 123 87 1.08151 110 158 200 12 -0.244979 107 155 197 15 -0.321751 102 150 192 6 1.10715 108 156 198 18 -1.89255 90 138 180 7 2.44685 93 143 185 19 0.674741 107 155 197 7 -1.2925 98 148 190 0 0 
90 142 182 19 0.896055 105 157 197 54 -1.73594 52 103 143 13 -0.528074 45 96 136 75 0.879459 105 154 194 12 1.40565 119 165 206 5 2.35619 123 169 210 1 -2.35619 122 168 209 5 -0.785398 120 163 206 11 -0.463648 113 158 201 63 -1.4289 50 96 137 63 0.421419 76 122 163 63 0.863888 122 171 211 10 3.14159 122 171 211 17 -1.68791 103 154 194 8 -0.358771 100 151 191 18 -1.40565 82 133 173 31 0.991722 107 159 199 51 -3.12199 107 158 198 41 -2.09887 70 122 162 0 0 
102 154 194 18 -2.81984 96 148 188 33 -1.39094 64 115 155 29 1.43373 93 144 184 12 1.73594 109 155 196 8 0.785398 115 161 202 11 0.661043 124 168 209 5 2.2143 128 172 213 10 2.9442 130 173 216 14 -2.70918 124 167 210 20 -0.750929 110 154 195 9 1.46014 117 163 204 13 -0.226799 112 161 201 16 0.519146 120 169 209 13 -2.57486 111 162 202 8 -1.44644 103 154 194 11 -0.348771 98 150 190 42 -1.71269 56 108 148 47 0.664774 85 137 177 28 0.934288 108 160 200 0 0 
82 136 177 22 0.909753 102 154 195 35 -1.59936 68 118 160 24 1.27536 91 141 183 35 2.53784 115 160 203 11 0.909753 124 169 212 12 -2.71497 121 164 207 3 -2.1588 119 161 204 12 -0.0831412 118 160 203 25 1.03709 139 182 225 32 -2.11645 111 155 196 33 0.679414 130 176 217 10 -2.9442 126 175 215 18 -1.91009 109 158 198 13 0.367174 112 164 201 3 2.55359 114 166 203 21 -1.66575 93 144 184 11 0.0906599 94 145 185 23 2.75327 103 154 194 23 -1.78486 80 131 171 0 0 
96 150 191 6 2.67795 99 153 194 27 -1.46014 75 125 167 19 -0.748378 62 112 154 62 1.12154 122 167 210 15 -2.49809 113 158 201 7 0.588003 119 162 205 11 1.83705 131 173 216 2 3.14159 131 173 216 8 -1.92957 122 165 208 18 0.982794 137 180 223 18 -2.20355 120 166 207 4 0.463648 120 169 209 4 0.463648 122 171 209 15 -2.35619 109 161 198 10 0.291457 112 164 201 10 -2.2143 104 155 195 32 -1.81578 72 123 163 26 1.3078 98 149 189 9 -0.218669 96 147 187 0 0 
90 144 185 12 1.40565 102 156 197 16 -1.69515 89 138 182 1 0 89 138 182 28 0.636508 110 155 199 9 1.5708 119 164 208 5 -1.3734 116 158 203 15 0.927295 128 170 215 7 -2.9997 127 169 214 5 1.19029 132 175 218 9 -2.43297 126 169 212 5 0 124 170 211 2 1.10715 124 173 213 13 -1.64757 111 160 198 14 0.737815 119 171 208 14 -2.0032 106 158 195 19 -0.531724 98 147 187 17 -1.39612 81 130 170 28 1.4289 109 158 198 15 -1.76819 94 143 183 0 0 
92 146 187 11 2.35619 102 154 195 13 -1.72345 90 139 183 22 1.34732 112 161 205 12 -2.64225 108 155 199 27 2.77442 120 165 209 15 2.9442 123 168 212 11 -2.79282 119 164 208 8 1.10715 129 171 216 5 -2.35619 123 168 212 6 2.03444 129 174 217 4 -1.32582 125 170 213 0 0 123 172 212 12 -3.05845 122 171 209 10 -2.42276 113 165 202 13 0.837981 123 175 212 63 -2.75526 101 150 190 17 -1.98321 85 134 174 27 0.890275 106 155 195 13 -2.03444 94 143 183 0 0 
86 138 179 19 0.785398 100 152 193 10 -2.49809 95 145 187 10 0.588003 101 151 193 33 -2.46218 80 129 173 24 1.01649 103 150 194 18 2.75099 110 156 203 11 1.22203 121 167 214 0 0 123 168 212 3 -2.1588 118 165 209 13 0.837981 128 176 218 13 -2.7468 123 171 213 18 -0.708626 111 160 200 8 0.358771 114 163 201 10 1.3734 124 173 211 74 -2.24132 66 115 153 42 0.71883 96 142 183 46 2.9694 104 150 191 2 -0.785398 102 148 189 15 -0.785398 91 137 178 0 0 
101 151 193 17 -2.67795 93 143 185 13 0.942 104 154 196 29 -1.53633 75 125 167 37 0.499347 93 142 186 9 -1.24905 84 133 177 30 1.94513 112 161 207 14 2.64765 119 168 214 47 -3.09907 117 166 210 8 1.21203 125 174 218 17 -2.47562 114 163 207 22 1.24905 137 185 227 36 -2.6292 119 168 208 3 -1.24905 116 165 205 46 -2.17085 78 127 165 36 2.55359 98 147 185 56 -2.05032 48 97 137 87 0.696205 104 153 193 13 2.61352 113 159 200 35 -2.47562 89 138 178 0 0 
87 136 176 18 1.05841 101 152 192 7 2.55359 105 155 197 12 2.89661 108 158 200 13 -1.96559 95 146 189 27 -0.992894 72 123 166 42 0.652847 98 148 194 40 -2.40878 71 121 167 67 0.795924 119 169 215 35 -2.88282 110 161 204 10 1.3734 120 171 214 18 -1.84174 103 153 195 15 1.3734 120 169 209 39 -2.26553 90 139 179 63 -2.42276 50 97 135 26 1.14103 72 121 159 53 0.931027 115 164 204 26 -2.08525 90 140 182 10 -1.0637 83 131 173 20 0.819867 96 146 188 0 0 
96 145 185 4 2.89661 97 146 186 4 -0.463648 93 143 185 13 0.837981 102 154 195 9 2.1294 108 161 204 5 -2.35619 104 157 200 38 -1.64958 64 119 164 75 0.728855 114 169 214 76 -2.69549 81 136 181 36 0.823841 110 162 208 45 3.07502 113 166 209 22 -0.463648 105 156 199 54 -2.90106 93 143 185 73 -2.33697 42 91 131 38 0.463648 61 107 148 48 1.19029 106 152 193 2 -1.5708 100 150 192 5 -1.5708 94 146 187 2 3.14159 95 145 187 9 -2.81984 91 143 184 0 0 
94 141 179 9 1.68145 101 150 188 9 2.81984 102 153 193 4 -2.03444 97 149 190 10 1.0637 104 157 200 12 -2.89661 99 154 197 21 1.47584 118 175 220 76 -1.78098 43 100 145 85 0.793662 104 161 206 53 -2.19543 63 118 163 72 1.2315 133 186 229 123 -2.40214 52 103 146 12 -1.07145 42 92 134 55 0.618144 76 125 165 5 0.197396 79 125 166 41 0.700854 106 152 193 6 -2.81984 100 150 192 7 -1.8491 90 144 185 10 -2.42276 85 137 178 13 -0.942 72 126 167 0 0 
91 140 180 2 2.67795 92 141 181 10 1.47113 100 151 191 5 2.60117 102 154 195 12 -2.46685 92 145 188 13 1.00407 101 156 199 5 2.60117 102 159 204 5 2.9442 103 160 205 30 -1.73594 73 131 173 27 2.69407 87 142 185 52 -2.0259 42 95 138 14 1.91382 58 110 151 35 0.904827 87 137 179 9 -2.1294 81 129 171 38 0.822418 111 156 199 15 -2.35619 100 145 188 4 0.463648 98 148 190 14 -2.06474 84 136 177 9 1.5708 93 145 186 13 -2.19959 82 134 175 0 0 
86 138 179 5 2.2143 90 142 183 5 2.35619 94 146 187 3 -2.55359 90 143 186 9 1.89255 99 152 195 3 -2.81984 98 150 196 4 2.35619 99 154 199 3 2.81984 100 155 198 50 -1.63072 50 106 147 54 0.258252 66 120 161 58 -2.62456 37 91 132 55 0.836635 80 132 173 8 3.01724 82 132 174 27 0.992894 107 155 197 16 -2.57026 98 146 188 4 1.10715 102 150 192 15 -2.53605 93 141 183 6 -1.73594 85 135 177 1 2.35619 86 136 178 11 -1.66146 75 125 167 0 0 
81 135 176 5 2.60117 84 138 179 6 2.24554 89 142 185 4 -2.67795 87 140 183 10 2.07789 96 148 194 4 -2.89661 95 147 193 5 2.49809 98 150 196 4 2.89661 99 152 195 7 2.26553 105 159 200 91 -1.77885 15 70 109 62 1.24397 76 128 168 4 -1.10715 72 124 164 36 0.726642 97 147 189 6 -1.40565 91 141 183 16 0.436627 100 147 191 11 -1.66146 89 136 180 6 0.463648 92 140 182 7 -2.1588 86 134 176 3 2.81984 87 135 177 11 -1.83705 76 124 166 0 0 
76 130 171 5 2.2143 80 134 175 5 1.9513 85 138 181 3 -2.1588 82 135 178 10 1.76819 92 144 190 3 -2.81984 91 143 189 4 2.35619 94 146 192 2 3.14159 94 147 190 8 -1.92957 86 140 181 51 -1.45369 35 90 129 78 0.549153 78 130 170 21 1.2925 99 151 191 2 -1.10715 98 148 190 14 2.55359 106 156 198 18 -2.6292 99 146 190 12 -2.81984 95 142 186 9 -2.27942 88 136 178 5 -2.11122 83 131 173 4 2.89661 84 132 174 11 -1.83705 73 121 163 0 0 
73 127 168 0 0 78 132 173 0 0 83 136 179 0 0 80 133 176 0 0 89 141 187 0 0 88 140 186 0 0 92 144 190 0 0 91 144 187 0 0 92 146 187 0 0 102 157 196 0 0 84 136 176 0 0 100 152 192 0 0 86 136 178 0 0 90 140 182 0 0 87 134 178 0 0 89 136 180 0 0 85 133 175 0 0 79 127 169 0 0 81 129 171 0 0 70 118 160 0 0 
