241 235 255 7 0.694738 246 241 255 151 -2.49677 159 152 167 54 -2.93695 148 139 160 106 0.151218 162 148 189 16 -2.31274 146 132 186 56 0.360837 161 151 211 71 1.3734 228 225 255 159 3.08505 237 241 255 29 2.93757 248 251 255 6 3.14159 255 252 255 6 3.14159 255 249 255 16 -2.4859 255 234 255 96 -3.09995 255 228 255 90 -2.85119 224 205 232 19 -1.03907 203 188 215 27 2.38183 221 206 238 133 2.99864 238 225 255 128 3.01627 254 243 255 36 -3.08609 252 242 255 0 0 
247 237 255 127 -1.86526 125 117 147 39 -2.51839 106 97 118 151 1.31783 251 243 255 130 -2.26946 149 137 179 65 0.915101 198 185 239 19 -1.87668 173 165 226 123 -2.16104 69 64 119 149 1.20025 209 210 244 141 2.93446 244 242 255 2 0 253 242 255 7 -1.8491 251 233 255 162 -2.53137 161 135 171 53 3.04753 166 139 178 86 2.18435 234 213 246 47 -1.71865 183 166 199 117 -0.91199 89 72 109 51 0.480887 111 97 131 107 1.46835 218 206 236 104 2.79857 253 241 255 0 0 
210 193 250 119 -1.75666 93 79 127 47 1.54952 144 131 163 101 0.249775 167 157 187 28 1.0122 186 177 220 18 0.321751 188 179 235 82 -1.49776 103 94 161 21 1.90747 124 114 180 54 -1.81133 75 66 116 170 1.41815 249 237 255 68 -3.08284 252 233 255 167 -2.1737 118 94 136 67 -0.19448 107 78 128 29 0.2783 115 86 136 121 1.2101 227 201 247 131 2.89661 255 234 255 119 -1.68791 135 116 159 103 -0.106393 122 105 148 31 -3.07717 120 105 143 132 1.83771 248 234 255 0 0 
188 167 236 94 -1.63454 96 76 135 144 1.5153 240 226 255 58 -1.65679 180 170 206 28 1.89255 200 195 240 10 -0.643501 191 185 244 105 -2.03022 94 85 158 22 0.661043 111 98 174 19 -2.31917 106 86 151 77 1.33525 187 163 221 39 -2.2296 159 133 186 27 2.1487 184 156 209 60 -2.13116 131 103 163 74 0.313276 154 125 188 71 -2.2171 99 69 128 150 1.33551 243 217 255 52 -3.10315 238 216 255 145 -1.52256 91 72 121 24 -0.244979 85 67 114 153 1.37467 236 219 255 0 0 
184 159 233 82 -1.34948 104 83 146 132 1.70735 235 221 255 63 -1.77748 169 161 198 45 1.79427 205 202 251 61 -1.53802 140 137 199 30 -1.5708 110 101 182 17 -1.45369 100 81 168 18 1.18019 130 99 178 34 1.89255 170 134 204 24 -1.10715 148 115 176 33 0.179853 150 122 181 59 1.07685 199 172 238 96 -1.24247 108 80 150 27 0.890275 132 100 171 60 1.75512 193 159 229 80 2.35619 245 220 255 128 -1.60204 115 93 151 58 0 115 94 149 101 1.9422 210 190 243 0 0 
202 180 245 123 -1.23105 86 67 124 136 1.52671 222 208 249 62 -1.21388 158 151 188 58 1.2925 203 204 255 105 -2.50376 135 136 204 28 -1.6065 110 100 190 12 -1.65394 107 85 180 5 -0.197396 124 85 171 55 1.6434 184 143 218 81 0 182 148 209 48 0.0208303 178 151 207 55 1.75065 226 205 255 115 -1.99167 121 97 169 42 -0.165149 121 86 166 13 1.5708 136 100 176 110 1.6434 242 215 255 66 -1.42042 173 153 206 95 -1.56027 78 59 110 147 1.40787 224 205 254 0 0 
243 229 255 151 -1.5377 92 79 117 152 1.57738 242 234 255 65 -1.69326 172 168 203 45 -1.61521 115 119 172 99 0.213205 130 133 208 28 -1.5708 108 97 194 10 -0.643501 114 87 191 22 -2.67795 122 79 170 140 1.67046 255 224 255 42 -2.25653 230 198 252 59 -1.29714 166 144 192 20 2.03444 175 161 215 16 -1.50838 159 141 208 55 -1.06717 121 85 169 5 1.76819 128 92 169 128 1.54736 252 229 255 75 -1.55746 176 159 196 72 -1.69515 104 88 122 137 1.41759 240 225 255 0 0 
248 240 255 157 -1.52624 91 84 105 172 0.995634 234 230 249 73 -2.2006 168 169 197 57 1.19991 210 216 255 87 -2.08568 130 131 211 22 -1.06795 114 103 207 36 -1.936 92 65 175 11 -0.348771 109 63 159 133 1.25852 243 196 255 45 2.91812 246 215 255 82 -1.65596 157 137 179 35 0.927295 175 165 212 14 2.35619 185 170 232 79 -1.31667 120 84 166 9 1.78947 133 95 171 126 1.53906 253 233 255 85 -1.64127 167 154 180 52 -2.22187 125 112 136 149 0.956777 247 235 255 0 0 
255 254 255 70 -1.67046 185 184 188 70 0.113792 191 191 197 29 2.97086 189 192 213 10 -1.27934 167 174 224 22 -1.61622 141 142 222 56 -0.885067 101 88 196 21 -2.65711 103 74 189 26 1.3078 147 103 204 49 2.14213 196 150 232 77 2.48511 238 208 255 69 -2.25451 177 159 200 19 -2.98499 163 156 199 40 1.39755 205 192 248 99 -1.71128 118 84 161 15 1.5708 137 100 172 116 1.67388 247 228 255 111 -1.45421 133 124 145 76 1.61025 209 200 220 56 0.760403 248 239 255 0 0 
248 249 245 9 0.785398 255 255 252 91 -1.63664 164 164 164 53 0.772066 194 197 212 14 -1.78189 169 174 219 18 2.20355 179 180 254 103 -1.26734 82 71 175 22 0.785398 108 82 196 17 -0.463648 116 74 183 9 2.1294 131 87 178 66 1.31117 190 161 224 69 -2.71019 156 137 186 53 0.446842 170 163 208 37 0.535811 191 179 231 87 -1.79071 120 86 157 5 0.643501 125 91 155 145 1.33418 255 243 255 147 -2.10424 130 123 138 157 0.866302 250 243 255 5 1.03038 255 248 255 0 0 
253 255 254 7 -2.1588 249 250 248 47 -1.46481 202 203 201 53 -0.0753289 194 194 206 34 -2.43934 162 166 201 62 1.98413 214 215 255 131 -2.089 100 89 185 50 0.321751 123 99 211 33 -2.07496 106 67 182 34 1.05525 141 100 205 45 -2.78537 124 92 173 103 0.91569 202 180 245 59 3.0235 204 191 245 34 -1.21203 175 159 212 72 -2.10884 124 93 156 39 0.982794 160 129 180 41 2.25311 185 171 195 55 1.10715 232 228 234 31 0.739975 253 249 254 4 -0.785398 250 247 249 0 0 
249 251 252 5 0.643501 252 254 254 1 0.785398 255 255 255 83 -1.65493 170 170 176 78 -0.269589 140 144 169 45 2.75699 152 153 203 41 -0.0243854 149 142 223 72 -0.726642 103 86 189 15 2.88099 116 85 200 31 -1.27934 89 56 167 96 1.20959 181 151 246 58 -2.38058 139 117 196 83 1.1925 217 200 255 81 -1.5708 140 121 176 44 -3.07352 148 117 172 18 -2.1588 134 106 149 84 1.40369 210 198 216 67 0.785398 255 251 255 4 2.89661 255 253 255 4 -2.67795 254 252 252 0 0 
251 252 255 3 3.14159 253 253 255 7 -1.97569 250 247 249 3 0 248 247 249 139 -1.52048 104 105 119 176 0.600541 198 200 231 93 3.01327 205 202 255 119 -1.7649 86 77 164 77 0.370891 116 97 206 20 -2.89661 115 90 204 14 1.5708 132 106 213 42 2.2381 169 144 236 60 2.25071 219 197 255 160 -2.24554 101 76 132 51 0.647392 139 110 156 9 1.68145 148 123 157 166 0.776924 255 247 255 11 -2.79282 249 246 255 6 0.165149 250 248 254 7 0.785398 255 254 255 0 0 
248 248 255 4 3.14159 250 249 255 3 -0.321751 253 250 252 5 0.927295 255 255 254 9 3.14159 255 254 255 139 -1.5708 111 111 129 148 0.584271 184 184 230 55 -2.73434 157 153 228 90 -0.785398 91 80 182 21 0.753151 108 92 204 13 -1.17601 101 80 189 24 1.01649 129 104 202 31 -2.64978 123 95 171 21 0.817645 144 117 173 42 -2.87947 138 110 153 178 0.805158 255 244 255 19 -2.39321 246 237 250 17 0.868539 255 253 255 3 3.14159 255 254 255 10 -2.28963 247 246 250 0 0 
243 243 255 9 0.86217 253 252 255 1 -2.35619 255 254 254 8 -2.03444 250 247 242 12 0.785398 255 255 252 16 -1.9513 238 237 246 94 -1.41088 135 138 169 123 0.848173 219 223 255 145 -2.26378 101 101 191 69 0.0579062 105 100 205 18 -2.92292 110 94 202 23 -2.14717 101 76 174 30 1.19646 138 110 186 53 -2.30361 105 76 132 197 0.896848 255 235 255 9 -1.5708 253 232 254 18 0.708626 255 250 255 1 -0.785398 250 252 252 4 -1.5708 246 248 248 9 0.785398 253 255 254 0 0 
250 250 255 3 3.14159 252 251 255 4 -1.32582 252 250 249 7 0.785398 255 255 251 7 -2.1588 253 250 245 6 1.24905 255 254 255 26 -1.5708 220 223 244 83 -1.3781 131 134 178 91 0.575919 176 176 246 86 -1.85228 95 87 174 79 0.0126576 103 85 178 4 1.10715 114 91 176 19 -1.51821 104 78 142 139 1.02055 228 202 248 47 0.710909 255 239 255 5 1.9513 255 248 255 4 -2.89661 255 252 255 2 -1.5708 250 253 251 3 0.982794 255 255 252 2 -2.03444 251 255 250 0 0 
251 247 255 4 1.10715 255 253 255 3 3.14159 255 255 252 5 -2.2143 253 253 247 0 0 251 252 250 4 1.5708 255 254 255 10 -1.5708 243 240 255 22 -1.20682 220 215 242 54 -1.19707 169 158 204 36 0.588003 189 174 231 118 -2.44577 117 95 160 5 2.49809 124 99 159 53 1.38431 178 158 200 111 0.823355 255 245 255 14 -2.64765 253 241 255 5 0.643501 255 247 255 4 0.785398 255 253 255 0 0 254 255 253 0 0 255 254 253 0 0 254 255 253 0 0 
255 250 255 2 -0.463648 254 251 253 1 3.14159 252 254 248 1 -1.5708 251 254 245 3 0 249 251 251 4 1.32582 253 254 255 4 -2.67795 255 249 255 9 -1.46014 246 238 255 42 -1.30868 208 192 223 111 -1.12715 107 87 129 53 0.208465 120 96 144 17 1.68791 137 114 158 154 0.876885 254 239 255 7 -1.5708 246 236 253 15 0.694738 255 247 255 2 0.785398 255 252 255 2 3.14159 255 254 254 0 0 255 254 253 0 0 255 254 253 0 0 255 254 253 0 0 
255 253 255 4 -1.5708 253 251 251 1 1.5708 252 255 246 2 1.10715 254 255 247 2 -1.10715 250 253 251 1 -0.785398 249 251 252 3 1.89255 255 251 255 3 2.81984 255 250 255 5 -2.2143 255 241 255 97 -1.56049 159 141 178 104 -0.42504 118 95 139 120 1.35392 236 215 254 26 0.866302 254 240 255 7 0.694738 255 249 255 5 3.14159 255 250 255 2 -1.10715 254 250 255 3 0.588003 255 254 254 0 0 255 254 253 0 0 255 254 253 0 0 255 254 253 0 0 
255 253 255 0 0 253 251 251 0 0 253 255 246 0 0 255 255 248 0 0 251 255 250 0 0 248 250 251 0 0 253 249 255 0 0 254 247 255 0 0 255 242 255 0 0 254 237 255 0 0 144 122 164 0 0 253 232 255 0 0 255 246 255 0 0 253 244 255 0 0 255 252 255 0 0 255 254 255 0 0 255 254 254 0 0 255 254 253 0 0 255 254 253 0 0 255 254 253 0 0 
