181 220 248 17 0.54042 190 225 255 37 -3.08759 188 214 255 71 -2.54581 148 169 250 84 2.97449 164 184 255 94 3.13095 167 186 255 107 2.98257 186 205 255 87 2.93527 207 228 255 82 -3.11721 207 236 255 25 -3.06176 207 237 248 6 1.40565 215 240 255 7 -2.7367 210 234 255 10 2.28963 218 240 255 93 -2.9694 198 221 255 101 -2.81984 166 185 242 68 2.92134 180 199 255 116 3.04705 191 210 255 103 3.08341 197 221 255 32 2.92623 204 236 255 13 -1.20362 191 227 237 0 0 
196 233 255 47 -2.00615 153 185 234 33 -2.35619 129 151 229 93 -2.38649 65 83 174 9 0.321751 70 87 174 14 -2.25653 61 77 160 37 1.6248 100 115 194 32 2.39965 125 142 205 86 2.45424 182 206 242 74 2.8113 208 233 255 9 -2.92292 208 229 255 5 -0.54042 203 224 255 156 -2.62641 126 143 194 30 -2.42585 102 120 181 25 -3.02216 99 112 186 42 -2.22364 64 77 155 24 1.65394 89 102 178 77 1.71269 166 184 245 76 2.5244 210 236 255 106 -3.01028 196 227 250 0 0 
176 209 254 48 -1.36116 129 156 220 112 -2.49455 61 75 177 13 1.49402 74 84 198 19 -2.24554 61 72 176 25 -0.158655 59 69 170 15 1.8314 76 83 186 35 -2.49809 58 66 156 53 1.36233 112 126 192 102 2.16151 199 215 255 24 2.62245 213 227 255 153 -1.91734 67 80 142 38 1.19991 103 109 192 26 -2.13753 77 83 180 36 -0.110657 73 76 181 17 -0.62025 63 64 174 46 0.328553 80 80 188 26 1.5708 108 110 204 56 3.14159 108 120 186 109 1.38769 216 233 255 0 0 
186 214 255 173 -2.13001 39 60 141 69 0.335324 62 70 189 25 3.14159 62 66 198 30 0.80865 86 91 213 43 -2.27441 55 60 175 49 -0.181649 48 50 168 20 1.10715 69 70 180 16 -1.26791 55 60 151 144 0.99239 178 185 255 91 -2.93127 161 167 244 104 -2.30219 81 86 171 15 0.551655 89 88 192 41 2.39066 113 111 230 41 -2.45928 87 82 211 41 2.63449 107 100 234 34 -2.1508 80 72 202 34 -1.08084 52 48 161 79 1.26492 128 132 220 79 2.37405 183 192 255 0 0 
94 115 197 14 0.832981 105 121 218 68 -1.71681 37 41 173 73 0.679005 83 84 226 34 -2.23184 58 59 193 46 1.87885 104 104 234 62 -2.24304 57 56 184 14 1.78189 74 71 194 59 1.33395 134 134 242 54 -2.10808 89 88 191 26 3.14159 91 89 189 30 0.165149 94 92 198 35 -1.59936 59 53 170 26 1.49402 81 76 205 36 -2.1588 51 41 185 39 1.18564 87 77 223 23 2.88641 93 86 223 29 -2.28315 71 69 192 20 -2.89661 66 72 171 103 1.4152 168 178 255 0 0 
104 120 216 31 -0.291457 95 107 215 43 -3.11834 94 97 231 50 -2.45447 62 62 206 23 -0.994421 44 44 182 29 0.712358 65 64 198 16 -2.22649 54 52 182 53 0.61377 88 84 209 28 2.53379 106 102 221 45 -1.41648 63 58 173 56 1.74751 121 115 228 26 -1.53235 95 88 203 34 -1.21203 61 55 174 8 0.463648 63 55 185 16 2.83871 66 56 200 1 -0.785398 64 54 201 18 2.58299 72 68 204 47 -0.501013 47 50 172 32 1.22982 80 87 190 78 1.27323 155 166 255 0 0 
134 148 250 89 -1.98449 52 63 174 15 0.197396 55 60 189 21 1.14794 75 77 215 14 -2.25653 66 67 201 13 -1.344 55 56 184 47 1.04121 98 98 222 67 -2.57828 65 63 183 49 1.1791 113 109 228 71 -2.08472 53 47 164 75 1.1012 122 115 230 80 -2.95395 107 101 212 43 -0.982794 69 66 176 30 -2.42585 47 44 160 22 1.48014 67 61 192 52 -0.352044 48 42 177 70 1.28474 114 113 241 64 -2.1588 58 63 178 44 1.32035 101 113 209 64 2.38915 145 160 246 0 0 
100 114 210 34 -1.12013 67 80 184 3 -2.1588 64 71 194 9 2.92292 68 70 202 17 3.08284 69 72 200 42 0.188221 79 81 205 41 -1.81578 43 42 162 44 1.12735 84 82 201 63 -3.01528 80 74 193 7 1.8491 89 82 197 48 -1.25558 43 38 147 90 1.31515 131 127 232 86 -1.87437 48 44 149 24 2.9362 51 48 158 72 1.24905 118 113 236 54 -2.09223 69 65 190 34 0.358771 81 78 201 9 -2.27942 73 76 185 18 -0.982794 58 68 156 85 1.66464 143 156 234 0 0 
117 135 212 81 -0.628796 67 83 172 10 -1.19029 57 64 179 20 -0.291457 51 56 179 60 1.47113 113 117 236 56 -2.25653 71 73 191 29 -0.386876 62 61 181 43 -1.31464 23 18 141 91 0.615186 80 71 192 42 2.54052 105 97 211 46 -0.953041 67 66 160 40 1.84571 106 105 197 138 -2.51546 24 21 124 67 0.879853 74 70 183 62 0.306676 91 87 206 28 2.70918 103 98 219 31 -0.965252 81 72 192 9 1.15257 91 85 192 34 -1.86503 58 61 142 148 1.19154 196 203 255 0 0 
183 207 255 110 -1.48014 73 92 165 100 0.0599282 79 90 188 21 -1.14794 59 65 178 37 0.499347 79 83 196 21 2.05527 100 100 218 50 -2.58091 74 70 195 29 0.832981 98 91 218 62 -1.99874 45 35 159 93 1.1645 132 125 236 139 -2.56552 58 56 145 81 -2.27809 0 0 81 109 0.740268 68 63 168 71 1.30209 136 128 245 91 -2.32543 67 59 183 63 1.09297 123 116 237 58 -2.39232 88 78 192 46 -0.108271 85 78 175 33 1.84496 117 119 190 117 1.07281 220 227 255 0 0 
195 223 255 20 -1.71969 175 199 251 87 -1.35088 90 106 183 71 0.0562785 94 103 201 25 -1.41214 69 73 186 16 -1.05165 57 55 179 36 1.68145 96 87 221 24 -1.77619 74 63 197 22 0.266252 83 71 197 68 -1.6588 17 8 119 26 -0.463648 7 3 92 72 1.66771 77 75 164 22 0.563316 87 80 191 20 -2.45928 73 62 188 26 1.22524 96 84 220 52 -2.83189 82 71 198 49 1.73263 136 127 231 64 -1.93685 78 75 155 135 0.795814 175 180 235 69 0.826192 226 235 255 0 0 
194 224 251 7 0.2783 194 223 255 33 -1.42042 161 184 240 79 -0.91972 98 113 192 58 -0.364735 79 82 190 26 -1.45592 54 50 175 37 1.19029 93 82 216 55 3.0871 98 84 219 41 -2.58043 79 65 190 44 -1.00748 43 32 142 78 -0.57744 0 0 85 98 1.44895 98 94 183 23 -1.7005 73 64 175 12 1.65394 83 70 198 50 -2.41169 48 34 170 45 0.612538 74 64 188 36 1.9614 111 109 198 60 1.28568 171 177 236 70 0.775298 220 233 255 7 1.1659 227 244 255 0 0 
202 233 254 5 3.14159 201 232 255 11 2.11122 211 239 255 56 -1.73015 155 175 232 78 -1.20454 83 89 184 47 -0.321751 68 66 185 34 -1.54139 38 29 156 72 0.321751 64 51 179 67 2.56583 105 90 211 7 2.55359 111 99 205 97 -1.55018 14 8 97 83 1.59489 97 90 181 21 -1.38257 74 64 171 30 -2.19482 47 35 155 69 0.631974 86 74 200 28 -2.08128 61 55 162 102 0.688481 126 134 201 128 0.785398 217 235 255 3 2.55359 219 243 255 6 -2.46685 215 241 253 0 0 
197 230 246 6 -0.165149 196 229 245 8 0.950547 202 236 252 19 -1.7274 183 211 246 61 -1.13613 128 141 217 84 -0.776995 71 73 175 38 1.0612 109 101 218 104 -1.7249 7 0 117 152 0.617191 99 86 201 90 3.00904 113 102 204 101 -1.66948 14 7 92 90 1.77035 103 96 181 101 -2.70437 58 47 151 63 0.886179 105 94 204 29 -1.40006 74 67 172 86 0.908736 140 142 226 94 0.959199 217 231 255 3 -1.89255 214 237 255 14 0 214 241 251 1 3.14159 214 243 247 0 0 
203 236 251 5 -2.76109 201 235 248 4 -2.89661 200 236 244 10 1.27934 210 241 255 22 -1.66146 190 209 255 101 -1.38303 90 100 177 102 -0.00980361 93 91 191 48 0.857736 133 124 235 135 -1.94856 9 0 108 111 0.970357 103 94 191 139 -2.24442 0 0 68 15 1.89255 11 7 83 147 0.650304 98 90 185 14 1.49949 110 103 200 29 0.712358 127 130 205 96 0.800103 196 206 255 30 0.80865 220 235 255 16 0.828849 234 252 255 23 -2.44685 219 241 246 2 -1.10715 217 241 239 0 0 
195 232 246 3 -2.81984 196 232 242 6 1.73594 203 239 245 5 1.76819 208 242 255 5 -2.9442 209 234 255 17 -1.62955 194 209 255 74 -1.28322 125 130 209 79 -0.605545 81 80 174 16 -0.915101 72 64 164 69 -0.978826 16 9 100 28 -1.24905 0 0 59 137 1.47619 129 127 193 46 -2.52384 101 95 176 39 2.06814 136 132 207 86 0.834539 196 204 255 35 0.705568 219 233 255 13 1.04272 233 248 255 89 -2.95076 216 235 250 11 0.348771 220 242 248 4 1.5708 224 248 248 0 0 
186 229 244 1 0.785398 189 231 244 6 1.40565 201 237 247 1 2.35619 205 236 251 4 2.35619 210 235 255 7 2.44685 217 236 255 27 -1.68145 190 204 255 103 -1.31643 90 99 166 71 0.224711 109 108 194 92 -1.87885 25 19 106 69 -0.335324 5 1 72 86 1.61727 93 91 151 18 -0.439843 87 84 139 136 0.962471 197 200 245 50 0.715092 227 237 255 3 2.1588 226 243 255 83 -1.58284 143 162 183 104 0.900533 225 245 255 70 -3.04192 218 240 252 15 -0.463648 211 233 244 0 0 
184 231 245 1 2.35619 188 232 245 4 1.81578 198 237 246 1 -2.35619 202 234 245 3 0 206 232 249 8 1.5708 214 238 255 7 2.86329 216 237 255 56 -1.4289 160 176 223 95 -1.04121 79 84 159 39 0.152649 89 88 168 94 -1.40042 3 0 64 107 1.58949 112 110 162 58 1.14559 167 168 206 99 0.806672 237 243 255 14 -2.64765 225 239 255 6 0.674741 225 245 255 19 -2.10252 208 228 245 54 -1.31254 153 176 192 101 0.86217 230 253 255 39 -2.46293 205 228 244 0 0 
183 232 240 1 1.5708 187 233 240 4 1.81578 197 238 241 4 2.35619 205 240 244 3 -0.982794 206 235 242 4 0.244979 207 234 248 17 1.80189 224 248 255 19 -2.17308 208 227 255 91 -1.51591 118 127 191 96 -0.177073 105 107 177 114 -1.30683 1 0 56 133 1.61588 136 138 179 129 0.86217 236 240 255 11 -2.11122 224 233 253 13 0.942 230 247 255 19 -2.53931 215 237 249 7 1.2925 222 243 255 11 -3.05093 219 242 255 20 -1.71969 199 222 238 17 1.39612 216 239 255 0 0 
183 234 237 0 0 186 234 236 0 0 194 236 235 0 0 207 243 243 0 0 210 241 244 0 0 203 232 241 0 0 213 239 255 0 0 213 234 255 0 0 213 224 255 0 0 135 140 203 0 0 0 0 47 0 0 220 223 255 0 0 230 235 255 0 0 232 242 255 0 0 214 233 241 0 0 217 240 248 0 0 211 232 247 0 0 216 239 255 0 0 202 225 241 0 0 179 202 218 0 0 
