94 116 241 17 2.65164 101 124 250 28 -1.49949 67 94 228 9 -0.321751 68 93 219 23 -2.60117 65 85 196 34 -0.0587558 70 85 187 84 -0.0594537 72 80 181 96 0.134598 83 91 198 57 0.409437 101 111 229 27 -2.92292 91 104 226 26 2.32917 112 125 241 20 -3.09163 113 125 237 82 -2.59074 77 82 191 49 -0.161837 69 75 180 104 0.154108 79 94 194 81 -0.134977 67 82 185 72 0.22165 83 93 211 29 1.98902 108 118 242 19 2.98499 107 120 248 50 2.94028 116 131 255 0 0 
85 102 223 33 0.827041 108 128 247 41 -2.61352 85 109 223 48 -2.42853 57 80 182 115 0.370891 109 126 213 110 0.44752 163 176 254 57 0.122195 175 184 255 50 -0.631691 143 153 231 91 -0.669639 81 92 184 128 0.0234332 82 93 191 26 0.704494 99 109 210 74 -2.38476 52 60 154 162 0.485622 133 138 223 96 0.496044 179 186 255 32 -0.185348 169 182 255 49 -0.436627 145 160 239 91 -0.816158 76 89 181 133 0.150371 92 105 209 27 -1.38769 62 76 189 60 1.07013 111 128 245 0 0 
118 125 242 36 -1.936 86 95 198 25 -2.07014 66 82 158 157 0.79885 186 201 255 51 0.717012 227 238 255 6 2.24554 237 246 255 10 -2.07789 230 241 255 1 1.5708 231 241 255 8 -0.124355 225 235 255 105 -1.55175 118 125 180 120 -0.493379 63 65 130 202 0.813363 212 213 255 26 0.704494 234 237 255 9 -0.785398 227 234 255 12 0.610726 232 241 255 7 -0.404892 224 237 255 6 0.321751 219 236 255 107 -1.53343 106 124 185 103 -0.029118 96 113 199 38 2.37437 120 136 236 0 0 
109 113 225 34 -1.83705 81 86 177 100 1.65063 188 199 251 52 0.91972 239 247 255 13 -2.40878 237 241 255 8 0.463648 245 248 255 5 -0.785398 241 248 243 12 0.785398 246 255 252 7 -1.97569 236 248 254 7 -0.141897 235 242 255 24 -1.61244 212 211 250 41 0.750929 242 241 255 4 2.03444 250 253 255 6 -2.46685 247 252 250 5 0.785398 250 255 255 6 -2.46685 242 250 255 4 0 233 248 255 8 -1.32582 218 234 255 134 -1.51117 75 89 161 71 0.401229 98 112 200 0 0 
98 107 211 33 -1.87368 73 80 165 150 1.19646 227 232 255 2 3.14159 238 239 255 13 0.732815 254 249 255 1 0 255 252 255 2 2.67795 253 255 249 5 -2.60117 247 255 245 3 2.1588 246 255 251 9 -1.78947 237 247 247 9 0.785398 248 249 255 4 -1.81578 245 245 255 5 0.197396 248 252 247 6 0.896055 255 255 248 12 -2.71497 250 251 249 7 0.785398 253 254 255 2 -1.5708 246 251 255 2 -0.785398 235 243 255 76 -1.67567 148 155 224 66 -0.999459 85 94 181 0 0 
81 100 199 33 1.80863 125 138 217 83 1.45089 229 231 255 15 0.927295 253 250 255 11 3.14159 255 251 255 7 -2.7367 255 251 252 3 -0.588003 248 252 246 0 0 243 254 244 5 0.54042 246 255 247 2 3.14159 246 255 252 1 -2.35619 248 251 255 3 0.588003 252 253 255 1 0 254 255 250 10 -1.9513 244 247 238 15 0.785398 255 255 254 0 0 255 254 255 2 3.14159 253 253 255 13 -2.03444 232 236 255 33 -1.2397 188 191 255 92 -1.39675 90 94 182 0 0 
64 93 192 51 1.5904 127 149 227 82 1.52205 236 241 255 8 -1.81578 244 239 254 9 0.418224 253 246 249 9 0.785398 255 255 254 5 -2.11122 243 251 250 7 0.785398 244 255 255 6 -2.46685 240 252 254 1 1.5708 243 252 255 3 0.982794 250 252 255 3 3.14159 251 252 255 7 -2.44685 246 249 253 7 0.785398 253 255 255 1 3.14159 255 254 255 2 -1.5708 255 252 254 4 -1.5708 251 247 253 7 0.694738 247 245 255 27 -1.71787 206 206 255 108 -1.72836 92 93 183 0 0 
60 92 192 56 1.46406 128 153 233 84 2.02386 232 239 255 5 2.49809 253 249 255 2 1.10715 255 254 254 3 -2.1588 255 253 248 3 0.982794 248 255 255 7 -2.35619 239 251 253 5 0.197396 242 251 255 4 0.785398 247 252 255 7 -2.86329 248 248 255 3 -0.982794 247 245 255 6 1.40565 251 254 255 1 -1.5708 252 253 255 1 2.35619 255 254 255 2 -1.5708 255 252 254 2 0.785398 255 253 255 5 -2.11122 243 241 255 40 -1.67046 189 187 255 108 -1.79346 74 74 174 0 0 
67 95 203 19 0.748378 93 114 199 117 1.96233 230 235 255 9 2.1294 255 250 255 1 -0.785398 255 252 252 2 0.463648 255 255 250 4 -2.03444 246 252 247 7 0.785398 248 255 255 1 -1.5708 249 254 255 7 -1.8491 245 245 251 8 0.950547 255 249 255 4 -1.32582 254 245 255 7 0.785398 255 253 255 4 -2.67795 253 253 253 4 2.67795 255 255 255 0 0 255 254 255 8 -2.78282 252 249 255 6 -1.89255 235 234 255 60 -1.50423 161 159 248 92 -2.16477 75 75 189 0 0 
83 107 221 46 -1.37758 49 67 158 152 1.35924 223 227 255 67 2.93257 253 249 255 12 3.14159 255 253 255 5 -2.49809 255 253 248 4 0.785398 253 255 252 4 3.14159 250 255 252 3 -2.1588 250 253 251 3 0 254 252 252 6 2.67795 255 252 255 3 3.14159 255 252 255 10 -2.76109 255 250 251 4 -0.463648 251 249 248 8 0.785398 255 255 255 8 -1.92957 245 246 250 8 0.358771 245 245 255 1 0 234 237 255 116 -1.69091 104 106 201 36 -2.77639 84 85 205 0 0 
94 113 234 37 -0.670522 81 94 198 51 1.7072 152 155 223 100 2.39842 234 232 255 12 2.41495 251 246 255 4 2.03444 255 255 254 6 -2.46685 247 253 248 4 0.463648 249 255 247 2 0.785398 255 255 248 11 -2.23184 250 249 239 10 0.643501 255 253 246 7 -1.1659 252 246 241 14 0.785398 255 255 252 3 3.14159 255 255 255 7 -2.7367 250 252 253 4 0.785398 248 253 255 9 -2.72337 237 244 255 16 -1.9513 213 222 255 174 -2.25089 65 73 167 51 0.880996 97 107 221 0 0 
125 141 255 60 -1.77145 73 86 194 33 -0.504166 71 78 158 134 1.43628 215 219 255 98 2.98817 238 242 255 6 2.97644 243 250 253 7 0.785398 250 255 254 10 3.14159 250 255 249 7 -1.8491 246 253 240 9 0.708626 255 255 246 1 2.35619 255 255 245 3 3.14159 255 255 248 3 -1.5708 254 253 249 4 -1.10715 246 248 249 9 0.785398 248 254 255 13 -2.40878 232 242 255 9 -0.110657 224 234 255 131 -2.0175 96 108 174 29 2.90474 92 105 203 12 1.07145 98 112 224 0 0 
113 131 248 18 -1.24905 98 116 223 31 -1.03584 78 95 182 30 0.624023 105 120 183 111 1.88971 220 235 255 83 2.99801 239 254 255 20 -2.63449 234 246 246 10 0.851966 246 255 249 2 0.785398 250 255 249 6 -2.81984 251 255 246 1 -1.5708 252 255 244 4 0.785398 255 255 249 8 -3.01724 252 254 254 1 0.785398 248 254 255 10 -1.86225 229 244 253 10 1.76819 232 248 255 77 -2.08672 158 170 236 135 -2.40823 60 71 161 61 0.750929 95 109 215 48 1.20959 136 153 255 0 0 
120 140 247 8 -1.5708 114 134 235 18 -1.5708 96 119 211 42 -1.3597 59 82 158 62 1.19327 128 144 203 104 2.30861 216 227 255 59 2.88852 240 247 255 6 2.67795 248 254 255 7 -2.26553 244 251 248 6 0.674741 249 255 249 2 0.785398 255 255 251 9 -2.1294 245 248 246 8 1.32582 251 254 255 3 -1.5708 241 249 255 9 -1.89255 222 236 255 34 -2.27305 189 203 255 177 -2.32035 52 64 146 64 1.01711 99 114 214 14 1.4289 110 127 230 39 0.785398 134 155 255 0 0 
126 146 234 24 -0.334737 116 137 228 21 -2.71874 103 128 220 29 -1.2598 79 99 194 51 -0.744325 55 60 163 98 1.12072 154 152 241 107 2.46831 234 229 255 82 3.09285 245 241 255 7 2.55359 250 251 255 2 2.67795 253 255 255 8 -2.52134 250 249 253 3 -0.321751 249 247 253 8 0.785398 253 252 255 16 -2.76109 238 242 255 42 -2.42276 200 203 255 183 -2.39093 64 72 155 44 0.594214 82 96 185 47 0.501013 100 118 211 45 1.06795 136 158 253 37 -1.89255 98 123 217 0 0 
152 170 253 51 -1.72639 98 119 204 33 0.637549 114 138 226 22 0.0454233 117 136 235 30 -1.50423 94 98 216 38 -1.46592 65 62 172 80 1.03465 143 140 220 99 2.20625 230 228 255 104 3.06482 241 245 255 12 -2.81984 239 245 255 5 1.03038 246 249 255 4 2.67795 246 250 255 16 -1.9513 228 232 255 47 -2.63036 198 202 253 174 -2.30361 59 60 150 52 1.07297 98 103 206 42 0.785398 122 137 230 4 2.35619 122 142 229 7 0.876058 126 148 236 37 1.73156 161 186 255 0 0 
146 160 248 16 -1.5708 128 145 231 29 0.54042 143 162 243 26 -2.35619 124 141 228 31 -1.10715 94 108 210 50 -0.0199973 95 105 212 32 -1.88284 66 76 177 50 0.757628 106 118 196 105 1.88954 212 231 255 114 3.0454 226 248 255 9 -2.92292 224 246 255 5 3.14159 221 241 255 109 -2.66565 167 180 248 149 -2.41773 63 73 167 21 0.588003 73 80 189 75 0.738703 122 132 240 3 -1.5708 119 134 226 15 0.785398 128 149 230 15 -0.321751 123 144 226 38 -0.767218 96 117 198 0 0 
146 160 249 19 0.486899 155 170 255 33 -2.10101 128 144 220 30 0.478352 140 157 236 10 2.28963 144 161 254 61 -1.48901 80 96 202 31 0.534955 94 110 223 36 -1.8491 63 78 180 21 1.046 91 107 176 117 1.73315 208 230 255 147 3.12799 210 233 255 154 -2.50327 115 136 197 75 -2.09983 44 60 157 46 0.724866 72 86 199 78 0.694738 124 137 247 20 -2.89661 119 134 236 14 0.588003 130 147 234 16 1.9513 145 165 243 18 2.70175 153 173 251 22 -2.35619 137 157 235 0 0 
161 176 255 42 -2.50757 138 153 239 19 2.28489 155 172 245 36 -2.55359 133 152 225 20 1.71969 149 168 255 39 -1.673 107 124 227 23 -1.12638 84 96 220 41 -0.344647 72 81 208 44 -0.250443 70 74 186 27 -0.44752 61 66 165 36 0.746956 86 92 187 17 -2.78282 75 86 184 47 0.168597 78 89 203 67 0.986926 132 146 255 43 -2.37259 104 122 215 28 1.28274 131 154 234 14 -2.40378 124 144 222 35 0.113792 128 148 225 20 0.463648 137 157 234 15 -0.785398 126 146 223 0 0 
127 142 234 0 0 125 140 226 0 0 125 143 214 0 0 130 150 221 0 0 145 166 248 0 0 115 135 236 0 0 123 133 255 0 0 115 120 255 0 0 95 92 225 0 0 88 84 209 0 0 69 68 188 0 0 122 126 244 0 0 115 123 246 0 0 99 116 226 0 0 112 133 218 0 0 120 145 217 0 0 159 180 255 0 0 146 166 243 0 0 148 168 245 0 0 140 160 237 0 0 
