255 248 255 3 -1.89255 252 246 255 12 -2.29744 239 237 255 3 0.321751 237 235 255 132 -2.99756 216 209 255 124 3.13353 219 206 255 106 3.06626 232 211 255 141 3.05669 246 227 255 40 2.91479 255 245 255 11 -2.79282 249 247 255 14 -2.9997 242 248 253 5 1.03038 243 249 255 21 -2.42276 228 222 255 68 -3.03901 221 210 255 149 3.12146 225 212 255 158 -3.11628 221 211 255 136 3.03174 236 229 255 65 -3.11083 233 235 255 8 1.44644 244 254 254 2 -2.03444 242 255 241 0 0 
255 246 255 11 -2.03444 242 234 255 7 2.86329 237 233 255 194 -2.38891 99 96 152 53 -0.226799 85 76 156 63 0.301951 106 91 183 29 -1.15257 84 63 156 114 1.59711 202 181 255 139 2.87219 240 228 255 32 -2.92623 232 227 255 15 1.50423 243 244 255 19 -2.35619 226 225 255 123 -2.57611 156 147 228 126 -2.37295 66 52 153 10 -0.643501 62 46 147 24 0.844154 80 66 160 87 1.76595 168 158 235 123 2.5984 234 230 255 83 3.06943 241 248 255 16 -2.89661 237 251 247 0 0 
245 240 255 12 -1.73594 228 222 255 160 -2.16053 85 79 161 82 0.828107 138 131 242 29 -3.03851 132 120 255 56 -2.58299 102 86 234 46 -2.01522 67 42 192 17 -1.39612 55 32 160 140 1.42085 200 186 255 139 2.95404 227 217 255 7 3.14159 226 215 255 119 -2.08683 116 105 198 84 -2.46501 60 40 169 27 0.414507 65 45 194 5 2.76109 66 45 202 15 -1.5708 52 33 180 18 -0.165149 55 37 160 88 1.41124 147 135 223 120 2.49146 224 223 255 19 1.94169 242 249 255 0 0 
238 232 255 100 -1.74085 134 126 197 25 2.64225 133 124 241 35 -2.39617 101 89 241 62 -2.77905 73 60 236 43 -3.09511 71 55 240 31 -2.49172 59 36 218 3 2.81984 67 43 203 19 -1.67567 56 38 155 156 1.46225 213 199 255 80 -2.43567 161 143 255 138 -2.20705 45 26 159 59 0.690446 78 54 220 19 -1.46592 55 29 213 23 0.308053 59 34 224 9 0.321751 63 41 220 7 -1.1659 65 41 197 23 -1.39861 48 29 148 164 1.38769 213 208 255 102 2.92504 237 238 255 0 0 
214 207 255 107 -1.84273 105 96 193 8 1.5708 102 89 234 65 -2.11645 37 23 201 7 -1.2925 23 10 208 25 0.674741 41 25 227 3 2.1588 51 30 222 6 0.321751 60 37 211 17 0 65 45 194 78 1.43069 145 126 255 100 -2.32803 72 50 198 19 1.03907 86 62 226 7 -2.26553 74 48 238 1 0.785398 72 46 248 6 -1.40565 64 41 240 11 -0.266252 63 40 232 6 -1.5708 66 37 216 6 0.463648 76 50 197 32 1.69515 111 101 191 112 1.65098 225 222 255 0 0 
180 169 255 80 -1.9513 99 88 212 26 -1.5708 65 48 215 34 -2.52134 37 19 216 13 1.00407 45 25 238 6 -2.03444 39 19 232 13 0.942 57 34 232 20 0.682317 74 52 235 9 -2.43297 73 50 219 11 -0.179853 71 50 213 19 0.305879 75 55 221 13 0.152649 74 54 230 16 0 72 48 244 18 0.0554985 71 46 250 7 0.588003 75 52 250 14 -1.22777 65 40 232 8 0 72 40 229 8 -0.950547 68 44 200 34 0.887087 101 89 189 115 1.5708 217 213 255 0 0 
146 132 255 46 -1.8314 98 81 226 59 -2.01952 38 14 198 17 1.03038 50 21 230 1 0.785398 47 19 239 7 0.785398 54 25 242 22 1.00748 78 49 248 11 -2.11122 70 43 230 13 1.10715 82 57 237 9 0.708626 86 66 239 2 3.14159 83 70 232 5 1.03038 86 74 240 4 0.463648 88 70 253 13 -2.13753 79 58 245 15 0.197396 87 61 245 13 -2.13753 80 50 233 13 -0.226799 77 47 230 13 0.837981 88 67 220 7 2.35619 99 90 187 112 1.55294 213 212 255 0 0 
134 116 253 59 -1.41942 72 51 207 34 -2.56159 49 19 214 8 0.950547 53 20 235 5 1.5708 58 23 244 12 1.5708 71 37 252 3 0.321751 74 44 241 5 0.380506 76 50 234 17 0.825377 87 65 243 5 -0.54042 83 66 234 13 0.394791 82 75 232 10 0.588003 88 82 237 10 -1.0637 81 69 235 19 0.602287 97 78 249 19 -1.46592 85 58 228 12 0.785398 96 67 237 7 -1.97569 86 60 232 6 -0.674741 83 64 210 13 1.17601 101 95 184 111 1.52578 214 215 255 0 0 
145 127 255 102 -1.25214 44 23 175 15 1.8314 56 24 219 4 0.463648 56 19 235 5 1.19029 61 25 239 15 1.43824 76 42 250 4 0.785398 81 49 244 9 1.24905 88 63 243 7 2.26553 92 75 238 8 2.62245 93 84 235 15 0.132552 91 88 234 3 0.588003 93 90 235 10 0.197396 99 91 238 5 -0.643501 101 86 237 12 -1.81578 96 72 226 15 -0.197396 95 68 225 9 0.110657 92 69 227 23 -2.9694 90 74 205 64 0.188221 106 103 182 110 1.67946 219 222 255 0 0 
181 165 255 137 -1.32759 44 24 161 25 1.12469 62 31 216 10 3.14159 58 23 233 5 1.19029 61 29 237 22 0.785398 77 48 248 5 2.60117 80 55 243 2 2.67795 81 61 234 12 0.321751 85 71 226 28 1.17056 108 102 243 14 -2.40378 96 93 232 15 0.605545 105 103 239 4 -1.32582 103 99 235 11 -1.03038 98 88 225 12 0.499347 111 91 234 12 -2.29744 104 81 227 32 -1.28824 73 51 193 93 1.07831 155 142 255 72 -2.08994 97 94 163 132 1.0835 216 219 255 0 0 
219 207 255 155 -1.50637 60 44 152 111 0.0180161 53 28 192 12 1.89255 58 31 224 19 1.51821 72 49 248 14 -2.79857 65 45 241 7 0.876058 75 56 237 15 1.24905 92 76 241 4 2.35619 95 85 232 7 0.588003 99 92 229 15 1.10715 111 107 242 12 -2.89661 108 104 239 11 0.0906599 111 104 241 7 -0.785398 107 99 236 13 -1.344 100 85 223 12 0.726642 111 94 229 12 2.81984 119 100 227 31 0.0644268 124 110 212 46 2.27942 163 159 218 97 0.857736 239 241 255 0 0 
234 226 255 54 -1.44189 175 164 244 128 -1.0758 51 34 169 93 0.182722 61 39 211 17 2.9105 58 39 226 15 1.10715 70 53 241 10 2.55359 78 63 238 7 1.2925 89 74 235 13 1.04272 102 90 240 5 2.11122 107 98 238 5 -1.03038 101 96 227 21 1.14794 121 116 247 5 -1.9513 116 110 245 10 -0.71883 112 102 238 8 -2.08994 109 96 228 22 -0.625485 101 86 208 67 0.774872 153 137 244 79 -2.30267 100 86 168 179 0.801145 230 227 255 12 0.96007 242 243 255 0 0 
246 242 255 2 3.14159 241 234 255 82 -1.65596 149 136 238 117 -0.900045 49 31 174 111 0.253674 70 51 222 22 -3.05093 67 46 225 20 0.956133 85 66 235 13 2.03444 99 80 243 8 2.89661 103 84 241 13 2.13753 114 98 245 5 2.9442 111 106 235 9 1.15257 120 116 241 5 1.76819 127 118 252 28 -2.40615 110 99 231 33 0.463648 130 116 241 17 1.68791 153 139 245 62 -2.10575 106 92 174 174 0.752889 230 219 255 14 0.832981 243 239 255 9 0.785398 251 251 255 0 0 
248 246 252 8 -0.62025 238 235 255 4 -2.67795 229 220 255 57 -1.39713 165 152 254 117 -1.05376 57 41 172 145 0.22165 87 68 215 10 -3.04192 86 65 217 14 2.40378 96 74 230 3 0.982794 99 76 234 13 1.72345 111 92 243 11 1.03038 117 109 240 12 2.81984 121 116 239 25 -2.49809 108 101 222 48 0.713061 145 136 247 31 -2.57967 135 123 219 42 -0.314232 128 116 192 151 0.766709 238 229 255 2 1.5708 243 238 255 11 0.785398 253 252 255 7 -2.55359 251 251 251 0 0 
255 255 252 16 -1.81578 237 237 243 18 0.708626 244 242 255 9 -1.68145 231 227 255 19 -1.19991 210 204 255 123 -1.31799 88 76 164 136 -0.0147048 86 64 183 48 0.491164 106 80 220 19 -3.08901 101 76 228 23 1.12638 117 98 249 18 -2.70175 105 95 232 10 -2.76109 101 96 217 54 0.876058 148 145 244 62 -2.60664 124 120 195 84 0.634023 184 178 227 78 0.794407 245 240 255 4 -1.32582 243 240 255 12 0.96007 255 255 255 7 -2.26553 251 252 242 10 -1.27934 241 244 229 0 0 
253 254 245 2 0.785398 253 254 252 3 -1.5708 248 247 255 5 -0.197396 244 244 255 6 1.40565 248 246 255 18 -2.1588 231 225 255 96 -1.41419 134 118 202 99 -0.40095 92 69 183 68 0.424194 115 90 228 26 -2.91479 105 82 226 9 -3.03094 100 86 218 44 1.15711 141 134 245 63 -2.31178 102 97 176 132 0.747983 199 196 245 51 0.799096 244 242 255 5 0.380506 252 249 251 2 0.785398 254 253 249 2 -0.785398 252 253 243 4 0.463648 254 255 242 3 0.982794 255 255 244 0 0 
253 254 252 2 0 253 253 253 3 2.55359 255 253 255 7 -2.44685 248 247 255 7 -0.785398 241 240 255 11 1.03038 250 246 255 19 -1.98902 230 221 255 70 -1.39861 157 143 221 92 -0.708626 94 71 187 34 0.321751 103 77 207 26 1.45592 129 107 225 52 -2.75407 111 95 189 121 0.872894 207 199 255 43 0.736257 240 236 255 7 0.876058 249 250 255 1 -0.785398 252 253 251 3 0.588003 254 255 253 0 0 254 255 251 0 0 254 255 251 0 0 254 255 250 0 0 
255 255 254 5 -1.76819 250 250 250 5 -0.197396 249 248 250 6 1.40565 253 254 255 5 -2.2143 249 249 255 5 -0.785398 242 244 255 4 0.463648 244 242 255 11 -1.22203 229 223 255 98 -1.3973 130 112 201 93 -0.203659 110 88 194 38 -2.41069 85 66 159 132 0.94089 194 180 252 65 0.807134 243 236 255 3 2.55359 248 246 255 3 2.55359 252 254 255 6 2.97644 253 255 252 1 -2.35619 254 255 253 1 0 254 254 254 1 0 254 254 254 1 0 254 254 254 0 0 
254 255 250 1 2.35619 255 255 252 5 -1.5708 250 251 249 3 0.588003 250 252 252 3 2.1588 253 255 254 4 -1.5708 246 253 250 4 0.463648 248 253 254 3 2.55359 246 250 255 26 -2.16922 222 215 255 140 -1.4782 82 71 141 134 0.647972 163 155 215 99 0.835003 239 235 255 6 -2.97644 240 241 255 8 0.244979 245 247 255 2 -0.463648 246 249 247 9 0.708626 254 255 250 1 0.785398 255 255 254 0 0 255 255 255 0 0 255 255 255 0 0 255 255 255 0 0 
253 255 247 0 0 255 255 251 0 0 253 254 250 0 0 248 252 247 0 0 253 255 251 0 0 250 255 249 0 0 245 254 244 0 0 231 239 246 0 0 237 233 255 0 0 189 184 235 0 0 230 228 255 0 0 233 234 255 0 0 248 252 255 0 0 247 252 251 0 0 253 255 252 0 0 255 255 251 0 0 255 255 254 0 0 255 255 255 0 0 255 255 255 0 0 255 255 255 0 0 
