255 253 255 2 2.67795 255 255 255 5 3.14159 255 255 255 9 -1.5708 244 245 249 8 1.21203 255 247 255 26 3.10315 255 247 255 66 -3.00606 255 239 255 9 1.15257 255 249 255 9 3.14159 255 248 255 3 -2.55359 255 249 255 2 -1.10715 251 252 248 4 1.32582 251 255 251 4 3.14159 253 253 255 3 -1.5708 252 248 255 9 2.81984 255 250 255 3 -1.5708 255 248 255 1 -1.5708 253 249 255 5 0.927295 255 254 255 6 -2.67795 255 252 251 0 0 255 252 249 0 0 
254 251 253 3 -0.588003 250 249 253 5 1.19029 250 253 255 13 -2.67795 242 243 255 26 -2.22187 221 215 255 108 -2.77309 184 174 220 82 2.30452 250 239 255 54 -3.06765 250 237 255 19 2.83571 255 244 255 36 3.08609 255 249 255 37 -3.08759 248 252 253 1 -0.785398 246 251 254 4 1.5708 248 250 255 30 -2.7367 238 235 255 20 2.49809 253 247 255 26 -3.02672 250 245 255 23 3.05485 250 249 255 39 -3.01408 245 246 255 7 2.7367 254 251 253 8 -2.89661 254 250 249 0 0 
255 255 255 8 -2.78282 248 250 255 9 -1.46014 231 235 255 14 -2.40378 214 218 255 145 -2.32206 102 103 184 27 2.88792 111 107 196 66 1.92603 180 174 245 64 2.64348 216 210 255 89 -3.01862 211 206 238 72 3.1277 212 211 231 42 1.02225 244 250 255 14 -2.9997 239 246 255 86 -2.86011 211 215 255 115 3.14159 209 212 255 102 3.12199 210 215 255 89 3.14159 211 217 255 58 -2.90075 201 203 243 67 2.73088 233 234 255 32 3.07917 240 241 251 12 1.07145 255 255 255 0 0 
245 247 248 10 0.643501 244 248 255 21 -1.52321 211 218 255 113 -2.10519 104 109 194 38 -2.03444 63 64 186 37 0.296546 74 73 201 31 1.07899 109 106 215 13 -0.0767719 115 112 197 26 0.226799 128 126 185 95 1.60236 225 225 255 29 3.14159 223 227 255 71 -1.51452 149 153 206 96 -2.52494 87 89 167 13 1.8693 95 99 188 21 2.35619 106 115 202 33 1.2397 140 149 229 35 -2.57702 128 132 203 59 1.84446 192 195 246 54 2.31725 241 244 255 7 2.35619 250 253 255 0 0 
250 252 255 13 -3.06482 242 245 255 105 -2.2825 146 152 227 76 -2.3007 78 82 200 40 0.485622 88 90 245 29 -2.79857 78 77 241 42 2.47429 109 109 253 46 2.88099 129 128 248 50 -2.6691 114 111 210 72 1.87945 187 183 255 85 2.7459 218 216 255 176 -2.08503 61 59 159 39 0.497343 73 71 195 7 2.86329 69 69 207 45 2.02464 107 110 248 54 -2.97644 99 104 233 55 -3.05093 102 104 216 37 1.86734 146 149 230 81 2.05642 229 234 255 93 3.07717 240 246 255 0 0 
233 235 255 57 -1.55325 169 171 219 89 -2.37207 91 94 192 38 0.896055 110 111 251 62 -2.34496 57 55 231 21 -2.35619 40 38 222 14 1.8491 59 57 223 24 0.519146 76 74 223 36 3.14159 84 77 214 12 1.65394 97 91 222 28 2.08128 122 115 249 76 -2.70735 87 81 224 24 -1.23606 57 52 213 37 -0.296546 42 38 211 7 1.8491 46 43 222 18 -2.58299 37 36 206 39 1.54516 82 82 230 18 2.6292 101 102 212 25 2.41169 131 135 193 102 2.07789 228 233 255 0 0 
231 230 255 123 -1.72529 102 101 169 26 1.64757 115 111 230 39 -1.33824 66 62 217 16 -1.81578 43 38 219 8 -0.463648 36 33 219 42 1.15973 78 76 250 45 -1.70335 37 32 201 39 1.09579 75 66 236 16 -3.07917 76 64 236 41 -2.33925 43 34 208 61 0.819867 86 77 255 51 3.04387 87 81 255 63 -2.25541 35 29 224 12 -0.610726 28 18 225 9 2.27942 37 27 228 25 1.03709 60 56 235 18 2.81984 75 75 213 23 -2.50657 77 80 155 148 1.29805 227 232 255 0 0 
210 205 255 105 -1.49475 100 93 178 48 0.873406 124 115 249 63 -2.21115 64 54 220 39 -0.102207 51 46 229 6 0.896055 53 50 236 17 1.21203 71 68 247 39 -2.57486 51 47 226 2 0.463648 54 45 232 20 -0.750929 40 29 223 42 1.33156 78 70 255 50 -1.89255 28 21 218 33 0.504166 42 38 234 3 2.81984 43 37 240 31 -0.830821 20 9 226 29 1.10715 48 36 250 9 -1.5708 41 33 228 17 2.85554 53 52 202 52 1.03038 115 117 201 109 1.13583 222 226 255 0 0 
218 210 255 82 -1.58299 131 121 214 43 -2.32395 86 74 216 36 0.785398 101 92 255 53 -2.32988 54 49 234 20 2.7886 57 56 242 25 -1.08991 34 35 215 41 0.344647 48 49 229 16 0.999459 64 60 249 21 -2.09559 45 39 234 29 2.60117 56 54 250 18 -2.97644 52 51 247 16 -1.75614 36 37 229 27 1.12328 61 60 255 32 -1.91178 33 24 234 24 0.554308 48 38 244 26 -1.64757 24 17 208 55 1.09902 80 79 229 66 1.85938 161 163 247 68 2.30469 220 224 255 0 0 
219 210 255 113 -1.37513 101 92 182 44 0.575425 112 102 239 50 -2.32842 64 56 223 22 -1.89255 33 31 215 40 1.24117 66 68 255 11 2.79282 70 73 255 41 -2.74307 54 58 241 6 -1.10715 49 51 236 33 -1.69142 16 17 205 53 0.422005 37 36 232 32 0.380506 47 48 246 30 -3.10827 46 48 242 3 0.588003 50 50 244 15 3.07502 52 49 249 12 -2.24554 46 40 235 2 0.463648 50 47 223 9 0.558599 64 64 200 37 1.70512 117 120 195 142 0.82021 228 234 255 0 0 
244 238 255 96 -1.63322 141 134 207 54 -1.09062 77 72 193 47 -0.189199 56 53 209 12 -3.05845 42 44 228 14 1.4289 49 55 252 42 -2.57307 26 32 227 25 1.61077 53 59 248 15 -2.12245 44 50 227 34 0.62025 64 70 247 15 2.9442 67 69 255 60 -2.2143 19 18 216 57 0.588003 49 49 249 21 -2.28963 33 34 232 32 0.244979 43 43 237 22 3.14159 48 48 226 10 0.71883 64 63 213 26 -0.309703 66 67 177 166 0.991141 218 222 255 10 1.67046 235 241 255 0 0 
242 237 255 65 -1.44834 170 166 218 76 -0.346539 128 127 225 78 -1.03907 45 48 183 75 0.173901 46 51 220 35 -0.74542 17 21 210 16 0.785398 27 30 228 19 1.19991 47 50 242 34 2.41734 72 79 253 23 -1.78486 50 55 230 20 -2.03444 32 32 222 46 0.876058 68 65 255 34 -2.11122 38 35 234 32 1.16189 68 67 255 50 -1.99906 26 24 207 50 0.643501 61 63 218 26 1.96559 96 97 217 89 0.706199 164 168 247 51 1.16848 222 228 255 20 0.996491 244 251 255 0 0 
253 252 255 4 -2.89661 245 246 255 58 -1.70786 173 176 244 68 -0.522789 127 132 235 54 -0.694738 81 85 227 38 -1.70162 38 39 207 18 0.390607 43 39 228 15 -1.31019 26 24 214 44 1.45765 70 72 250 34 -2.25451 43 45 223 24 2.08994 64 60 255 18 -2.43297 52 47 246 26 3.10315 57 49 243 34 -0.117109 56 49 230 17 2.11122 75 70 231 20 -1.76819 64 60 189 105 1.32121 174 176 255 20 0.507098 193 197 245 55 0.759763 240 244 255 6 -0.463648 241 245 250 0 0 
251 253 247 5 -1.03038 241 243 253 10 0.982794 239 244 255 51 -1.62955 179 183 254 95 -1.03217 88 91 196 106 -0.151218 67 64 203 53 -0.112728 57 48 219 14 -1.71269 40 30 214 18 1.13095 53 49 228 38 -2.68944 33 31 214 26 0.812419 52 46 241 25 -1.85459 30 22 216 78 0.894059 96 89 255 48 -1.34089 56 48 202 37 0.558599 85 75 205 87 0.11444 102 96 191 122 0.871887 203 203 255 45 0.785398 242 244 255 4 1.32582 251 254 255 8 -2.89661 253 254 252 0 0 
255 255 246 2 -1.5708 250 254 249 3 0 245 248 255 3 2.81984 241 242 255 26 -1.5708 209 208 255 73 -1.18019 136 128 228 99 -0.6637 70 53 198 73 -0.0547398 59 41 212 58 -0.463648 24 13 193 55 0.708626 54 48 233 6 -1.89255 45 40 231 50 0.687124 80 77 253 35 2.43602 112 110 253 60 -2.7 99 93 204 117 0.694738 188 175 255 27 0.073939 197 186 242 69 0.744604 246 243 255 4 0.244979 248 250 255 5 -1.03038 249 247 246 11 0.785398 255 255 251 0 0 
254 255 246 4 2.89661 253 255 249 6 -1.5708 245 249 250 4 1.10715 246 249 255 2 2.03444 246 245 255 18 -1.5708 223 217 255 67 -1.37632 152 136 247 70 -0.362087 119 100 246 38 -1.22426 75 59 224 8 -1.10715 61 49 221 40 1.05165 93 86 255 34 -1.6588 62 58 207 21 -0.233743 66 66 174 169 0.781214 198 195 255 28 0.432408 224 214 255 36 0.785398 255 247 255 6 3.14159 255 252 255 4 3.14159 255 255 255 3 3.14159 255 255 252 8 -1.69515 251 248 243 0 0 
246 251 249 5 1.03038 251 255 254 4 -1.5708 247 252 250 1 1.5708 247 252 253 3 1.89255 248 253 255 5 -1.5708 239 241 255 13 -1.41815 223 215 255 79 -1.40565 140 127 229 60 -0.831876 89 73 204 58 0.137066 94 78 219 42 2.85686 106 92 227 39 -2.88427 97 91 200 131 0.79615 199 197 255 32 0.896055 231 232 255 16 0.785398 251 251 255 6 -1.5708 249 250 248 6 0.321751 251 251 251 1 1.5708 254 252 251 2 2.03444 255 254 253 2 2.67795 255 255 252 0 0 
249 253 254 2 1.10715 251 255 255 4 -1.81578 247 253 248 2 0 247 253 248 4 1.10715 250 255 254 3 -1.5708 245 250 255 2 -0.785398 239 239 255 50 -1.47113 184 181 243 50 -0.588003 154 143 235 106 -1.01914 62 49 151 126 0.11849 77 68 159 181 0.722979 198 194 255 42 0.548549 226 226 255 24 0.785398 248 251 255 8 3.14159 253 255 255 2 3.14159 255 255 249 4 -1.5708 253 252 248 2 0 253 251 250 1 0.785398 254 252 251 2 3.14159 254 252 251 0 0 
252 254 254 0 0 252 255 253 1 -2.35619 251 255 250 2 0 251 255 249 2 1.10715 253 255 249 1 -1.5708 249 255 253 1 0.785398 246 252 255 13 -1.64757 228 235 255 19 -0.822418 212 214 255 31 -0.739975 189 192 243 43 0.606988 214 219 255 28 0.785398 238 243 255 3 2.1588 244 251 255 8 -1.5708 242 245 253 7 0.876058 253 251 255 2 1.10715 255 254 255 2 -1.5708 255 253 253 2 -0.463648 254 252 251 2 -0.785398 252 250 249 1 -0.785398 251 249 248 0 0 
254 255 253 0 0 253 254 250 0 0 255 255 252 0 0 254 255 248 0 0 253 255 248 0 0 251 255 249 0 0 245 255 255 0 0 243 253 255 0 0 235 245 255 0 0 225 236 255 0 0 236 247 255 0 0 236 247 255 0 0 246 254 255 0 0 247 252 255 0 0 255 251 255 0 0 255 252 255 0 0 255 254 255 0 0 255 254 253 0 0 253 251 250 0 0 252 250 249 0 0 
