217 208 198 3 0.321751 218 209 199 8 0 221 209 199 6 2.03444 227 215 205 1 2.35619 230 214 207 15 -2.7367 222 209 201 9 0.418224 224 212 206 8 0.124355 222 214 207 22 2.81984 224 222 214 71 -3.04332 213 216 207 58 3.00453 221 224 215 76 3.14159 221 224 215 63 -2.96873 212 213 203 2 2.67795 216 214 204 11 -0.0906599 217 212 203 7 0.404892 222 215 206 6 -2.67795 219 212 203 2 0.785398 221 214 205 3 -2.55359 219 212 203 6 2.97644 220 213 204 0 0 
220 211 201 6 1.5708 226 217 207 11 -1.91957 216 206 196 10 0.851966 226 213 205 16 -2.35619 214 201 193 39 0.441179 231 217 211 48 3.07917 231 221 214 153 -2.95824 199 193 186 142 -2.83536 153 150 145 99 3.08106 155 158 149 122 -3.05981 143 147 141 102 3.01483 156 161 152 115 2.69345 210 211 202 156 3.05209 226 224 216 131 -3.10344 224 218 211 49 -2.9362 216 208 201 25 0.197396 221 214 205 3 -0.982794 218 211 202 7 -2.35619 213 206 197 8 0.950547 220 213 204 0 0 
218 211 202 2 2.35619 222 213 204 11 3.14159 223 212 204 14 -0.832981 212 200 194 42 1.00227 248 236 230 154 -2.69244 181 169 165 171 -2.51795 78 69 65 37 -2.78596 61 57 52 31 -2.95041 52 51 47 24 -2.35619 33 35 29 13 0.837981 41 45 40 11 1.83705 52 56 50 7 -2.86329 54 54 48 39 1.64757 95 92 87 88 2.05475 176 170 165 137 2.66492 241 232 228 155 -3.02524 223 215 208 10 -1.47113 215 206 197 15 0.321751 220 211 202 12 0.785398 229 220 211 0 0 
216 208 201 7 -1.2925 209 201 194 27 0.86217 232 222 215 6 2.81984 234 223 219 191 -2.42276 108 97 93 67 -1.42264 39 30 27 172 0.0232516 41 34 31 167 -0.0538401 29 26 22 136 0.0587558 33 34 32 30 0.30092 40 43 41 8 -2.89661 36 41 39 10 2.42276 43 48 46 2 1.10715 49 50 48 8 3.01724 52 51 47 23 -3.01189 52 47 46 65 0.490852 85 78 75 142 1.29346 224 216 209 123 3.10908 230 221 212 6 -0.165149 229 220 211 16 -2.35619 217 208 199 0 0 
216 210 205 10 0.982794 227 218 214 4 -2.35619 224 215 211 181 -2.29378 88 79 76 28 1.32582 116 107 104 131 0.8069 209 201 201 19 -3.08901 206 201 200 44 -2.01424 163 161 160 104 -1.25816 60 62 62 145 -0.193358 30 35 34 107 -0.0186894 28 33 32 33 0.504166 44 49 48 9 -0.86217 39 41 41 65 -0.215358 27 28 26 189 0.423575 109 104 105 87 0.137066 122 117 114 81 -0.310168 101 93 86 165 0.930914 236 227 218 116 -2.97785 217 208 199 15 -0.0665682 216 207 198 0 0 
222 216 211 5 3.14159 222 216 211 123 -1.81578 102 95 92 74 -3.02057 93 86 83 152 0.827234 205 197 197 25 -2.52134 187 183 182 1 -2.35619 184 182 182 14 0.885067 193 193 193 15 2.26553 201 206 205 67 -1.87368 137 142 141 100 -0.927295 56 61 62 89 -0.0784901 49 54 55 104 0.510823 101 106 105 139 0.74988 198 200 200 20 -2.74307 194 192 192 3 1.24905 199 195 194 7 -2.55359 200 192 185 81 -1.63245 119 112 103 118 1.20907 232 223 214 52 -3.08396 227 220 211 0 0 
215 212 204 29 -1.03038 190 187 179 196 -2.15315 26 22 17 172 1.34835 193 190 185 12 -1.40565 181 178 174 5 1.76819 184 183 179 10 2.1588 191 192 190 10 -2.2143 179 184 182 3 0.588003 181 186 185 16 1.38545 196 202 201 52 -1.80189 145 150 151 34 -0.146012 140 145 146 77 0.922154 203 208 207 36 -2.33659 179 181 181 12 1.40565 193 193 193 11 -2.79282 191 189 188 8 -2.78282 193 187 182 34 -1.74547 159 153 146 39 0.441179 178 170 163 70 2.58901 213 207 200 0 0 
230 227 219 148 -1.56404 82 79 71 63 -2.85465 63 60 55 140 1.22873 193 193 187 20 -2.32173 178 177 173 5 0 176 177 173 10 2.07789 181 186 184 10 3.04192 181 188 185 4 2.67795 183 190 187 4 2.89661 184 190 189 6 -2.24554 179 185 184 8 1.21203 187 193 192 10 -1.5708 178 183 182 1 0.785398 179 184 182 3 -0.321751 180 182 182 1 -1.5708 183 181 180 6 -2.97644 185 181 176 8 1.44644 193 190 182 79 -1.65917 116 110 103 114 1.66699 228 225 217 0 0 
233 228 219 210 -1.6563 21 19 9 90 1.69242 110 108 100 72 1.73823 179 180 171 9 2.72337 179 183 177 14 -2.40378 167 174 167 8 0.463648 170 177 172 7 1.8491 175 185 179 4 2.67795 177 187 181 9 3.03094 178 187 184 8 0.244979 182 189 186 7 0.694738 187 194 191 12 -2.35619 179 184 182 5 0.54042 182 188 183 4 -2.03444 180 183 181 12 -2.53087 175 176 172 14 0.432408 185 182 177 6 0 185 182 177 83 -1.52264 103 99 94 113 1.69406 215 212 207 0 0 
215 210 201 203 -1.60527 10 8 0 89 1.50348 98 96 88 75 1.79661 168 171 162 5 2.76109 168 172 166 9 1.98902 174 182 175 14 -2.70918 166 176 170 11 2.67795 171 181 175 3 -1.5708 168 178 172 18 1.35213 188 195 190 10 3.14159 188 195 190 33 -2.83871 179 185 180 10 2.63449 184 190 185 4 -1.5708 180 187 180 13 -2.03444 170 174 169 17 1.10715 188 190 184 15 -3.07502 189 189 183 12 -2.97644 189 186 181 101 -1.5609 88 85 80 118 1.71509 205 202 197 0 0 
210 203 194 190 -1.51297 18 13 4 67 1.34732 81 80 70 100 2.11463 163 167 156 3 1.5708 162 170 160 2 3.14159 161 170 160 6 -2.67795 156 167 159 15 1.3734 171 182 174 4 2.89661 172 183 175 4 1.32582 178 186 179 22 -1.66146 157 164 157 20 0.682317 172 176 170 19 0.785398 186 190 184 14 -2.40378 176 181 172 2 2.03444 178 182 176 8 -2.08994 173 175 169 2 1.10715 177 177 171 11 1.75065 188 188 182 119 -1.48696 69 69 63 108 1.97689 169 169 163 0 0 
223 213 206 186 -1.55467 33 28 19 38 -0.0263097 29 27 19 140 1.75001 163 166 157 23 3.09814 160 168 158 9 -2.72337 153 164 154 18 2.81984 157 170 162 10 2.2143 165 178 170 12 2.64225 175 183 176 2 2.67795 177 184 177 4 -2.03444 175 179 173 53 2.93313 186 190 184 32 -2.80061 175 180 171 6 0 175 180 171 2 -2.67795 174 179 170 15 -3.00904 174 177 168 1 -1.5708 175 175 169 23 1.52735 198 198 192 179 -1.8697 26 26 20 177 1.66655 203 203 197 0 0 
227 215 211 151 -1.64352 73 65 58 72 -1.08246 5 1 0 140 1.47113 140 142 136 81 2.95624 151 158 151 13 -1.41815 135 146 138 21 2.1588 151 163 157 14 2.9305 154 166 160 17 2.06075 173 181 174 13 3.06482 175 182 175 54 -1.42372 123 127 121 58 0.578524 157 159 153 34 0.846546 183 186 177 24 -2.80686 175 178 169 17 -2.19105 161 165 154 13 1.2723 174 177 168 12 3.14159 176 176 170 31 -1.44247 147 144 139 166 -2.18546 11 8 3 183 1.30072 188 185 180 0 0 
216 204 200 106 -1.59909 109 98 94 85 -1.78189 19 15 10 51 1.08991 60 62 56 114 2.12475 153 159 154 54 -2.62016 123 133 127 19 0.968509 137 149 143 9 1.46014 148 158 152 12 2.18152 160 167 162 22 1.79427 183 190 183 28 -2.66207 174 176 170 7 2.26553 180 182 176 32 -2.4859 162 163 154 7 2.35619 167 168 159 9 3.14159 165 169 158 26 -3.02672 164 165 156 34 0.476467 182 179 174 166 -2.2371 51 48 43 26 2.79604 61 57 52 135 1.72625 194 191 186 0 0 
215 200 198 121 -1.50478 91 79 77 49 -2.14213 43 38 35 53 -0.785398 0 1 0 111 1.39094 106 111 109 110 2.85707 134 143 140 15 2.7367 138 149 146 4 2.89661 141 151 145 15 2.2143 155 162 157 24 3.05845 158 164 159 7 1.97569 169 171 165 29 -2.60117 156 156 150 5 2.9442 157 158 149 17 3.08284 158 159 150 18 -2.01064 139 142 133 66 0.957589 195 196 187 179 -2.42329 80 76 71 81 -2.4343 27 22 19 22 0.625485 42 35 32 167 1.53488 207 202 199 0 0 
221 208 206 156 -1.56439 64 52 50 35 0.705568 83 76 73 75 -2.29965 22 20 19 52 -0.309703 2 5 3 124 1.44144 122 129 126 115 3.00215 138 145 142 35 -3.0278 134 141 138 12 -0.244979 132 137 135 23 1.61425 157 161 156 22 -2.41861 144 145 141 10 2.63449 151 151 145 11 -1.30454 140 140 134 22 0.463648 150 150 144 49 2.51428 179 179 173 190 -2.46767 60 60 54 60 -2.30972 18 13 10 40 0.732815 45 40 37 23 3.09814 48 41 38 180 1.32447 223 216 213 0 0 
219 210 206 130 -1.52468 89 80 76 66 -0.945311 33 26 23 44 1.63887 75 70 69 63 -2.23322 24 20 19 46 -0.151015 15 13 13 96 1.40394 110 108 108 112 2.74954 151 151 151 103 -2.986 135 136 134 40 2.96835 142 143 141 39 -2.964 137 135 134 41 2.72093 154 152 151 88 3.07352 160 158 157 144 -2.78928 110 108 107 116 -2.38649 30 28 28 11 -1.30454 21 17 16 36 0.805004 47 44 40 37 -2.37506 21 18 14 69 1.75969 90 85 82 171 0.942428 231 224 221 0 0 
223 217 210 97 -1.60171 126 120 113 113 -1.00474 30 23 20 8 2.03444 38 31 28 35 1.59936 71 65 66 62 -2.50452 34 28 29 34 -0.805803 8 3 5 71 0.68573 53 48 49 54 2.13329 97 95 95 67 3.02275 105 103 102 91 -3.07575 99 97 96 83 -2.7367 66 64 63 54 -2.25132 24 22 22 7 0.141897 25 23 23 25 0.321751 35 30 32 12 1.07145 46 41 42 42 -2.48875 18 16 15 14 -2.1588 8 5 1 199 1.15206 191 186 183 44 0.688924 221 214 211 0 0 
220 214 207 33 -1.66146 187 181 174 162 -1.42282 26 19 16 102 0.107428 37 30 27 17 -2.19105 21 15 16 37 1.35786 58 52 53 30 2.9442 63 58 60 51 -2.28781 24 19 20 16 0.519146 30 28 28 17 -1.10715 14 12 11 19 0.418224 22 20 19 16 0.655696 32 30 29 5 -0.197396 31 29 29 18 1.62629 49 47 47 31 -2.81984 41 36 38 41 -2.37314 12 7 8 6 0 10 8 7 91 1.00407 89 86 82 187 0.804264 225 220 217 20 -1.81578 207 200 197 0 0 
217 211 204 0 0 211 205 198 0 0 128 121 118 0 0 27 20 17 0 0 29 23 24 0 0 28 22 23 0 0 29 24 26 0 0 38 33 34 0 0 38 36 36 0 0 32 30 29 0 0 35 33 32 0 0 37 35 34 0 0 30 28 28 0 0 19 17 17 0 0 11 6 8 0 0 18 13 14 0 0 59 57 56 0 0 219 216 212 0 0 220 215 212 0 0 221 214 211 0 0 
