5 0 4 8 0.463648 11 0 11 3 1.89255 19 0 21 57 0 23 0 28 74 0.160763 40 1 47 55 0.632749 75 33 81 36 -0.982794 43 4 49 49 -0.289504 27 0 28 96 -0.0727879 17 0 14 6 1.10715 21 0 17 8 -2.08994 12 0 14 10 0.643501 20 0 26 80 0.0872777 32 0 41 92 0.458817 77 33 86 12 -1.32582 72 20 74 46 -0.60005 41 0 44 56 -0.214815 18 0 26 104 0.0192284 11 0 20 10 -0.588003 5 0 8 9 0.418224 8 1 8 0 0 
17 1 19 9 -2.58299 14 0 17 113 0.566055 78 51 84 17 1.74547 100 64 108 57 -2.84182 87 42 99 17 0.489957 97 48 110 7 -2.7367 94 46 104 67 0.542951 127 85 132 119 -2.14717 23 0 24 90 -0.0111107 19 0 20 28 0.176709 24 0 29 143 0.576375 102 69 113 71 3.00167 117 74 131 41 -1.22615 82 33 95 37 0.654083 110 55 118 21 -2.69922 98 49 105 38 1.85977 124 91 135 112 -2.16621 24 3 35 117 -0.0512372 16 1 22 18 -0.390607 7 0 10 0 0 
14 0 27 103 1.27656 115 82 127 72 -2.59174 80 41 93 47 -0.830144 51 1 65 148 0.364278 107 48 128 94 -0.149416 95 32 118 80 0.872894 157 95 179 100 -1.07145 67 11 84 98 0.590812 119 72 128 71 -1.08828 54 11 62 104 1.17967 147 106 163 136 -2.16287 36 0 56 146 0.703456 133 81 159 59 -0.396081 114 56 137 56 -0.479519 91 31 109 87 -0.0114937 88 33 102 106 -0.141897 64 23 80 120 0.80294 148 115 160 154 -2.38371 38 13 47 90 -0.199555 19 0 25 0 0 
48 10 62 57 0.122195 58 15 72 96 0.622671 118 67 135 75 1.89255 195 134 214 28 2.89661 207 135 231 57 -1.87057 154 78 179 72 2.20876 212 137 235 123 -2.68881 156 86 177 89 3.07428 161 96 175 63 -1.09297 101 42 116 28 -0.73544 79 23 98 115 0.705812 154 96 177 42 2.05527 193 131 221 153 -2.95824 167 103 193 28 2.74135 180 115 201 42 2.73053 197 134 214 36 -1.5708 157 101 174 117 -1.94655 45 0 59 130 0.812419 136 95 146 105 -1.60887 29 0 37 0 0 
110 67 118 35 0.904827 140 92 151 101 -2.6691 99 37 119 124 0.579074 172 100 196 19 1.94169 196 115 218 128 -2.46078 118 33 138 14 -0.737815 110 24 124 49 -0.699893 76 0 91 149 0.975386 199 118 215 90 -2.35619 131 54 151 48 1.5708 175 104 197 81 -2.72212 141 72 163 98 -1.24905 48 0 69 202 0.498953 145 77 166 31 -3.07717 144 74 165 64 2.07638 202 128 222 154 -2.60561 123 50 142 89 0.272146 147 76 162 11 0.0906599 145 82 154 122 -2.26971 49 0 56 0 0 
134 88 140 86 -1.81578 53 0 63 148 1.60457 207 139 228 57 -2.29454 169 90 194 88 -2.13059 101 12 122 31 1.21935 136 41 152 112 0.151972 155 59 166 71 0.197396 169 73 180 58 -0.425205 142 47 161 94 0 138 47 162 76 -0.346539 109 23 133 93 0.876058 179 98 201 56 1.28274 231 155 249 115 -1.81578 119 44 136 45 -0.0444152 117 40 138 46 -1.44109 71 0 92 141 1.42191 213 134 231 70 -2.3259 160 86 176 89 -1.68269 67 2 78 60 0.643501 102 40 110 0 0 
113 67 120 82 -2.16556 48 0 59 138 0.97481 169 101 188 61 -2.13628 124 42 147 87 -0.195158 116 21 136 132 1.77558 251 149 255 30 -2.24044 230 124 244 35 -3.05609 229 120 242 44 2.74853 244 136 255 22 -1.43527 219 114 241 53 -2.35619 177 77 202 58 0.50209 202 108 227 32 2.82955 210 121 231 45 -1.01914 169 84 189 41 -1.35471 127 44 147 31 -1.41088 94 14 113 80 1.09039 159 89 180 43 -0.307046 143 80 160 43 -2.35619 107 55 119 85 -1.02836 32 0 42 0 0 
65 22 73 66 2.14213 125 74 136 9 2.72337 134 70 152 73 2.00415 210 130 231 130 -1.60156 89 0 108 138 1.62148 234 129 250 91 -2.68775 199 87 211 33 -0.274167 192 76 205 62 1.3452 253 135 255 81 -2.25132 188 72 209 55 1.14713 234 125 255 58 -1.97345 176 73 202 86 0.850878 239 141 255 69 -2.24327 182 90 203 70 -0.694738 135 46 155 43 3.11834 131 51 150 75 1.54414 197 133 215 85 -1.54727 105 54 122 58 2.28315 145 103 158 131 -2.06165 27 0 36 0 0 
24 0 30 83 1.53467 110 69 120 23 -2.26553 99 43 116 104 2.01728 202 129 221 152 -2.08426 78 0 96 157 0.41241 150 49 165 76 1.80941 229 120 242 27 -1.31712 206 90 219 35 -0.113792 204 83 221 24 0.463648 213 93 235 12 0.426627 216 98 240 26 1.45592 238 127 255 53 -2.43498 198 96 221 43 1.61727 239 142 255 149 -1.88407 94 3 112 55 0.977794 133 55 149 100 0.841677 195 139 212 192 -2.43353 61 20 77 55 0.367174 78 45 89 75 -2.41274 26 0 33 0 0 
23 0 26 65 1.70838 90 59 98 79 -2.49052 49 2 65 85 0.843185 122 58 140 86 1.5708 219 138 233 102 -1.84643 127 35 140 105 1.91957 234 130 245 6 2.97644 239 127 251 43 -2.73972 226 105 243 11 0 226 103 247 8 -2.78282 219 101 243 18 -1.40565 197 86 220 4 1.10715 198 95 216 31 -0.0322469 192 98 209 115 -2.54641 125 36 140 82 1.53423 198 124 212 138 -1.46969 48 0 62 85 1.01838 113 75 123 94 -1.94934 22 0 27 6 -1.10715 14 0 17 0 0 
9 0 8 11 1.5708 22 0 28 72 1.58468 101 63 115 42 2.97644 115 63 133 66 2.07496 183 115 198 144 -2.30721 85 5 96 188 0.755332 223 129 230 100 -2.80726 195 91 204 35 1.2579 233 118 251 55 -2.79128 214 96 238 25 0.321751 220 105 244 24 -2.27069 198 90 220 42 0.885067 225 130 241 143 -2.04067 94 6 106 106 0.324718 124 42 137 124 0.842155 210 141 222 187 -2.53436 93 42 104 30 -0.229232 80 41 87 76 -2.43013 27 0 29 6 -2.81984 23 0 22 0 0 
4 0 7 14 0.785398 17 2 23 32 1.88284 53 25 68 38 2.68944 79 35 94 24 -0.295441 81 22 96 128 1.40692 217 144 230 115 -2.03832 123 36 132 77 1.21654 201 105 212 84 -2.78978 176 69 195 94 0.64987 234 123 255 33 -1.2397 201 92 225 30 2.2143 221 119 244 77 -2.2836 157 66 175 53 2.35619 190 109 206 24 2.41495 202 129 215 156 -1.96559 51 0 61 104 0.832981 119 75 128 115 -2.17798 17 0 23 3 0.588003 17 0 17 1 -1.5708 14 0 13 0 0 
12 4 21 14 -2.35619 4 0 14 10 0.588003 15 0 26 75 1.65063 97 64 109 68 -3.01 97 46 113 57 1.21609 160 93 178 101 -2.90376 143 63 162 73 -0.463648 117 26 135 143 1.06031 245 149 255 170 -3.10044 238 140 255 73 -2.16257 176 78 202 53 -0.168207 163 70 191 97 -2.65043 112 27 141 124 0.485227 164 91 189 35 -2.31622 133 74 149 65 -2.92623 112 68 121 67 -2.06776 42 16 52 36 -2.35619 9 0 17 3 -2.81984 7 0 9 3 -2.81984 6 1 3 0 0 
0 0 8 10 1.0637 11 4 17 9 -1.78947 7 0 13 13 1.5708 27 0 33 80 1.73389 113 71 126 99 -2.4275 55 0 73 151 1.19274 205 132 224 97 -2.83932 182 100 199 118 -1.80963 70 0 86 151 0.940539 192 105 209 122 2.8689 223 136 246 208 -2.3528 70 0 100 186 0.938047 215 142 245 135 -2.54539 133 72 158 81 -2.18961 62 16 75 37 0.499347 71 43 79 76 -2.37471 9 0 19 3 -1.5708 1 0 8 2 -0.463648 0 0 0 3 1.5708 1 5 0 0 0 
5 6 4 5 2.76109 9 7 7 9 -2.35619 5 0 4 0 0 11 0 13 19 1.0839 35 1 41 68 1.82289 108 61 117 51 -2.986 107 47 118 42 1.00227 148 79 160 43 3.09511 154 79 163 89 -1.25258 69 0 81 63 0.063407 69 0 89 124 1.06059 175 106 197 73 -1.3654 97 38 119 29 -2.75472 79 34 97 28 0.510488 88 57 94 95 -2.31917 11 0 15 2 1.5708 6 0 15 2 -2.67795 1 0 9 4 -2.35619 0 1 0 12 0.426627 1 8 1 0 0 
0 2 0 3 0 2 1 0 0 0 4 0 1 9 1.24905 18 4 16 12 -2.29744 14 0 14 32 1.47732 51 17 54 72 1.99742 123 77 129 78 -2.7468 96 43 106 78 1.18088 173 113 183 133 -2.75831 123 62 136 84 0.023805 123 64 139 81 0.88076 183 129 198 184 -2.47532 63 20 77 87 0.489283 99 67 108 111 -2.39415 18 0 21 5 -1.5708 7 0 10 1 3.14159 2 0 9 2 -2.35619 0 0 4 11 1.5708 9 12 10 15 -2.35619 0 2 0 0 0 
3 3 3 4 -2.35619 0 0 0 3 1.5708 5 2 4 2 -1.5708 6 0 5 2 1.10715 10 0 10 3 -0.321751 13 0 15 24 1.5708 40 13 46 75 1.88 116 80 126 99 -2.19221 38 0 52 174 1.13799 196 152 211 124 -2.89856 164 124 179 183 -2.32146 29 0 38 167 0.700854 133 107 137 164 -2.34332 12 0 14 6 1.73594 14 1 17 7 -2.26553 5 0 8 1 -2.35619 0 0 4 0 0 0 0 1 0 0 0 0 0 0 0 0 1 0 0 0 
0 0 1 1 0 0 0 1 3 1.5708 5 2 4 1 -2.35619 4 1 3 4 2.03444 11 4 7 5 -2.35619 9 0 8 2 0.463648 12 0 17 37 1.6517 52 27 61 60 2.16797 104 72 119 56 -2.45586 70 35 85 40 -0.996491 34 4 45 156 0.867034 151 127 157 191 -2.35988 15 0 14 4 -1.5708 7 0 6 6 0.321751 7 0 9 4 -0.463648 2 0 6 0 0 0 0 1 0 0 0 0 0 0 0 0 0 0 0 0 0 0 0 0 0 
1 1 1 3 -0.321751 0 0 0 2 1.10715 4 2 2 2 -0.785398 2 0 0 2 1.5708 7 1 2 2 2.35619 11 1 7 4 -1.5708 9 0 11 6 1.10715 18 0 26 40 1.5708 60 29 74 46 2.43297 92 58 105 47 1.87242 135 106 145 165 -2.34765 15 0 20 1 1.5708 15 0 12 3 0.588003 13 2 10 6 3.14159 10 3 10 8 -2.35619 2 0 4 10 0 0 0 1 0 0 0 0 0 0 0 0 0 0 0 0 0 0 0 0 0 
4 5 3 0 0 1 2 0 0 0 6 4 3 0 0 2 0 0 0 0 5 0 0 0 0 11 1 7 0 0 12 0 13 0 0 18 0 24 0 0 25 0 38 0 0 78 45 90 0 0 19 0 27 0 0 15 0 18 0 0 18 1 14 0 0 7 0 3 0 0 4 0 4 0 0 12 8 13 0 0 0 0 1 0 0 0 0 0 0 0 0 0 0 0 0 0 0 0 0 0 
