239 235 246 7 -1.97569 230 227 243 16 1.32582 243 239 255 7 -2.44685 234 231 255 102 3.13179 233 230 255 118 -3.08234 225 224 255 164 3.10502 231 235 255 59 3.14159 231 238 255 13 -1.49402 221 225 244 12 2.64225 227 232 247 5 1.03038 234 239 248 1 -0.785398 233 239 246 2 2.35619 233 239 250 5 -1.9513 226 234 247 12 1.99742 237 245 255 37 -2.41274 212 219 234 17 2.47562 227 228 248 18 0.110657 231 231 247 3 1.5708 237 238 242 9 -2.27942 230 233 231 0 0 
232 231 247 8 0 232 227 254 10 0.588003 235 226 255 188 -2.57568 132 121 183 80 -2.95395 115 105 171 74 -2.34667 62 54 115 113 1.76646 173 168 219 141 2.70326 233 232 255 155 -2.97963 208 209 243 20 1.71969 230 231 255 7 2.7367 233 234 255 29 -3.00453 229 229 255 54 3.10457 231 228 255 92 -3.05485 221 219 255 169 -3.07071 209 206 251 157 -3.07164 198 197 237 149 2.84949 245 243 255 86 -2.95553 231 230 250 5 -0.54042 229 232 237 5 0.927295 233 238 236 0 0 
235 236 255 8 0.124355 236 230 255 208 -2.25451 74 53 146 30 -2.37945 53 26 136 12 1.40565 65 40 144 31 -2.31077 42 18 118 8 0.62025 47 23 123 35 1.48529 80 64 148 128 1.81389 205 197 255 154 3.03807 220 216 255 79 -2.89967 201 193 255 162 -2.96229 172 159 237 107 -2.7992 136 119 210 125 -2.39572 52 31 130 16 3.14159 54 28 135 9 2.81984 57 37 126 101 1.65967 158 150 203 126 2.51859 234 233 255 68 -3.0682 231 234 242 10 -1.67046 221 228 225 0 0 
236 242 255 141 -1.76265 99 93 158 65 -2.2143 50 22 141 8 0.358771 55 20 154 11 -1.75065 46 17 126 33 2.99122 51 26 124 7 2.9997 52 24 131 30 3.10827 51 27 127 16 0.124355 51 35 118 93 1.5923 141 130 210 130 -2.24194 39 22 119 36 0.96007 69 49 156 41 -2.42505 44 20 132 10 -2.07789 36 10 124 9 0.86217 45 17 130 5 2.60117 50 24 124 7 1.1659 55 41 113 109 1.54328 164 158 205 92 2.40232 228 229 250 81 -3.09225 224 229 238 0 0 
204 210 255 166 -1.99942 55 50 129 42 -0.11849 55 27 156 15 -2.67795 51 21 148 42 -1.68929 13 0 72 91 0.345967 46 32 90 31 -0.76318 24 5 78 70 0.72547 69 48 133 18 -2.1294 49 29 126 17 0.904827 60 40 147 25 3.14159 58 36 154 30 -2.33294 36 15 131 7 -2.9997 37 18 121 2 2.03444 42 25 112 8 -0.463648 42 27 95 16 0.741947 53 38 106 11 2.48055 56 39 126 40 1.90042 93 80 160 76 2.44852 143 139 188 84 1.72616 228 227 255 0 0 
131 137 202 58 -0.749269 95 90 175 83 -2.32231 37 14 142 2 1.10715 45 19 137 49 1.46911 99 87 147 107 -0.301226 70 63 98 80 0.0996687 78 66 114 20 -0.88848 61 45 109 62 0.080471 60 44 127 23 -1.22203 37 19 112 22 0.179853 39 23 117 8 -1.10715 31 17 105 77 0.064844 38 25 103 136 0.0807067 50 42 103 127 0 54 49 88 60 -0.165149 42 35 86 61 0.0491407 42 23 120 12 -0.726642 32 13 116 96 1.3734 129 121 186 128 2.28449 226 224 255 0 0 
176 178 249 140 -1.51372 38 32 119 35 -0.0855053 38 19 136 7 0.876058 50 28 134 147 1.51643 200 191 247 72 -2.27792 149 144 175 79 -0.838918 91 84 117 80 0.424561 123 116 153 49 -1.63194 72 67 106 81 -0.0984462 62 60 96 125 -0.111535 46 48 78 163 0.408908 111 113 143 134 0.496969 175 174 213 51 0.0391956 179 177 213 78 -1.02164 112 113 139 82 -0.109319 101 97 146 62 -0.898549 49 29 135 2 2.03444 49 30 141 26 -2.83189 43 35 105 211 1.06692 228 228 255 0 0 
188 184 255 113 -1.69406 75 68 153 33 -1.48014 45 26 135 9 1.98902 56 38 137 93 1.77445 151 145 198 60 0.844154 198 199 225 45 -1.03795 163 162 182 65 -0.720273 121 120 136 91 0.394791 156 157 167 56 0.697021 192 195 199 39 0.281772 202 209 206 45 0.816638 235 240 241 3 -0.982794 230 232 250 8 -1.32582 220 221 247 26 -1.38081 192 195 223 56 -1.18698 139 134 189 106 -2.1562 46 28 135 22 -1.75065 22 5 116 121 1.37179 145 138 205 82 1.8424 224 225 255 0 0 
179 170 243 103 -1.19389 83 70 154 64 -0.674741 43 23 130 13 -0.463648 37 21 115 152 1.44563 188 187 237 44 2.45267 218 225 245 13 -1.64757 208 215 224 12 -0.674741 205 209 210 14 -0.432408 203 204 200 43 0.785398 236 236 230 4 1.5708 240 238 237 4 1.10715 242 241 245 5 -2.49809 235 234 250 5 -1.9513 225 226 254 12 -0.96007 212 211 255 136 -1.82289 76 71 140 43 -2.24194 40 26 128 6 1.73594 46 33 131 73 1.46164 123 120 175 142 0.810269 226 231 255 0 0 
224 212 255 85 -1.74751 138 124 196 104 -0.846546 57 37 136 10 3.04192 56 39 136 99 1.75245 152 150 209 110 2.5561 213 221 250 7 -2.86329 216 226 233 9 -0.558599 217 224 219 13 1.10715 234 236 230 8 3.14159 238 235 231 7 0.982794 245 238 241 4 -2.67795 242 234 244 12 -0.0831412 235 232 247 6 0.674741 232 232 255 51 -1.74547 174 172 231 128 -1.81389 47 40 121 11 -2.35619 39 26 124 17 2.06075 56 45 131 164 1.43664 221 221 255 2 -2.03444 219 226 251 0 0 
214 208 231 17 0 211 201 247 157 -1.60899 48 30 119 135 -0.0518055 38 20 121 25 1.85459 58 52 131 146 1.61187 204 208 255 155 3.05792 223 233 243 7 -1.5708 221 231 225 2 -2.03444 226 225 227 15 0.876058 243 235 242 3 -2.55359 243 230 244 14 1.78189 255 244 255 25 -2.81984 240 237 253 10 -1.27934 223 222 255 81 -2.03991 141 137 208 142 -2.34127 38 29 119 8 -1.92957 33 20 112 56 0.923749 80 70 146 199 0.778306 222 222 255 18 3.08609 223 230 250 0 0 
233 231 237 26 -2.08525 206 201 230 29 -0.569313 185 169 246 149 -1.65782 31 13 112 33 0.827041 52 39 137 3 -1.89255 48 44 119 168 1.5708 219 227 255 81 -3.04315 216 225 234 20 0.463648 234 233 243 10 -3.04192 237 230 243 7 -0.2783 237 227 244 7 -1.1659 228 218 241 22 1.00748 241 236 255 50 -1.70989 184 181 227 169 -2.21784 41 35 116 7 -2.26553 33 26 117 29 1.63965 67 58 138 196 0.889711 224 218 255 20 -1.5708 205 208 236 17 1.85685 224 230 243 0 0 
220 218 224 26 0.598419 231 227 252 57 -1.9255 172 162 222 119 -1.23846 54 40 128 98 0.0102037 51 33 146 7 -2.86329 48 34 139 90 1.85061 138 133 202 129 2.36166 233 234 255 42 -2.67795 219 222 237 19 0.968509 238 239 249 21 -2.86329 234 230 249 4 0.463648 234 227 255 1 3.14159 229 221 255 165 -2.07496 79 71 142 48 -2.23909 36 27 117 18 -2.97644 33 26 111 178 1.05443 193 188 249 43 0.736257 227 225 255 25 -1.3734 204 207 221 33 1.5708 237 245 245 0 0 
240 240 246 27 -1.46014 211 210 226 18 0.270947 211 207 248 54 -1.68145 154 144 214 116 -1.09949 46 29 134 65 -0.312042 24 5 121 22 1.10715 46 31 129 145 1.5639 193 185 255 157 2.95041 225 227 255 29 -2.57228 210 214 238 24 0.870903 231 228 255 48 -3.07917 226 220 255 199 -2.73407 146 135 208 145 -2.42923 47 37 120 26 -1.7976 18 11 96 114 1.11104 121 119 189 133 0.83854 228 226 255 8 2.89661 234 236 254 31 -1.86225 206 211 212 33 0.637549 226 235 225 0 0 
240 245 248 12 -1.73594 226 231 240 21 -1.08632 205 209 227 19 0.257324 207 207 247 95 -1.66525 110 101 174 112 -0.697021 36 20 121 69 0.15809 47 24 146 16 -2.39965 34 18 126 160 1.51461 196 192 255 157 2.98269 221 221 255 70 -2.44685 176 167 247 184 -2.29879 38 25 117 10 -0.643501 30 19 111 9 1.46014 39 31 114 31 1.60304 69 68 136 157 1.10999 211 215 255 15 0.132552 222 224 248 9 0.110657 227 231 236 6 2.03444 234 241 234 7 -1.97569 227 237 221 0 0 
236 243 246 3 0 236 243 246 10 -1.3734 224 232 239 25 -1.16067 199 204 225 16 0 198 194 246 89 -1.61571 107 94 178 120 -0.62025 37 12 132 67 0.14816 45 22 144 14 -2.79857 38 27 120 127 1.52359 165 156 243 168 -2.39819 51 36 141 7 -1.8491 44 28 135 13 -1.93797 31 20 112 40 0.173246 38 34 105 162 0.676659 142 145 190 124 0.762675 230 237 255 13 -2.84309 231 237 248 11 -1.91957 224 230 229 10 0.588003 231 238 231 4 -0.463648 229 237 226 0 0 
241 246 247 1 -2.35619 240 245 246 2 -0.785398 236 243 246 17 -1.45369 219 222 237 22 -1.10715 197 194 233 23 0.576375 208 199 255 101 -1.5807 107 89 180 79 -1.10153 35 11 123 52 0.291457 48 21 148 11 -0.266252 43 19 145 8 1.5708 51 29 147 10 -1.27934 43 25 124 37 1.0122 75 67 138 123 0.865685 171 170 214 82 0.915101 237 243 255 27 -2.4837 222 230 237 9 0.558599 229 235 240 2 1.10715 233 238 241 2 0.463648 234 239 240 2 -0.785398 232 238 237 0 0 
240 245 248 4 0.463648 242 247 248 2 -1.5708 240 245 246 9 -1.35213 231 234 242 16 -0.655696 219 220 240 12 -0.674741 211 206 245 65 -1.77119 145 135 195 88 -0.697624 85 69 156 143 -0.168597 61 34 154 32 -0.44976 45 17 146 13 0.942 56 36 143 7 1.4289 63 50 134 167 0.58138 158 152 207 86 0.834539 222 224 254 7 -1.1659 219 225 232 23 0.60005 232 240 239 4 -2.67795 232 237 240 4 0.785398 235 239 244 2 0.463648 236 240 245 3 -0.982794 233 237 242 0 0 
244 246 255 3 -2.55359 242 246 251 2 0 242 249 246 4 2.67795 244 251 246 14 -2.0032 231 237 236 34 -1.1466 198 203 212 28 0.636508 213 215 239 17 1.15839 226 224 255 138 -1.76678 90 77 157 132 -0.266913 53 38 129 145 0.0275792 57 47 124 221 0.721383 203 198 255 16 0.655696 216 215 255 25 0.358771 225 229 253 9 1.78947 238 243 252 10 -1.86225 228 235 238 8 0.62025 235 239 244 2 0.785398 237 241 246 2 0.463648 238 242 247 2 -1.10715 236 240 245 0 0 
241 243 254 0 0 244 248 253 0 0 238 245 242 0 0 238 247 237 0 0 245 255 243 0 0 221 231 225 0 0 220 229 233 0 0 199 203 231 0 0 218 211 255 0 0 198 190 255 0 0 223 218 255 0 0 216 216 255 0 0 240 241 255 0 0 223 229 248 0 0 235 239 250 0 0 235 241 246 0 0 237 241 246 0 0 239 243 248 0 0 239 243 248 0 0 237 241 246 0 0 
