253 251 251 5 0.643501 254 255 253 1 2.35619 251 255 254 2 -2.67795 247 255 251 3 -2.81984 246 254 253 2 0 246 254 253 2 1.10715 251 254 255 0 0 253 255 255 3 -1.89255 250 254 249 3 1.5708 250 255 248 3 3.14159 244 255 241 10 -2.85014 234 255 235 5 -2.49809 226 255 234 21 3.14159 221 255 236 22 -3.09617 220 255 240 8 2.52134 228 255 246 12 -3.05845 238 255 244 2 2.03444 247 255 247 1 2.35619 251 255 255 6 -2.24554 248 249 253 0 0 
255 254 255 2 -1.5708 255 253 253 1 0 251 254 252 2 -0.785398 247 252 250 4 1.32582 250 255 254 1 -1.5708 249 255 254 3 2.81984 251 255 255 1 -1.5708 250 255 254 2 -1.10715 245 255 248 4 3.14159 240 255 242 7 -1.1659 222 255 228 8 2.78282 216 255 228 36 -2.56863 189 246 208 3 -0.321751 183 244 210 31 2.67795 195 255 228 25 3.14159 202 254 230 18 2.55359 226 255 240 20 3.04192 241 255 245 4 -2.67795 244 253 250 3 2.55359 249 253 254 0 0 
255 253 255 1 -1.5708 255 253 255 2 2.67795 255 255 254 3 -1.5708 252 253 251 3 1.5708 255 255 254 4 -1.5708 251 252 250 4 1.81578 253 255 254 1 3.14159 248 255 252 7 -1.8491 232 255 240 8 1.05165 225 255 241 34 -2.60117 193 255 216 43 -2.66774 159 242 190 14 1.71269 162 255 204 40 -2.2143 123 227 172 22 0.881872 136 243 194 12 2.18152 157 249 208 30 2.97644 187 247 216 33 2.57026 224 255 238 4 -2.89661 236 253 244 7 0.982794 247 255 254 0 0 
255 253 255 3 -1.5708 254 251 253 3 1.89255 255 255 254 4 -2.35619 250 254 249 3 1.89255 253 255 251 5 -1.5708 246 253 246 4 1.32582 247 255 250 4 -2.89661 235 255 246 6 -2.97644 220 255 239 38 -2.37437 175 245 205 39 -2.39189 127 226 170 17 1.45369 128 249 181 8 -1.92957 106 244 172 25 2.90605 105 252 178 17 -2.9105 99 247 177 15 -2.12245 100 228 169 9 0.785398 137 226 182 42 1.75902 204 255 231 9 2.35619 233 255 245 2 1.5708 243 255 251 0 0 
253 255 255 5 -2.2143 247 252 250 1 1.5708 245 255 248 3 -2.81984 240 255 245 5 2.2143 244 255 248 12 -2.81984 235 255 243 12 -3.05845 229 255 242 9 -2.81984 213 255 236 23 -1.61425 171 244 206 28 -1.39409 122 223 171 5 2.35619 101 237 165 12 1.24905 95 255 171 39 -2.28489 53 230 137 19 0.785398 60 245 151 7 2.44685 65 249 159 7 2.86329 83 244 168 13 -2.5128 108 225 168 43 1.36447 181 255 220 20 2.39066 224 255 241 8 2.78282 241 255 248 0 0 
240 255 249 5 -2.9442 235 255 245 8 -2.89661 228 255 241 18 -3.08609 221 255 237 16 -2.83871 213 255 230 23 -2.9694 202 253 225 15 3.00904 198 255 227 18 2.87065 189 255 228 22 -2.25972 153 255 205 37 -1.59782 95 227 161 13 1.10715 84 248 163 18 -1.5153 48 236 140 23 0.444419 47 251 146 16 -2.76109 38 245 140 4 1.5708 43 248 146 2 -1.10715 57 240 150 12 1.73594 99 241 172 19 1.62338 152 248 201 26 2.22187 209 255 230 11 1.75065 237 255 245 0 0 
220 255 237 4 -1.10715 211 255 232 19 -2.46685 188 247 216 33 3.1113 181 251 214 29 -2.72337 162 242 199 16 2.89661 157 248 203 6 -2.97644 150 248 202 18 2.6292 147 255 208 26 -2.98894 129 255 199 36 -2.18152 81 239 162 9 0.785398 69 254 160 10 2.9442 56 255 157 28 -1.97104 25 238 128 20 0.463648 32 248 137 9 0.558599 43 251 143 5 -1.5708 52 240 144 17 0.825377 88 243 168 10 2.76109 125 236 182 35 1.76819 203 255 225 13 1.00407 234 255 240 0 0 
208 255 234 22 -1.97569 180 247 210 30 -1.63736 134 222 176 12 2.53087 129 233 178 1 -0.785398 117 235 176 18 0.86217 122 252 189 13 -2.19959 108 241 179 16 -3.07917 98 243 175 4 2.89661 88 248 172 11 -2.96174 74 250 166 10 -1.3734 48 247 149 1 2.35619 40 253 144 3 1.24905 40 255 146 1 -2.35619 40 255 143 6 -0.463648 44 251 143 8 1.05165 64 252 156 15 -2.53605 74 235 157 8 0.950547 113 230 173 53 1.1659 208 255 231 7 2.55359 235 255 239 0 0 
185 255 218 14 -1.5708 160 252 201 47 -2.22267 103 220 157 33 0.571337 105 243 172 10 1.47113 101 255 181 22 -2.87534 88 252 174 23 -2.17085 69 233 156 17 0.702257 76 245 166 6 -1.5708 67 240 158 13 2.19959 69 255 165 13 -1.7976 45 246 148 9 0.321751 41 253 147 3 0.321751 42 255 146 6 1.5708 50 255 152 10 -2.63449 54 252 150 12 -2.24554 56 237 146 13 0.732815 83 238 163 24 1.27536 138 251 194 23 1.22203 206 255 225 10 1.19029 237 255 239 0 0 
176 255 213 43 -1.64045 121 227 168 19 1.26492 117 253 181 9 -1.78947 88 250 168 14 -2.06474 61 241 152 7 2.7367 57 246 155 9 0.86217 68 251 163 8 -2.89661 67 249 161 14 -1.8491 53 235 147 18 1.0122 64 253 161 16 -3.07917 54 255 157 6 -2.67795 46 255 151 3 -2.55359 44 253 149 8 -2.78282 44 249 147 4 -1.81578 49 241 146 16 0.519146 71 244 158 7 0.982794 99 242 173 26 2.03444 153 255 204 18 1.89255 213 255 230 4 1.32582 239 255 238 0 0 
168 255 209 34 -1.74547 121 235 171 18 0.632749 108 254 176 19 -2.35619 72 247 157 14 -2.06474 45 238 141 20 0.88848 56 255 155 7 -1.2925 54 246 151 3 2.55359 60 247 155 3 3.14159 63 246 155 12 -0.96007 50 238 143 18 0.512389 52 249 151 1 0 46 251 149 7 -1.8491 38 243 144 18 0.218669 45 245 151 12 1.07145 65 253 164 4 -2.67795 81 245 168 11 -2.11122 97 227 164 32 1.19029 159 246 202 26 1.19029 220 255 234 7 0.876058 243 255 244 0 0 
165 255 204 13 -1.5708 138 249 187 23 -2.26553 92 240 162 10 -0.71883 64 240 150 9 0.86217 55 253 152 5 1.03038 54 255 156 16 -2.31274 48 246 145 14 0.141897 55 246 149 10 1.5708 69 255 159 3 -2.81984 66 254 158 9 -2.43297 51 251 150 3 -1.5708 44 248 149 13 1.344 57 255 163 20 -2.74307 55 249 159 12 3.05845 66 246 163 14 -0.2783 84 235 165 8 1.44644 125 233 180 37 0.841942 183 252 215 24 0.96007 232 255 243 2 0.785398 248 255 248 0 0 
174 253 210 29 -1.2598 130 230 178 5 1.5708 107 245 174 10 -1.0637 75 244 158 9 0.418224 61 255 155 11 -2.23184 45 249 144 13 1.2723 63 255 158 14 -2.1588 53 248 146 7 1.5708 64 253 154 8 -2.52134 55 249 149 12 0.0831412 47 252 150 2 0 46 251 152 9 -1.98902 40 240 146 10 -0.0996687 48 236 147 28 1.21609 89 255 180 17 -1.68791 99 232 169 37 1.0122 168 253 209 19 1.03907 213 255 234 8 1.21203 241 255 249 4 -2.03444 246 253 248 0 0 
192 255 225 38 -1.33219 139 225 183 27 0.367174 121 246 184 7 -2.44685 91 250 170 12 -1.40565 60 246 150 2 1.10715 53 251 149 5 0.197396 55 253 149 11 -2.79282 51 249 145 2 3.14159 51 248 146 14 1.78189 62 255 161 21 -2.71874 46 254 152 6 -1.89255 40 248 148 7 0.785398 52 250 156 4 -2.89661 65 245 157 15 1.31019 98 253 178 17 2.85554 133 249 190 29 2.30861 194 255 223 12 0.896055 229 255 242 5 0.643501 244 255 252 3 -0.982794 246 250 251 0 0 
210 255 241 20 -1.47113 176 246 215 27 -0.942 122 236 182 3 0.982794 100 249 175 13 -1.64757 64 245 154 10 0.643501 59 255 155 19 -2.28489 43 241 139 13 0.367174 46 247 143 1 -2.35619 43 246 143 9 -0.321751 35 244 140 9 1.46014 39 254 149 1 1.5708 43 254 151 9 -2.72337 51 246 150 7 1.5708 76 247 161 15 -0.404892 95 234 160 9 0.218669 127 226 170 64 0.896055 216 255 233 6 1.10715 243 255 248 1 1.5708 250 255 255 1 3.14159 253 253 255 0 0 
224 255 245 6 -1.5708 204 255 234 36 -1.46014 143 232 189 34 0 120 240 181 4 -1.32582 95 244 170 20 -0.819867 66 235 149 18 0.632749 72 248 158 12 -0.844154 57 241 147 13 0.732815 63 251 156 13 -2.13753 46 241 145 8 1.81578 49 250 153 8 -1.21203 45 240 147 6 0.896055 62 241 156 22 1.20682 103 255 180 14 -2.25653 115 239 173 33 1.80863 178 255 214 14 1.13839 228 255 240 3 0.982794 249 255 251 1 3.14159 250 254 255 1 -1.5708 251 251 255 0 0 
237 255 244 2 -2.03444 228 255 239 8 -0.785398 208 255 229 35 -1.22203 159 229 192 34 0.266252 148 244 197 32 -0.44976 118 235 178 34 0.117109 113 243 180 25 -0.273009 97 239 170 27 -0.298499 84 233 159 41 -0.14531 73 228 153 40 0.329624 79 243 166 29 -0.236849 74 235 160 11 0.909753 90 240 174 8 0.463648 108 240 180 18 -2.55359 117 225 173 49 1.28129 191 255 227 9 1.5708 234 255 246 0 0 249 254 252 1 1.5708 252 254 254 1 1.5708 253 255 255 0 0 
245 254 244 5 2.11122 246 255 248 2 3.14159 241 255 248 12 -1.89255 218 253 233 12 0.426627 209 255 235 10 -1.0637 188 255 222 16 -0.302885 172 255 214 15 -0.404892 159 253 206 22 0.321751 161 255 210 15 -0.643501 146 255 199 19 0.207496 141 255 205 33 -1.06663 111 231 177 26 0.380506 124 239 190 32 -0.631079 116 217 172 28 0.73544 151 231 194 48 0.755995 203 255 233 14 0.68573 239 255 249 0 0 251 253 253 1 0.785398 252 254 254 1 0.785398 253 255 255 0 0 
247 247 247 6 1.10715 251 254 252 2 -2.35619 247 252 250 4 2.35619 247 255 250 1 -1.5708 237 255 247 2 2.03444 232 255 247 7 -1.5708 221 255 237 5 0.197396 219 255 234 6 -0.321751 215 255 230 4 -0.463648 206 255 227 9 0.110657 198 255 228 20 -1.52084 175 245 209 27 0.414507 186 254 223 28 -0.982794 169 228 200 45 0.816638 214 255 236 12 0.785398 236 255 248 2 -2.03444 246 255 250 1 0.785398 252 254 254 1 1.5708 253 255 255 0 0 253 255 255 0 0 
252 248 253 0 0 253 250 252 0 0 252 247 249 0 0 254 255 253 0 0 248 253 251 0 0 246 255 251 0 0 244 255 245 0 0 244 255 244 0 0 239 255 238 0 0 236 255 240 0 0 220 255 233 0 0 217 255 238 0 0 219 255 242 0 0 214 254 236 0 0 239 255 248 0 0 245 255 250 0 0 250 255 253 0 0 252 254 254 0 0 253 255 255 0 0 253 255 255 0 0 
