253 247 255 2 2.35619 255 252 255 5 -2.76109 255 255 246 2 1.10715 255 255 242 1 -1.5708 255 255 241 4 3.14159 255 255 243 3 -1.24905 253 255 241 2 1.10715 253 255 249 2 2.03444 255 254 255 8 -1.92957 243 245 253 11 0.785398 251 254 255 1 -2.35619 249 254 255 1 1.5708 250 255 255 8 -2.89661 248 253 254 2 -0.463648 248 252 253 3 1.24905 253 255 255 4 -1.5708 253 251 250 4 0.463648 255 253 252 2 0.785398 253 255 255 8 -3.01724 250 253 255 0 0 
247 247 255 4 -0.244979 246 249 254 4 1.5708 252 255 250 1 0.785398 255 255 245 6 -2.24554 250 254 242 5 2.11122 255 255 248 7 -2.7367 252 253 249 0 0 252 252 252 2 0 250 251 255 3 0.982794 253 253 255 2 -2.67795 250 253 255 0 0 249 253 255 7 -1.4289 242 247 250 11 0.785398 250 255 255 3 -2.55359 248 252 255 2 0.785398 251 254 255 2 3.14159 253 255 255 4 3.14159 255 255 255 8 -1.5708 245 247 247 11 0.785398 251 255 255 0 0 
246 254 255 13 -2.7468 241 250 254 7 0.785398 248 255 254 4 -1.5708 244 254 248 4 -1.32582 242 249 246 8 0.124355 244 247 251 5 2.35619 248 248 255 21 3.04664 252 249 255 22 3.14159 252 253 255 8 -3.01724 251 253 254 12 3.05845 250 252 255 1 1.5708 250 253 255 10 3.14159 248 254 255 8 -2.78282 243 251 255 14 2.9305 246 251 255 38 -3.08901 244 249 255 19 -3.03672 244 250 255 4 2.03444 250 255 255 11 3.14159 253 255 252 7 -1.97569 246 251 242 0 0 
234 243 246 16 0.785398 246 255 255 4 3.14159 246 255 255 7 -2.7367 243 251 255 3 1.5708 246 253 255 42 -2.87947 235 239 255 25 -2.60788 224 222 252 14 3.07029 225 222 254 86 2.97835 239 239 255 116 -3.09852 234 235 255 19 2.39321 245 249 255 9 -1.5708 234 238 255 11 2.96174 231 237 255 77 -3.02524 219 225 255 133 -2.98382 196 200 255 120 2.9997 213 218 255 121 3.01825 231 239 255 93 -3.08788 232 239 255 8 2.03444 247 253 252 3 1.89255 253 255 248 0 0 
251 255 254 4 -1.81578 247 251 252 5 -0.643501 241 244 255 6 2.46685 243 247 255 62 -2.49172 202 209 228 23 0.348771 208 215 242 25 -0.197396 203 203 249 73 -1.25334 133 129 188 18 -1.18019 116 110 175 105 1.9707 211 209 255 113 2.9009 235 241 255 36 -2.56863 209 218 255 104 -2.48473 140 142 236 113 -2.54383 69 70 190 31 -2.88099 55 58 193 21 2.38844 72 76 201 65 2.42132 122 130 219 120 2.37374 215 226 255 62 2.966 240 247 255 4 1.5708 250 255 252 0 0 
255 255 248 2 2.67795 255 254 255 13 -2.03444 238 235 255 41 -1.66805 190 192 227 50 2.39842 218 227 255 11 1.66146 226 234 255 16 -2.70497 215 218 255 91 -1.90643 127 125 221 71 -2.0032 62 53 169 36 2.27942 87 82 197 109 1.81133 189 195 255 103 -2.36989 112 119 228 104 -2.34268 30 31 183 5 0 23 22 202 6 1.24905 24 24 218 20 -2.03444 6 11 190 16 0.302885 21 28 169 110 1.43404 143 151 244 122 2.50136 232 242 255 17 -3.02448 238 248 255 0 0 
255 255 242 4 -0.785398 251 247 252 11 -2.03444 232 225 255 78 -1.90867 149 147 206 74 1.91382 210 220 255 49 -3.08044 198 212 255 46 -2.64911 173 177 255 110 -2.25399 83 79 228 70 -2.14299 21 11 187 28 1.17056 45 35 219 58 1.70786 99 97 255 108 -2.42797 23 24 206 3 2.1588 19 17 230 3 -2.1588 11 10 238 5 -1.9513 0 4 237 7 1.71269 7 15 236 4 1.32582 22 27 219 12 -2.81984 32 39 178 154 1.59027 206 217 255 21 1.5708 237 249 255 0 0 
255 255 247 11 -1.83705 242 241 251 31 -1.41088 201 195 252 74 -1.78656 117 115 197 72 2.45392 151 160 250 49 3.0399 147 158 255 91 -2.55056 89 94 249 83 -2.44074 29 30 218 14 -2.40378 18 12 225 7 1.4289 23 15 239 17 -1.92957 5 0 221 12 0.785398 10 7 236 3 1.5708 8 6 250 4 -2.35619 2 0 253 7 -2.55359 0 0 249 12 0.785398 5 10 249 10 -2.1588 3 8 225 7 0.694738 22 29 192 157 1.5899 202 212 255 17 2.43934 224 237 255 0 0 
247 255 248 4 -0.785398 238 245 255 52 -1.60924 176 178 243 115 -1.37851 50 52 160 54 1.79346 91 95 238 66 -2.80562 57 64 238 58 -2.41636 10 17 216 2 -2.67795 4 11 228 8 0.244979 4 9 238 5 0 3 7 242 6 -2.97644 3 4 244 8 3.14159 3 3 247 8 0 3 1 251 7 -2.1588 0 0 245 19 0.602287 7 6 255 7 -2.1588 2 4 242 3 1.24905 11 13 231 4 -2.03444 19 26 189 147 1.50965 189 199 255 29 1.60527 229 241 255 0 0 
248 255 255 9 -2.1294 235 242 255 28 -1.39409 196 201 255 149 -1.38257 37 40 149 48 0.0416426 23 24 192 5 -0.643501 7 10 215 10 0.291457 1 8 231 11 0.909753 3 14 248 17 -3.08284 0 13 249 15 -2.35619 0 0 241 18 -0.165149 0 0 242 20 0.927295 8 10 255 17 -2.39617 0 0 247 15 1.1659 15 11 255 18 -2.6292 8 3 248 2 -2.67795 9 8 236 1 0 16 18 213 8 2.08994 35 41 184 168 0.949857 192 202 255 37 1.2405 237 248 255 0 0 
245 247 255 2 1.5708 241 246 255 5 -1.03038 228 235 255 127 -1.53145 88 93 184 110 -0.390607 32 28 193 43 0.0696546 21 18 228 16 3.14159 10 13 241 15 -1.63736 0 0 233 15 0.321751 0 1 239 20 1.10715 4 19 255 22 -2.7367 0 9 251 9 -1.68145 0 0 243 8 1.05165 5 4 250 8 -1.44644 3 0 241 16 0.302885 11 2 242 2 1.5708 19 14 223 10 -2.63449 24 26 181 141 0.875156 146 152 251 54 1.19707 213 221 255 15 0.643501 230 238 251 0 0 
250 246 255 6 0.896055 250 250 255 8 -2.78282 240 245 255 30 -1.47113 199 204 255 105 -1.28207 84 82 212 118 -0.493941 15 11 190 109 0.138006 18 18 226 12 3.05845 10 14 239 8 -3.01724 2 12 243 13 -1.96559 0 0 233 17 0.665969 0 9 247 6 -2.46685 1 4 242 6 0.674741 10 10 240 8 2.19105 24 19 240 21 -2.59304 18 12 221 33 -0.209023 20 16 189 149 0.686199 128 130 242 58 0.70126 176 184 244 66 0.700496 233 237 255 11 1.30454 250 255 255 0 0 
255 251 255 7 -1.4289 249 245 251 10 0.851966 251 254 255 3 -1.5708 241 245 255 27 -1.46014 204 206 255 56 -1.17056 141 139 252 121 -1.03741 22 19 182 131 0.0381494 16 14 210 52 0.0384426 9 11 225 9 2.27942 11 14 242 8 -1.92957 1 3 241 6 1.73594 11 11 241 7 -2.1588 12 13 217 8 -0.785398 13 15 193 98 0.418224 60 62 217 118 0.695818 147 149 255 46 0.54042 185 189 254 58 0.845566 240 244 255 9 -2.58299 242 244 254 8 -0.124355 244 246 246 0 0 
255 254 255 1 -1.5708 255 254 254 6 2.97644 255 255 252 7 3.14159 251 254 255 8 -1.81578 236 239 255 13 -1.17601 216 217 255 39 -1.15257 167 168 255 92 -0.922985 82 83 225 111 -0.528074 16 16 192 90 0.110657 21 19 219 10 -2.55359 13 8 224 5 0.54042 18 15 219 5 2.2143 29 31 195 121 0.697903 114 120 249 67 0.658425 164 170 255 37 0.728855 197 205 255 38 0.63832 235 237 255 8 -0.358771 239 240 254 12 1.14417 253 253 255 7 -1.5708 246 248 249 0 0 
251 255 252 8 -2.19105 244 250 245 7 0 248 249 245 7 0.694738 251 253 254 1 -1.5708 248 248 255 3 -0.321751 242 243 255 5 0.927295 237 245 255 34 -1.80189 193 202 255 69 -1.09433 122 125 240 114 -0.890598 26 24 177 93 0.0858103 32 24 201 16 -2.83871 29 24 187 149 0.733313 138 140 252 54 0.772412 183 191 255 39 0.418224 208 216 255 36 0.883125 243 249 255 3 3.14159 251 250 255 7 -2.1588 249 245 255 7 0.876058 253 252 255 0 0 251 252 255 0 0 
245 252 247 6 0.896055 250 255 252 1 -1.5708 252 255 251 1 -0.785398 253 253 253 2 0.785398 255 253 255 1 -2.35619 250 253 255 7 -1.5708 238 247 250 10 0.643501 237 248 255 22 -1.48014 208 212 255 70 -1.32582 135 134 232 124 -0.94495 32 26 145 165 0.828107 156 151 255 39 0.785398 191 192 255 49 0.785398 231 237 255 5 0.54042 241 247 255 4 0.463648 248 252 253 2 -2.67795 251 249 255 5 0.643501 255 251 255 1 0.785398 253 252 255 6 -1.5708 245 246 255 0 0 
250 255 253 1 1.5708 251 255 254 0 0 253 255 254 0 0 253 255 254 1 -1.5708 252 254 254 0 0 252 254 255 1 1.5708 251 254 255 0 0 248 252 255 7 -1.5708 239 240 255 13 -1.10715 225 224 255 64 -1.27343 163 159 208 66 0.613207 201 198 243 46 0.84593 238 238 255 8 0.62025 245 247 255 2 0.785398 250 252 255 4 -1.5708 248 249 253 7 0.785398 255 254 255 0 0 255 254 255 0 0 255 254 255 0 0 253 254 255 0 0 
252 254 254 1 1.5708 253 255 255 0 0 253 255 254 0 0 253 255 254 1 -1.5708 252 255 253 0 0 252 254 254 1 1.5708 253 255 255 0 0 253 254 255 1 -1.5708 252 251 255 3 2.81984 253 252 255 27 -1.60782 226 224 236 30 0.507098 241 240 250 13 0.942 252 251 255 0 0 252 251 255 1 0 252 252 255 4 2.89661 253 254 255 1 3.14159 255 254 255 0 0 255 255 255 0 0 255 255 255 0 0 255 255 255 0 0 
252 254 254 1 1.5708 253 255 255 0 0 253 255 254 0 0 253 255 254 1 -1.5708 252 255 253 0 0 252 254 254 1 1.5708 253 255 255 0 0 253 254 255 4 -1.5708 249 248 255 4 0.785398 252 251 255 6 2.97644 253 252 255 4 -1.5708 249 248 255 3 2.1588 252 251 255 1 1.5708 253 253 255 5 -1.5708 248 248 254 5 0.785398 252 253 255 3 2.81984 255 254 255 0 0 255 255 255 0 0 255 255 255 0 0 255 255 255 0 0 
252 254 254 0 0 253 255 255 0 0 253 255 254 0 0 253 255 254 0 0 252 255 253 0 0 252 255 253 0 0 253 255 255 0 0 253 254 255 0 0 252 252 255 0 0 246 245 254 0 0 253 252 255 0 0 247 246 255 0 0 252 251 255 0 0 253 253 255 0 0 252 253 255 0 0 249 251 252 0 0 255 254 255 0 0 255 255 255 0 0 255 255 255 0 0 255 255 255 0 0 
