255 255 251 1 -1.5708 255 254 253 15 3.07502 250 252 255 193 -2.64555 149 154 185 165 -2.54522 47 50 118 32 -1.02514 17 20 95 83 0.253674 42 47 102 74 0.889779 105 112 145 133 2.1588 227 228 242 197 3.02478 255 254 255 47 -3.05669 253 247 255 14 -3.07029 248 241 255 214 -2.65711 141 132 188 140 -2.60483 59 55 130 42 -2.25653 15 19 108 32 0.896055 38 48 125 75 1.77079 119 133 175 146 2.45298 223 232 252 183 3.04355 253 250 255 34 -3.02448 255 246 255 0 0 
255 254 255 16 -1.5708 241 236 245 202 -2.27567 76 78 102 82 -2.33895 8 13 58 146 0.430021 62 64 142 106 0.345556 95 96 186 56 -0.232104 83 84 172 72 -1.05165 26 25 97 65 -0.167642 22 22 70 172 1.47228 197 197 233 161 2.96119 228 226 255 244 -2.33308 49 42 99 32 -1.88284 10 1 92 47 0.482513 23 16 131 22 0.661043 26 29 151 12 -0.896055 16 23 134 28 -0.982794 0 8 88 48 0.491164 35 39 92 167 1.63061 216 212 241 162 2.93093 255 249 255 0 0 
255 250 255 155 -1.89866 103 100 126 119 -2.4094 16 11 66 186 0.777823 138 136 212 36 0.86217 155 159 254 15 -2.49809 143 142 255 78 -2.72337 109 100 251 83 -2.72093 77 66 216 75 -2.24347 21 18 134 18 -0.218669 19 20 118 22 2.13411 40 41 132 53 -2.79604 18 15 130 30 0.762147 32 20 186 2 -2.35619 21 10 202 5 0.927295 18 16 206 4 -2.67795 16 17 197 3 1.89255 30 25 186 30 -1.80003 12 8 127 36 0.512389 48 44 103 182 1.7585 234 232 255 0 0 
198 196 225 202 -1.98151 8 6 48 146 1.32913 142 140 210 28 0.885067 155 154 250 9 -2.1294 138 139 255 87 -2.22579 62 60 213 53 -2.40878 24 10 206 5 -1.03038 17 4 204 10 0.643501 25 21 187 34 -1.48279 0 0 139 41 -0.4744 0 0 118 66 0.945311 22 25 184 3 -2.1588 12 7 212 3 1.5708 10 3 232 3 -2.1588 2 1 229 1 0.785398 4 3 226 3 -1.89255 10 3 214 12 0.844154 33 26 191 49 -1.79607 3 1 90 134 1.34567 145 144 194 0 0 
112 111 153 76 -1.98769 36 38 92 132 1.23948 152 157 232 8 -0.124355 143 146 254 56 -1.62432 78 77 227 69 -2.20277 15 10 196 7 1.5708 16 6 226 3 3.14159 13 6 227 4 2.89661 14 16 211 5 3.14159 12 21 202 24 -2.35619 0 3 187 23 0.576375 4 13 206 2 -0.463648 0 7 218 2 0.463648 0 3 228 3 3.14159 0 0 237 1 -2.35619 0 0 237 6 1.5708 6 6 238 12 -2.18152 10 7 200 9 -0.86217 24 22 141 13 1.41815 48 46 128 0 0 
77 78 128 4 2.03444 76 80 138 90 1.53748 157 166 240 17 -2.39617 134 142 255 95 -1.76 31 29 202 15 -1.76819 8 2 213 7 0.588003 4 0 233 2 -2.67795 0 0 232 1 0 0 6 219 12 -1.40565 0 0 203 24 0.96007 8 14 227 6 -2.24554 1 8 225 11 -3.05093 0 7 225 7 -2.55359 0 0 227 7 0.2783 0 0 237 4 3.14159 0 0 240 2 -2.67795 0 0 236 5 2.49809 9 10 214 11 -1.22203 21 20 154 4 0 33 29 130 0 0 
75 77 125 35 0.258771 79 84 139 83 2.0452 142 154 224 26 -0.704494 114 125 237 79 -1.58345 23 23 207 8 -2.35619 8 4 229 5 -2.35619 0 0 232 2 2.35619 0 1 233 2 0.463648 0 6 227 3 3.14159 0 5 227 4 2.67795 6 4 234 13 -1.96559 0 0 224 16 0.244979 0 0 225 9 1.35213 5 5 235 11 -2.23184 0 0 229 14 0.141897 0 0 231 4 -2.35619 0 0 227 16 0.741947 9 16 215 17 -2.47562 23 23 159 18 -2.08319 20 16 121 0 0 
113 113 153 91 -0.754639 44 47 98 135 1.78706 164 174 244 42 -2.05527 113 122 239 85 -1.3597 15 15 205 13 -0.298499 2 0 228 2 -1.5708 0 0 229 8 0.785398 0 3 236 4 -1.81578 0 0 231 1 -1.5708 0 0 231 8 0.124355 2 0 235 10 2.1588 13 4 244 12 -2.24554 3 0 230 5 0 1 0 228 12 1.5708 12 9 242 16 -2.00742 0 0 227 12 1.24905 2 9 236 16 -1.9513 0 5 196 10 -0.643501 18 18 142 38 2.20912 61 59 148 0 0 
187 184 210 170 -1.20447 21 20 64 143 1.38845 149 150 230 67 3.14159 135 136 255 89 -1.42575 32 29 215 37 -0.475695 4 3 221 5 0.785398 1 5 230 1 -2.35619 0 2 235 8 -2.78282 0 0 238 7 1.1659 8 2 245 21 -2.48875 0 0 229 14 0.493941 7 0 233 3 1.89255 10 2 233 10 -2.63449 3 0 228 6 0.896055 6 0 237 4 -1.5708 1 0 232 2 2.03444 3 2 230 3 -0.321751 14 15 197 37 -1.5708 0 3 101 123 1.57893 136 140 193 0 0 
255 248 255 194 -1.58626 54 48 83 140 0.348771 88 84 159 120 2.41495 153 151 255 76 -2.0169 70 67 237 70 -0.714809 12 12 214 1 -0.785398 4 6 225 8 -2.03444 0 0 226 13 0.628796 0 0 241 13 -1.93797 0 0 229 25 0.7299 11 2 242 9 -2.35619 6 0 229 5 -1.19029 1 0 220 12 0.674741 7 3 229 6 2.97644 8 2 235 7 -2.44685 3 0 224 7 0.982794 15 12 215 4 -1.81578 23 24 174 66 -2.52839 8 10 80 243 0.99872 224 228 255 0 0 
255 247 253 59 -1.48625 191 184 205 185 -1.21834 5 0 56 179 0.868212 127 125 221 132 3.01254 130 129 255 98 -1.63194 20 19 199 54 -0.110657 5 4 214 8 2.08994 5 5 235 10 -2.2143 0 0 231 13 1.00407 6 6 242 14 -2.45586 0 0 232 4 2.67795 3 2 228 3 1.24905 7 9 223 10 -2.28963 0 1 215 5 0.197396 0 0 223 5 1.9513 11 11 213 8 0.124355 24 28 177 75 -2.28087 0 0 82 177 0.985919 151 151 191 129 0.779934 250 250 255 0 0 
255 254 254 0 0 255 251 255 122 -1.5708 128 123 155 159 -0.76318 5 4 68 165 1.03141 135 134 238 137 -2.86129 84 82 231 70 -1.13246 8 4 200 25 0.197396 4 1 224 5 1.03038 4 5 233 7 -1.5708 0 0 229 4 -2.67795 0 0 228 9 0.785398 0 3 231 7 -2.44685 0 3 216 8 0.463648 6 10 213 6 -1.40565 4 4 206 19 0.856706 28 30 194 79 -2.36504 0 0 90 117 0.869536 94 100 147 194 0.818114 250 249 255 9 -2.43297 251 247 252 0 0 
255 255 254 3 3.14159 255 255 255 8 -2.08994 246 246 252 140 -1.52797 99 101 125 165 -0.471777 15 15 75 143 1.03872 127 124 233 144 -2.6439 45 35 209 40 -0.430693 16 7 218 5 0.380506 7 7 227 12 -1.99742 0 0 222 12 0.844154 0 2 235 6 -1.24905 0 0 228 12 0.844154 10 7 230 9 -2.81984 14 11 211 6 1.89255 29 27 193 75 -2.31848 0 0 101 107 0.798555 76 89 127 212 0.765401 235 247 249 9 0.218669 250 246 252 8 0.950547 255 251 255 0 0 
250 252 252 3 -0.321751 249 252 250 5 0.643501 254 255 251 1 0.785398 253 254 255 149 -1.61104 99 98 124 167 -0.471669 12 8 79 132 0.80144 93 83 219 114 -2.69755 30 20 204 18 -0.439843 6 4 217 3 0.588003 0 2 231 5 2.49809 0 3 238 3 3.14159 4 5 233 12 -2.41495 7 4 208 6 0.674741 23 18 187 60 -2.34443 0 0 106 108 0.713626 74 79 140 217 0.791892 240 251 255 4 0.785398 251 255 247 6 -2.81984 255 252 252 2 0.785398 255 253 255 0 0 
246 255 255 0 0 250 255 255 7 3.14159 255 254 255 6 -1.5708 251 248 250 7 0.982794 255 253 255 133 -1.59335 117 112 143 166 -0.644703 1 0 77 128 0.585843 56 52 188 71 -2.82869 16 9 214 12 -0.426627 0 0 231 4 1.32582 0 0 237 6 -1.40565 0 1 213 11 0.54042 20 22 184 62 -2.38989 0 0 101 116 0.767218 92 94 142 203 0.77151 243 246 255 7 0.785398 251 252 255 6 -1.5708 251 248 250 8 0.785398 255 255 252 5 -1.9513 255 251 243 0 0 
246 255 255 7 -1.5708 241 247 252 9 0.785398 255 251 255 2 -2.03444 255 250 255 1 -0.785398 255 253 248 4 0.785398 253 254 255 126 -1.5708 117 119 154 159 -0.709986 0 0 89 115 0.513799 38 28 204 57 -2.87534 14 2 216 5 0.927295 14 8 217 5 0.643501 23 22 196 65 -2.28107 0 0 103 116 0.846298 90 94 152 202 0.781914 249 251 255 1 0.785398 255 255 251 3 3.14159 255 253 255 0 0 255 251 255 2 -1.5708 255 253 250 2 0.463648 255 255 247 0 0 
251 255 255 1 3.14159 251 253 255 1 -1.5708 254 247 255 1 0 255 248 255 1 2.35619 255 255 249 0 0 253 255 248 9 -2.58299 241 250 254 124 -1.5305 108 112 161 161 -0.662133 0 0 113 89 0.503827 38 21 178 33 2.99122 41 29 177 50 -2.07014 1 0 111 80 1.06249 80 84 142 214 0.801898 243 250 255 6 3.14159 251 254 255 3 -1.5708 254 252 251 4 0.785398 255 254 255 0 0 255 254 255 0 0 255 255 254 0 0 255 255 252 0 0 
252 255 251 1 1.5708 255 254 255 1 3.14159 255 248 255 2 -2.03444 255 248 255 2 1.5708 255 255 249 8 -1.5708 245 253 236 11 0.785398 250 255 249 7 -2.86329 242 247 255 148 -1.55728 89 82 157 155 -0.452154 18 7 104 17 0.950547 32 23 114 38 2.632 52 50 116 240 0.847266 238 245 255 1 -2.35619 242 250 250 8 0.785398 255 254 255 0 0 255 254 255 4 3.14159 255 255 255 0 0 255 255 255 0 0 255 255 255 0 0 255 255 255 0 0 
252 255 244 1 0 254 255 248 3 3.14159 255 252 255 1 -0.785398 255 251 255 2 0.785398 255 255 251 5 3.14159 255 255 248 7 -1.5708 244 252 242 7 1.2925 248 254 255 11 -2.11122 233 237 255 198 -1.52033 33 35 75 152 -0.197396 1 7 44 254 0.987161 215 222 247 32 0.655696 240 249 253 8 0.785398 251 255 254 6 3.14159 255 254 255 5 -2.2143 253 249 254 5 0.785398 255 254 255 0 0 255 255 255 0 0 255 255 255 0 0 255 255 255 0 0 
253 255 242 0 0 251 255 241 0 0 255 255 252 0 0 255 255 254 0 0 254 251 246 0 0 255 255 249 0 0 248 253 244 0 0 244 251 248 0 0 244 254 255 0 0 185 195 205 0 0 143 155 165 0 0 243 255 255 0 0 248 255 254 0 0 245 250 248 0 0 254 250 255 0 0 255 253 255 0 0 255 254 255 0 0 255 255 255 0 0 255 255 255 0 0 255 255 255 0 0 
