251 253 254 2 0 251 253 254 31 -2.72017 238 240 241 62 -2.56252 204 206 207 23 -0.576375 191 193 194 49 -0.372988 173 175 176 57 0.266252 186 190 191 47 -0.0212734 185 189 190 48 0.741947 218 222 223 46 2.54154 244 248 249 33 2.93257 251 255 255 49 -2.61497 226 230 231 64 -2.25761 176 180 181 47 0.189199 185 189 190 44 0.157769 191 196 197 40 -0.574305 169 174 175 61 0.332059 190 195 194 51 1.13301 237 242 241 39 2.85982 248 253 252 26 3.02672 251 255 255 0 0 
253 255 255 39 -2.2296 222 224 225 51 -2.36989 186 188 189 57 0.723748 224 226 227 13 1.7976 237 239 240 9 -1.78947 228 230 231 12 0.610726 233 237 238 18 -2.43297 221 225 226 43 -1.26375 180 184 185 64 0.498117 211 215 216 27 -3.03094 208 212 213 32 -2.35619 185 189 190 63 0.640356 223 227 228 6 1.24905 229 233 234 5 -2.49809 225 230 231 3 0.588003 227 232 233 16 -1.38545 212 217 216 19 -0.714091 199 204 203 40 0.608689 222 227 226 39 2.48279 246 251 250 0 0 
227 231 232 56 -2.24276 183 187 188 55 0.912908 227 231 232 8 -1.5708 219 223 224 19 0.785398 233 237 238 10 2.85014 236 240 241 22 -2.29378 219 223 224 17 1.03038 234 238 239 11 2.87534 237 241 242 53 -1.739 184 188 189 43 0.0232516 184 189 190 64 0.905694 235 240 241 19 -2.53931 224 229 230 5 0 224 229 230 6 0.674741 228 233 234 2 2.35619 230 235 236 11 -2.79282 227 232 231 5 1.5708 232 237 236 41 -1.64384 191 196 195 47 1.11649 234 239 238 0 0 
192 196 197 25 1.5708 217 221 222 12 0.96007 227 231 232 7 0.982794 233 237 238 12 -2.24554 223 227 228 4 -0.463648 221 225 226 14 0.493941 228 232 233 7 -2.35619 223 227 228 11 0.463648 228 232 233 6 -2.97644 227 231 232 4 -2.67795 224 229 230 7 -0.785398 219 224 225 13 0.837981 229 234 235 0 0 229 234 235 8 -2.78282 226 231 232 7 -1.5708 219 224 225 13 0.528074 227 232 231 5 0.380506 229 234 233 20 -2.1451 212 217 216 32 -0.631079 193 198 197 0 0 
192 196 197 36 2.08319 224 228 229 8 0.950547 231 235 236 7 -0.982794 225 229 230 5 2.76109 226 231 232 9 0.86217 233 238 239 18 -2.50884 222 227 228 10 1.3734 232 237 238 11 -1.91957 221 226 227 6 0.165149 222 227 228 10 0.71883 229 234 235 4 -2.89661 228 233 234 3 0.321751 227 235 235 14 -2.55359 219 227 227 7 0.694738 224 232 232 5 2.11122 229 237 237 8 3.14159 231 237 236 15 -2.03444 217 223 222 21 1.14794 238 243 242 39 -1.85257 200 205 204 0 0 
174 178 179 55 1.66146 229 233 234 9 0.708626 235 239 240 21 -2.35619 220 224 225 16 0.915101 232 237 238 15 -2.03444 218 223 224 14 0.432408 224 229 230 6 0.674741 228 233 234 6 -2.97644 227 232 233 3 1.24905 230 235 236 13 -2.7468 225 230 231 6 1.10715 231 236 237 16 -2.14213 215 223 223 14 0.785398 225 233 233 4 -2.03444 221 229 229 13 0 221 229 229 2 0.463648 224 230 229 4 0.463648 226 232 231 3 3.14159 227 232 231 42 -1.18148 188 193 192 0 0 
168 173 174 73 1.16231 235 240 241 16 -1.81578 219 224 225 13 0.837981 229 234 235 8 -2.62245 225 230 231 6 1.73594 231 236 237 6 -2.81984 229 234 235 7 -1.97569 222 227 228 6 1.24905 226 234 234 10 -1.67046 216 224 224 13 0.837981 226 234 234 6 -2.03444 220 228 228 9 0.558599 225 233 233 2 -2.35619 223 231 231 11 1.66146 234 242 242 18 -2.50884 223 231 231 3 1.24905 228 234 233 6 -2.24554 223 229 228 19 1.3633 242 248 247 79 -1.70915 163 169 168 0 0 
197 202 203 34 1.42478 231 236 237 11 -2.87534 228 233 234 6 -1.89255 222 227 228 8 0.244979 224 229 230 1 1.5708 225 230 231 2 0.463648 226 231 232 2 -1.5708 224 229 230 3 1.89255 225 233 233 3 0 225 233 233 5 -2.76109 223 231 231 5 1.5708 228 236 236 5 -1.76819 223 231 231 2 -2.67795 222 230 230 3 -0.982794 219 227 227 10 0.507098 224 232 232 2 -2.03444 224 230 229 3 2.1588 227 233 232 4 1.32582 231 237 236 29 -1.77481 202 208 207 0 0 
202 207 208 19 1.19991 220 225 226 6 2.03444 226 231 232 5 2.2143 230 235 236 7 -2.26553 224 229 230 5 0.643501 227 232 233 2 -2.67795 226 231 232 3 -1.89255 223 228 229 7 1.1659 228 236 236 10 -2.28963 220 228 228 3 0.982794 223 231 231 5 0.785398 227 235 235 6 -1.40565 221 229 229 3 1.5708 224 232 232 4 2.03444 228 236 236 5 -2.11122 223 231 231 4 -2.35619 222 228 227 13 0.463648 228 234 233 4 -2.35619 226 231 230 30 -2.04915 199 204 203 0 0 
209 214 215 16 0.519146 217 222 223 17 2.78282 223 228 229 2 2.35619 225 230 231 6 0.463648 228 233 234 5 -2.60117 225 230 231 3 0 225 230 231 3 2.81984 226 231 232 4 -0.785398 221 229 229 1 1.5708 222 230 230 5 1.19029 227 235 235 1 2.35619 228 236 236 8 -2.19105 221 229 229 1 0.785398 222 230 230 4 0.785398 225 233 233 5 -1.3734 220 228 228 12 1.24905 234 240 239 15 -2.49809 225 231 230 14 -1.49949 212 217 216 14 -2.64765 205 210 209 0 0 
224 228 229 28 -0.885067 202 206 207 28 2.35619 222 226 227 10 1.3734 232 236 237 8 -1.92957 223 228 229 7 0.785398 228 233 234 7 -2.26553 222 227 228 8 0.950547 229 234 235 6 -2.03444 223 228 229 5 0.54042 226 231 232 2 1.10715 228 233 234 5 -2.49809 225 230 231 2 -2.67795 222 230 230 5 0.643501 225 233 233 2 0.463648 226 234 234 2 -2.35619 224 232 232 4 -1.5708 222 228 227 6 0.674741 227 232 231 28 -1.49949 199 204 203 24 1.61244 223 228 227 0 0 
242 246 247 60 -1.42191 182 186 187 47 1.06978 224 228 229 28 2.96488 229 233 234 0 0 228 233 234 5 -1.9513 223 228 229 7 0.588003 227 232 233 2 -2.67795 226 231 232 2 2.03444 228 233 234 1 -2.35619 227 232 233 3 -2.1588 224 229 230 1 -1.5708 223 228 229 7 0.785398 226 234 234 3 0.321751 227 235 235 4 -2.35619 224 232 232 5 3.14159 226 231 232 3 2.81984 228 233 232 4 0.244979 229 234 233 43 -2.35619 198 203 202 53 1.53308 251 255 255 0 0 
251 255 255 46 -1.5708 205 209 210 41 -0.221314 196 200 201 36 1.99742 229 233 234 15 -3.00904 227 231 232 3 1.24905 230 234 235 4 -1.32582 226 230 231 1 3.14159 226 230 231 2 1.5708 228 232 233 2 -2.03444 226 230 231 1 -1.5708 224 229 230 4 1.10715 228 233 234 3 1.89255 231 236 237 7 -2.35619 226 231 232 5 -1.9513 221 226 227 6 0.321751 223 228 229 12 0.726642 232 237 236 38 -2.0577 200 202 202 8 2.89661 202 204 204 65 0.872136 252 254 254 0 0 
251 255 255 6 -1.5708 245 249 250 64 -1.47732 181 185 186 53 0.665969 214 218 219 27 2.61352 228 232 233 3 1.89255 231 235 236 12 -2.64225 225 229 230 7 0.141897 226 230 231 2 2.67795 227 231 232 1 -0.785398 226 230 231 1 2.35619 226 231 232 1 1.5708 227 232 233 3 -2.81984 226 231 232 5 -2.76109 224 229 230 5 0.643501 227 232 233 6 0.896055 233 237 238 20 -1.96932 216 218 218 37 -2.45026 192 194 194 58 1.09188 244 246 246 11 0.661043 251 253 253 0 0 
253 255 255 0 0 253 255 255 28 -1.6421 225 227 228 43 -0.867183 192 194 195 39 1.18564 229 231 232 36 -2.94954 222 224 225 19 0.674741 232 236 237 12 -2.41495 224 228 229 5 0.785398 228 232 233 3 -2.1588 225 229 230 2 2.03444 227 231 232 2 -1.5708 225 229 230 3 -1.24905 222 226 227 7 1.1659 229 233 234 4 0.785398 231 236 237 11 -2.48055 225 229 230 50 -2.2143 187 189 189 33 1.2397 221 221 221 48 0.785398 255 255 255 14 -2.9997 253 253 253 0 0 
255 254 255 2 -1.5708 251 253 254 6 2.81984 253 255 255 46 -1.5708 207 209 210 44 -0.321751 193 195 196 47 1.18248 237 239 240 40 -2.84309 223 227 228 7 0.785398 228 232 233 4 -0.463648 226 230 231 2 -0.785398 224 228 229 3 0.982794 227 231 232 3 -0.321751 226 230 231 4 -2.89661 225 229 230 11 0.661043 232 236 237 9 -1.68145 223 227 228 42 -2.42276 195 199 200 8 3.01724 198 200 200 77 0.794572 255 255 255 14 -1.6421 241 241 241 19 0.822418 255 255 255 0 0 
255 255 255 9 -2.1294 247 247 247 11 0.785398 255 255 255 4 -2.03444 251 251 251 38 -1.46592 211 213 213 43 -0.300171 198 200 200 32 1.38545 230 232 232 42 3.04664 234 236 236 7 -2.55359 228 233 232 3 -0.588003 226 231 230 7 2.55359 232 234 234 8 -1.69515 224 226 226 16 0.828849 236 238 238 14 -2.9305 233 235 235 53 -2.28963 193 195 195 11 -0.348771 189 191 191 89 0.777524 254 254 254 1 0 254 254 254 1 0 254 254 254 1 0.785398 255 255 255 0 0 
252 250 250 7 0.785398 255 255 255 2 -1.5708 253 253 253 2 1.10715 255 255 255 10 3.14159 253 255 255 49 -1.61159 204 206 206 51 -0.315616 188 190 190 66 0.646513 228 230 230 40 3.01724 231 236 235 24 -2.67795 220 225 224 21 0.442374 231 233 233 12 0.321751 235 237 237 27 -2.64517 222 224 224 31 -2.28963 198 200 200 30 0.197396 204 206 206 67 0.816967 253 255 255 1 3.14159 255 255 255 0 0 255 255 255 0 0 255 255 255 2 3.14159 255 255 255 0 0 
255 255 255 5 3.14159 255 255 255 13 -3.06482 254 254 254 9 -1.68145 245 245 245 12 0.674741 251 253 253 5 2.76109 253 255 255 15 -2.26553 241 243 243 54 -1.34814 188 190 190 55 0.423669 209 214 213 31 1.86225 239 244 243 84 3.11779 243 245 245 105 -2.83477 211 213 213 19 -2.60987 201 203 203 49 0.582353 228 230 230 32 0.741947 250 252 252 3 0.588003 252 254 254 1 2.35619 255 255 255 1 3.14159 255 255 255 4 -2.67795 253 253 253 5 3.14159 253 253 253 0 0 
252 250 250 0 0 244 242 242 0 0 253 253 253 0 0 255 255 255 0 0 246 248 248 0 0 243 245 245 0 0 253 255 255 0 0 239 241 241 0 0 200 205 204 0 0 155 160 159 0 0 142 144 144 0 0 194 196 196 0 0 242 244 244 0 0 252 254 254 0 0 253 255 255 0 0 251 253 253 0 0 254 254 254 0 0 251 251 251 0 0 248 248 248 0 0 248 248 248 0 0 
