255 244 242 9 -3.03094 253 243 243 4 -2.35619 246 240 241 10 -1.47113 233 229 234 26 0.598419 246 244 250 3 -1.89255 243 241 247 10 -3.04192 244 240 246 11 -0.179853 245 238 241 2 0.463648 252 240 240 6 1.73594 255 246 244 13 -2.40878 252 237 235 7 0.141897 251 237 238 4 2.03444 250 240 246 1 2.35619 246 241 250 4 -2.03444 238 235 251 3 -0.321751 235 233 252 8 0 243 233 250 6 1.40565 250 240 253 10 -1.76819 240 233 236 11 1.39094 251 246 245 0 0 
247 235 233 9 0.558599 248 240 241 8 3.01724 247 238 248 12 1.07145 255 248 255 39 -2.93927 243 238 255 63 -2.95041 231 226 247 27 2.33056 255 248 255 65 -2.97395 247 237 249 19 -3.03672 249 237 243 4 -0.785398 248 234 238 10 0.927295 255 241 248 14 -2.55359 248 232 243 14 0.343024 249 235 253 37 3.14159 244 234 255 64 3.12597 239 234 255 65 3.08013 243 238 255 52 -3.00778 242 232 255 19 2.98499 248 237 253 6 -1.89255 242 234 241 6 1.10715 248 242 243 0 0 
253 244 240 13 -2.13753 238 231 234 24 0.668289 252 239 255 73 -2.65965 214 201 239 69 -2.67795 179 167 215 32 1.25875 210 199 245 42 -2.47429 188 176 212 35 1.71269 227 213 241 40 2.62245 250 236 254 14 3.14159 252 236 254 12 -0.896055 244 223 248 19 1.15257 255 239 255 56 -2.1786 210 189 234 60 -2.67795 178 160 213 20 3.14159 174 159 216 20 2.18546 191 178 230 57 2.67013 223 209 245 57 2.78689 245 232 255 64 -3.12597 244 235 248 1 2.35619 245 238 245 0 0 
244 236 237 15 1.24905 255 247 255 97 -2.35619 185 170 208 36 -0.99783 150 133 190 42 1.28607 188 170 241 12 -1.81578 176 158 229 54 3.10457 181 164 221 5 1.76819 188 173 217 41 1.61954 233 217 251 71 2.82869 255 239 255 40 -2.89059 248 226 255 41 -2.58043 224 201 253 104 -2.43089 153 129 194 44 0.157769 156 133 207 34 0.231091 161 140 219 23 -1.22203 139 121 192 28 0.962994 167 150 201 23 0.444419 181 165 199 66 1.20146 243 230 254 49 2.95994 252 242 255 0 0 
247 236 252 59 -1.67214 185 173 201 28 0.785398 203 184 239 58 -2.41636 160 139 214 29 1.07685 185 160 250 64 -1.77429 122 97 187 80 0.750325 178 156 234 23 0.172191 184 164 229 25 -1.3734 163 143 196 51 1.72639 216 194 246 10 -2.55359 211 185 245 72 -2.00991 144 116 186 82 0.73372 195 167 250 14 -2.9305 188 162 252 36 -2.6292 167 143 238 28 -2.6311 155 131 219 30 1.19646 188 166 231 31 2.72017 205 184 233 17 -0.702257 194 177 214 57 1.81578 250 235 255 0 0 
240 225 255 38 -2.11566 205 188 231 58 -2.29603 157 137 202 62 0.306676 174 150 234 29 -0.0344691 172 144 243 18 0.512389 181 153 253 19 1.7274 201 175 255 56 -2.89234 189 164 244 39 -1.82812 153 129 199 59 1.00148 205 180 248 28 -1.81578 179 150 223 26 1.41815 203 174 253 22 -2.03444 181 151 240 30 -0.762147 156 128 224 14 -0.885067 142 116 216 41 0.561163 166 140 234 12 -1.24905 159 133 209 55 1.58898 218 193 255 51 -2.31512 180 159 208 70 1.08168 242 223 255 0 0 
218 199 250 53 -1.3078 166 144 203 71 0.874272 217 195 255 25 -2.66071 203 179 255 51 -2.86858 188 162 255 14 -2.35619 178 150 249 36 -1.14417 146 118 214 56 0.583077 179 151 241 14 2.86329 185 156 241 21 2.59304 196 169 249 41 -2.72093 181 152 231 29 0.418224 193 164 244 13 2.03444 203 174 255 34 -1.6588 165 139 229 37 0.415492 179 153 247 9 -1.68145 170 145 237 17 -1.51204 158 129 214 44 0.493941 181 154 227 30 1.43824 211 189 248 42 3.07029 214 194 247 0 0 
234 209 255 20 -1.47113 212 188 252 33 -2.70497 196 171 245 40 -1.29589 155 129 212 32 0.939717 179 153 243 15 1.43824 194 166 255 33 -3.1113 193 165 255 49 -2.4859 165 135 230 33 0 167 136 229 15 -0.643501 158 128 217 51 1.21203 208 177 255 24 -2.1251 187 157 240 17 1.08084 200 171 255 54 3.08609 201 174 255 33 -2.50404 179 153 243 8 -2.19105 172 147 235 29 2.35619 197 168 253 16 -2.08994 185 157 233 24 -2.4417 169 145 209 63 1.53906 232 211 255 0 0 
237 212 255 52 -1.38081 184 159 221 33 2.20835 209 184 252 56 -2.55852 176 150 226 18 2.6292 185 156 241 21 -1.14794 163 135 225 7 -1.4289 156 126 221 63 0.729277 200 168 255 39 -2.57486 179 148 241 8 -2.78282 178 145 236 23 2.3259 195 163 250 24 0 195 164 249 51 -1.99099 148 117 202 66 0.470404 176 147 232 5 2.76109 176 150 234 31 -2.31077 153 127 210 65 0.545655 191 162 241 25 -1.5708 166 140 210 46 0.108271 171 149 207 61 1.52166 232 213 255 0 0 
247 226 255 82 -1.52205 165 143 192 78 0 164 139 199 11 0 162 136 206 48 2.35619 196 167 247 30 -2.00547 166 137 223 60 0.703231 207 175 255 55 -2.38183 169 136 227 28 0.141897 173 140 231 44 -0.250443 162 130 219 68 0.982794 219 186 255 48 -1.9513 174 142 231 44 0.832981 207 175 255 40 -2.1451 173 142 227 14 -1.8491 159 129 212 72 0.844154 213 185 255 72 -2.83294 191 165 235 22 1.89255 212 190 249 53 -2.34286 174 157 201 110 0.849413 255 242 255 0 0 
251 238 255 11 -2.35619 243 227 255 67 -1.55587 176 154 202 68 -0.722979 130 105 167 79 0.767543 185 155 231 31 1.79288 214 184 255 69 -2.39699 169 137 218 60 0.523278 197 167 250 21 2.05527 216 186 255 52 -2.83189 200 168 255 36 3.11382 201 167 255 32 3.04812 204 170 255 26 -2.35619 187 150 246 17 -2.03444 171 136 226 38 1.7274 209 176 255 63 -1.5708 146 118 188 57 0.773053 186 163 218 22 -0.404892 177 159 200 87 0.97324 249 235 255 15 -1.8314 234 222 244 0 0 
243 236 241 13 0.0767719 244 234 247 18 -1.91009 227 210 244 45 -1.01914 188 165 217 56 -0.159352 178 152 216 18 -0.785398 165 136 209 59 1.22777 221 193 255 38 -2.15155 187 160 233 34 -0.661043 166 138 214 9 -2.92292 164 134 217 11 0.463648 169 135 229 21 0.851966 185 150 247 29 -2.86329 179 142 238 14 -1.5708 165 131 218 44 1.36903 209 179 254 80 -2.86329 187 162 222 20 1.32582 207 189 230 39 0.497343 226 213 239 32 0.631079 245 236 249 4 0.785398 248 241 248 0 0 
255 252 247 25 -2.35619 237 232 234 15 1.01914 251 239 255 7 -1.5708 244 227 255 52 -1.5708 191 171 218 53 -0.112728 185 162 217 43 0.350728 198 176 234 24 2.41495 214 191 253 71 -2.2171 157 131 201 51 0.333945 172 145 225 37 0.244979 181 150 241 38 -2.39321 155 124 217 52 0.394791 177 145 232 6 -2.24554 174 144 220 49 -1.01649 132 107 167 118 0.531724 193 173 216 75 0.728855 242 228 255 10 1.67046 252 243 255 7 -2.55359 248 243 245 8 -2.67795 244 241 237 0 0 
237 234 229 10 0.851966 245 241 240 7 0.694738 251 242 252 7 -1.71269 244 232 252 6 2.97644 244 230 255 18 -1.24905 226 209 246 51 -1.03709 180 163 206 51 -0.174672 169 151 204 39 1.09579 204 182 247 49 3.06014 206 183 255 70 -2.24554 153 124 210 64 0.896055 203 174 255 36 -2.05913 171 145 221 26 1.8805 198 175 237 46 0.831519 234 216 255 18 0.86217 249 234 255 7 -1.97569 241 231 248 12 0.426627 246 239 246 7 -2.1588 240 237 233 10 0.71883 247 245 237 0 0 
242 239 241 7 1.4289 249 246 248 8 -2.89661 249 244 245 13 -1.96559 237 232 233 16 0.915101 250 244 249 2 2.35619 252 243 255 21 -2.09559 231 219 247 42 -1.38257 187 172 216 63 -0.526943 153 134 197 26 0.345556 160 140 213 45 0.691921 191 166 246 19 -2.7707 184 161 235 23 -1.5708 163 143 202 104 0.656859 229 213 254 22 0.722979 246 235 255 3 -2.81984 245 237 247 7 1.2925 253 243 255 12 -2.18152 243 235 242 6 1.5708 249 244 241 5 -2.11122 244 241 233 0 0 
245 239 244 2 -1.5708 243 238 240 2 0.463648 244 241 237 3 1.24905 247 244 239 2 2.67795 248 245 240 7 -1.97569 241 236 238 4 0 239 231 248 6 0.896055 242 231 255 62 -1.58692 180 164 212 67 0.284385 197 179 238 38 -2.46685 173 155 216 31 2.79015 186 167 222 82 0.811034 246 233 255 7 -2.86329 246 236 255 5 -1.9513 243 236 243 8 0.519146 247 242 243 3 -2.55359 246 239 244 3 -1.5708 243 236 241 4 0.785398 246 241 238 4 1.5708 250 247 239 0 0 
246 239 242 0 0 246 240 241 0 0 246 241 240 0 0 246 241 238 0 0 246 241 238 0 0 246 240 241 0 0 245 238 245 0 0 245 235 251 4 1.5708 249 236 255 76 -1.55764 173 159 187 71 -0.343969 149 134 165 119 0.964191 247 234 255 5 -0.785398 243 233 250 3 1.5708 246 238 248 4 1.10715 251 245 246 10 -2.49809 245 240 239 1 1.5708 246 241 240 0 0 246 241 240 0 0 246 241 238 0 0 246 242 237 0 0 
246 240 241 0 0 246 240 241 0 0 246 241 240 0 0 246 241 240 0 0 246 241 240 0 0 246 241 240 0 0 246 239 242 0 0 246 238 245 5 1.5708 251 241 253 14 -2.40378 241 231 244 25 -1.12469 218 208 221 41 0.956133 252 242 254 10 -2.2143 244 236 243 5 1.3734 249 242 245 6 -1.40565 243 238 237 2 2.35619 245 240 237 7 0.141897 246 241 238 0 0 246 241 238 0 0 246 241 238 0 0 246 241 238 0 0 
246 240 241 0 0 246 240 241 0 0 246 241 240 0 0 246 241 238 0 0 246 241 238 0 0 246 241 240 0 0 246 239 242 0 0 246 239 244 6 -1.5708 240 231 241 14 0.982794 252 242 254 16 -2.4859 242 232 245 5 0.785398 246 236 248 3 -0.321751 245 237 244 5 1.76819 250 243 246 9 -1.78947 241 236 233 11 1.22203 252 248 243 7 -2.1588 246 241 238 0 0 246 241 238 0 0 246 241 238 0 0 246 241 238 0 0 
246 240 241 0 0 246 241 240 0 0 246 241 240 0 0 246 241 238 0 0 246 241 238 0 0 246 241 240 0 0 246 240 241 0 0 246 239 244 0 0 248 239 249 0 0 239 229 241 0 0 246 236 249 0 0 249 239 251 0 0 244 236 243 0 0 248 241 244 0 0 245 240 237 0 0 248 244 239 0 0 246 241 238 0 0 246 241 238 0 0 246 241 238 0 0 246 241 238 0 0 
