255 251 250 5 0.785398 250 250 255 6 3.14159 228 239 255 119 -2.74551 168 183 255 134 -2.70452 108 116 239 91 -2.4104 43 51 188 25 0.07983 45 54 187 61 1.52166 110 122 234 80 2.32112 179 190 255 134 2.87144 221 234 255 79 3.06579 232 243 255 5 3.14159 228 241 255 87 -2.9105 196 214 255 119 -2.85413 157 173 255 122 -3.00201 141 150 255 91 -2.97644 132 134 252 71 2.87289 163 156 255 101 2.54539 227 221 255 134 3.0671 241 243 255 69 -3.09814 240 246 255 0 0 
251 249 255 6 -2.03444 237 237 255 133 -2.25021 113 121 204 77 -2.3017 44 54 168 5 -2.60117 36 46 177 34 1.18491 65 76 214 20 -1.67046 46 56 193 20 0.14889 55 63 187 23 -0.755104 46 53 156 87 1.50194 138 145 230 107 2.30361 222 230 255 146 -2.56493 138 149 223 86 -2.52134 79 92 190 43 -1.9513 36 46 163 26 0.566729 50 56 185 6 1.10715 59 61 191 4 1.32582 74 68 187 7 1.97569 86 82 177 75 1.67706 165 167 231 113 2.48751 236 242 255 0 0 
231 235 255 92 -1.91309 137 140 225 103 -2.36989 52 52 190 11 -1.39094 32 35 194 25 0.643501 42 54 202 22 0.881872 57 73 216 15 3.00904 63 73 220 17 3.14159 68 72 221 37 -2.33733 46 43 196 17 0.54042 57 54 199 29 1.36678 86 91 214 50 -2.58091 57 64 187 4 1.81578 58 63 202 2 -2.03444 54 58 207 10 -0.507098 49 51 205 11 0.348771 55 56 208 0 0 58 58 202 2 1.5708 64 65 193 8 -1.05165 61 65 170 113 1.59734 175 183 255 0 0 
184 195 255 146 -2.05273 50 57 174 6 2.46685 47 46 210 7 1.4289 47 49 227 9 1.78947 51 66 222 15 -2.26553 39 57 204 11 0 46 54 207 9 -1.15257 40 43 202 30 0.478352 60 51 225 12 0 58 52 223 21 -1.19029 34 39 192 16 1.13417 48 55 204 9 2.72337 53 56 214 9 2.1294 61 62 226 21 -2.9997 58 59 223 7 -1.8491 50 53 215 11 3.14159 50 55 212 7 2.26553 56 63 212 17 -2.23677 45 54 188 36 1.2315 81 90 218 0 0 
102 119 239 71 -1.94097 35 47 181 11 1.03038 43 48 211 16 2.89661 43 50 221 2 0.463648 37 56 213 11 0.909753 48 68 217 7 -1.71269 50 59 210 14 1.5708 69 71 226 6 -2.97644 70 65 234 12 -2.81984 62 62 230 30 -2.37945 34 45 203 17 -0.0587558 32 46 199 26 0.309703 47 52 207 27 -0.298499 40 43 201 23 0.755104 56 59 218 16 -1.75614 37 44 201 12 0.499347 36 52 205 3 0 36 52 205 10 1.0637 48 60 216 19 2.83571 56 65 222 0 0 
70 88 225 44 -2.22787 35 50 196 12 -1.73594 25 34 192 34 0.702257 44 55 217 16 0.380506 44 64 219 6 2.97644 47 67 216 9 -2.43297 52 59 210 16 0.519146 65 65 219 13 -2.57486 58 57 215 18 -0.86217 40 43 201 20 1.0637 50 64 216 8 0.950547 55 72 222 12 2.29744 71 79 232 28 -2.50508 57 62 215 9 -0.418224 52 58 211 8 -2.89661 46 57 209 2 -2.35619 37 55 208 2 2.03444 39 56 213 16 -1.9513 28 38 202 21 0.484478 39 46 215 0 0 
47 57 205 18 -0.558599 37 46 197 16 1.5708 51 61 215 11 1.75065 60 72 226 15 -1.89255 40 60 209 4 3.14159 44 60 207 26 0.598419 67 72 225 17 -1.39612 56 54 207 17 1.92957 73 73 217 18 -1.0122 54 59 198 14 1.07685 58 76 207 10 -0.588003 50 69 204 11 -0.54042 48 58 206 15 1.24905 65 71 224 21 -1.8491 44 52 199 4 1.81578 46 56 204 3 -0.321751 41 53 207 7 -0.404892 38 48 209 12 0.96007 52 57 220 22 -3.00606 51 53 217 0 0 
70 73 218 50 -0.543832 42 46 195 15 1.97569 51 59 213 12 2.46685 55 67 221 23 -2.50657 40 56 203 28 1.13839 67 83 226 7 -2.55359 70 76 225 39 -2.4275 48 50 198 33 1.29663 83 84 224 24 -2.27069 63 68 201 20 2.32173 71 86 213 10 -0.507098 64 79 212 11 -1.22203 53 62 213 11 2.79282 57 64 221 16 -1.26791 41 51 199 8 1.10715 49 59 206 10 0.291457 54 60 213 3 -1.24905 52 57 209 19 -1.51821 39 41 183 74 1.342 113 115 253 0 0 
124 120 249 86 -1.05022 43 42 182 11 1.10715 43 46 208 14 -0.0713075 36 45 209 18 2.01064 53 67 217 9 1.0122 61 78 219 33 -2.14213 37 50 190 23 0.60005 53 62 203 14 0.493941 64 68 210 24 -2.35619 49 51 193 38 1.38863 85 91 228 44 -2.9131 71 79 223 32 -2.22649 38 48 209 22 1.06795 57 67 231 31 -2.57967 41 53 209 14 1.3597 61 68 219 7 -2.26553 60 61 211 12 -2.89661 64 63 197 14 -2.9305 66 69 173 159 0.954926 198 204 255 0 0 
175 171 255 123 -1.16164 55 53 172 38 0.522403 58 61 219 29 -2.26124 28 35 204 32 1.19029 58 70 224 16 -2.00742 43 59 202 9 1.35213 52 70 207 10 0.71883 63 77 213 23 -1.78486 43 51 194 8 1.05165 54 56 204 24 -0.519146 42 44 192 18 0.785398 51 55 210 15 2.81984 48 57 225 18 -1.62629 26 39 209 15 1.01914 43 54 216 6 1.73594 56 63 212 19 -2.39321 55 53 189 11 -2.67795 57 57 165 129 0.91651 165 172 241 89 0.785398 232 241 255 0 0 
230 234 255 129 -1.5398 92 97 182 86 -0.391236 43 47 189 9 2.1294 40 48 215 12 1.99742 51 60 223 7 -0.876058 44 58 211 18 0.938047 57 78 217 27 -2.92292 53 73 208 14 -1.78189 42 56 199 31 0.851966 70 77 228 25 -2.2143 53 54 212 15 -1.8314 35 37 202 24 0.870903 45 54 228 9 -1.78947 32 46 219 4 2.03444 42 53 215 7 -1.5708 45 52 193 15 -2.53605 50 51 161 114 0.822418 143 146 221 120 0.80294 236 245 255 2 -2.67795 236 250 255 0 0 
239 248 255 53 -1.5708 177 185 244 124 -1.23639 41 48 171 67 0.11884 41 45 204 21 1.61838 58 65 228 17 3.14159 55 67 227 25 -1.98092 30 49 194 19 1.19991 48 68 210 11 2.03444 61 75 223 20 -2.49809 53 61 215 15 -2.53605 47 50 209 11 0.463648 51 53 218 11 3.05093 45 53 224 9 -1.98902 36 45 212 12 0.499347 49 56 205 24 -2.18152 39 45 164 120 0.750119 135 139 217 126 0.790985 234 240 255 3 0.321751 239 250 255 2 1.10715 243 255 255 0 0 
241 255 255 12 -1.89255 222 234 255 92 -1.44109 116 121 223 92 -0.708626 47 49 191 11 0.463648 46 49 207 11 2.48055 48 55 218 6 -1.5708 40 50 211 6 1.73594 45 57 215 9 -0.110657 45 56 214 9 -1.5708 38 47 204 15 1.10715 54 61 218 17 -1.98321 38 45 202 16 0.519146 46 52 211 7 2.1588 57 61 209 26 -0.812419 45 50 172 126 0.706908 138 144 227 120 0.761873 233 241 255 5 0.785398 244 254 255 4 -2.89661 245 255 253 1 0.785398 248 255 249 0 0 
240 254 250 5 0.785398 239 250 255 34 -1.62955 194 200 255 123 -1.33368 66 67 181 78 -0.179853 43 44 188 16 1.32582 53 56 215 7 -1.1659 45 49 208 16 1.26791 59 64 226 10 -1.67046 47 55 216 5 -2.76109 45 54 212 25 0 45 54 211 11 0.463648 54 62 209 26 -2.7468 51 57 186 48 0.610726 88 91 199 122 0.503919 155 158 239 103 0.785398 237 240 255 2 3.14159 244 252 255 4 -2.03444 246 253 248 5 0.785398 251 255 251 7 3.14159 251 255 251 0 0 
246 255 255 2 -2.35619 242 250 255 3 -0.982794 234 240 255 72 -1.50146 153 156 230 110 -0.90737 54 55 177 38 0.404892 62 62 208 7 -2.44685 57 57 203 13 2.30361 65 66 216 16 -1.05165 47 50 208 30 1.1659 72 77 239 23 -2.44685 53 63 224 35 -2.19754 31 42 176 76 0.785398 101 112 192 140 0.745016 209 217 255 35 0.785398 243 246 255 7 -2.86329 248 247 255 2 0 251 250 255 2 0.785398 255 253 255 7 -1.71269 248 245 254 9 0.785398 255 252 255 0 0 
248 253 255 2 1.10715 248 254 255 0 0 246 252 255 9 -1.5708 228 233 255 120 -1.52915 94 96 196 76 -0.346539 61 60 193 8 -1.32582 51 49 192 27 1.64474 78 74 223 22 -2.67795 66 64 213 17 -3.02448 63 64 208 18 -1.24905 45 49 184 114 0.41291 96 106 207 158 0.709312 213 227 255 24 0.785398 243 253 255 8 -2.08994 244 247 252 9 0.785398 255 254 255 4 3.14159 255 253 255 1 -2.35619 255 251 255 1 0.785398 255 251 255 1 -1.5708 255 249 255 0 0 
254 252 255 1 0.785398 253 254 255 2 3.14159 250 255 255 4 -1.5708 237 244 255 53 -1.49547 170 175 254 99 -1.31604 65 67 185 25 -0.499347 49 46 192 15 0.643501 60 53 204 9 -2.35619 60 51 185 53 0.404892 86 80 189 139 0.617756 171 171 247 86 0.785398 236 243 255 9 3.14159 241 253 255 4 -1.5708 242 253 251 5 0.785398 253 254 255 11 -2.79282 253 249 255 5 0.643501 254 253 255 1 0.785398 255 254 255 0 0 255 254 255 0 0 255 254 255 0 0 
255 253 255 2 -2.03444 253 252 255 2 0.785398 251 255 254 10 3.14159 244 251 255 32 -1.5708 198 206 255 101 -1.35213 90 96 193 27 -2.22868 63 65 190 10 -1.3734 57 55 179 103 0.493941 116 112 208 138 0.667992 211 207 255 39 0.785398 244 246 255 9 -1.5708 239 244 253 12 0.844154 248 255 254 1 3.14159 250 255 252 11 -1.66146 244 243 247 15 0.785398 255 253 255 0 0 255 254 255 2 3.14159 255 255 255 2 3.14159 255 255 255 2 3.14159 255 255 255 0 0 
255 250 255 9 3.03094 255 253 255 18 -2.55359 243 245 246 14 0.785398 246 250 255 10 -1.86225 224 231 255 141 -1.77793 77 87 157 48 -0.0624188 70 82 160 151 0.54949 153 164 232 98 0.749442 231 239 255 7 0.785398 243 250 255 4 3.14159 248 254 255 2 -2.67795 249 255 253 1 0 249 255 253 0 0 250 255 254 1 0.785398 255 253 255 0 0 255 251 255 4 -2.67795 255 252 254 4 3.14159 253 253 253 6 3.14159 253 253 253 6 3.14159 253 253 253 0 0 
249 241 251 0 0 242 238 244 0 0 255 253 255 0 0 243 247 255 0 0 197 203 248 0 0 127 140 196 0 0 201 218 255 0 0 227 246 255 0 0 237 253 255 0 0 240 254 250 0 0 248 255 247 0 0 251 255 249 0 0 249 255 253 0 0 251 255 255 0 0 255 251 255 0 0 255 247 255 0 0 251 248 250 0 0 247 247 247 0 0 247 247 247 0 0 247 247 247 0 0 
