252 246 247 11 0.785398 255 254 255 16 -2.62245 251 244 251 5 3.14159 242 239 255 110 -3.04192 220 216 255 188 -3.09376 202 203 255 167 3.08178 212 215 255 181 3.13054 218 221 255 153 3.07633 238 237 255 32 -3.01724 240 237 255 11 1.03038 248 250 255 17 -2.65164 236 240 255 118 -3.03187 220 221 255 177 -3.12465 213 215 255 170 3.09457 220 222 255 186 3.13622 221 226 255 160 3.07917 234 242 255 21 3.04664 241 248 255 5 2.9442 251 251 255 2 0.785398 255 254 255 0 0 
253 253 255 14 -1.71269 237 236 252 10 0.0996687 235 231 255 188 -2.54917 123 120 176 124 -2.34483 25 22 107 26 0.463648 32 32 126 5 -2.2143 26 31 116 30 1.43824 59 64 139 133 1.7446 198 198 255 165 2.93472 237 234 255 89 -3.01862 226 224 255 209 -2.584 113 113 167 102 -2.36309 38 38 102 8 0.519146 38 39 113 9 -1.0122 28 29 110 27 1.49686 55 58 133 150 1.69102 210 214 255 171 3.03672 235 239 255 14 2.55359 253 250 255 10 -3.04192 255 252 255 0 0 
237 249 255 5 -2.76109 232 240 255 177 -1.94607 58 59 149 42 -2.11935 16 14 133 25 1.07145 37 34 160 18 -2.20355 20 21 143 75 0.0399787 23 29 134 128 0.0234332 26 34 135 119 -0.0671259 20 23 132 113 1.22128 130 127 242 145 -2.38058 34 25 145 6 -1.10715 28 21 136 96 0.0831412 34 33 137 124 0.0161276 32 33 143 110 -0.0996687 18 14 149 14 0.493941 27 23 152 5 -2.2143 31 31 121 177 1.58774 219 218 255 146 3.07321 240 235 255 7 1.8491 252 246 255 0 0 
227 239 255 62 -1.63522 159 168 232 145 -2.15119 27 28 150 6 -2.81984 21 18 163 8 -3.01724 26 22 151 157 0.46648 98 99 211 128 0.44976 153 161 255 57 -0.104877 145 156 248 104 -1.00407 55 64 168 152 -0.244979 20 22 140 119 0.0671259 33 26 153 185 0.487739 122 115 236 98 0.372988 156 159 255 55 -0.218669 142 146 248 124 -1.04966 31 28 161 172 -0.0522779 22 18 154 9 -0.418224 23 20 135 34 1.48279 68 64 146 155 1.71905 234 229 255 11 1.48014 252 246 255 0 0 
228 226 255 138 -1.64313 85 81 163 57 -2.1588 24 17 151 6 -0.674741 20 12 149 152 1.32582 179 174 255 62 0.830821 229 229 255 5 -0.643501 222 232 255 48 -2.99678 211 226 255 128 3.11035 210 228 255 115 -2.53441 146 158 222 81 0.707296 208 207 255 25 2.49809 225 223 255 134 -3.12667 217 229 255 98 -3.1008 211 225 255 7 0.2783 213 217 255 172 -1.59986 40 38 138 142 -0.0703065 24 21 144 8 1.44644 38 33 142 178 1.65487 232 226 255 26 3.02672 243 237 255 0 0 
218 214 255 160 -1.5458 53 47 136 14 -2.30861 33 22 156 28 1.81578 63 52 179 165 1.18019 230 222 255 8 1.81578 241 239 255 65 -2.13753 179 184 229 173 -2.61601 89 97 144 58 2.45345 122 134 182 119 2.27942 215 224 255 185 -2.98443 195 192 248 173 -2.53605 96 93 149 59 2.53499 123 131 178 131 2.26456 222 233 255 129 -3.06423 217 221 255 25 -1.29779 189 188 255 154 -1.36197 25 21 147 10 -0.927295 19 14 137 167 1.5708 204 199 255 37 1.38382 250 245 255 0 0 
217 219 255 174 -1.58229 39 39 123 21 -0.380506 29 17 143 98 1.51982 131 117 235 88 1.46888 233 222 255 25 -1.69023 210 201 251 191 -2.04846 29 21 104 24 0.813962 44 36 131 121 0.0330458 48 42 129 155 -0.0900782 37 31 110 138 0.079542 57 42 116 167 -0.0299312 49 36 116 167 -0.00598795 35 31 126 56 1.41144 91 92 173 140 2.02807 231 228 255 7 0 226 224 255 177 -1.56515 30 27 153 16 -2.08994 16 13 139 174 1.49622 209 208 255 22 1.66146 240 241 255 0 0 
209 221 255 152 -1.52478 56 62 137 46 -0.521834 33 24 145 102 1.63932 140 127 243 76 1.70162 230 220 255 110 -1.60714 120 113 164 65 -1.5708 45 36 126 122 1.5626 161 154 255 54 0.772412 203 193 255 38 -2.20912 175 165 255 40 1.74404 224 208 255 60 -3.05845 214 200 255 159 -1.53936 41 32 152 89 -0.168832 26 22 127 195 1.58618 238 235 255 9 -2.43297 229 228 255 186 -1.60841 22 20 143 9 0.785398 27 28 150 159 1.63987 207 208 255 37 0.916714 246 249 255 0 0 
211 234 255 119 -1.596 92 107 170 95 -0.822418 22 18 137 99 1.51026 126 116 236 106 2.26313 221 214 255 106 -1.5425 115 114 164 74 -1.02351 40 46 111 160 1.60204 195 203 255 27 -1.07437 174 175 255 83 -2.96067 163 161 243 119 -3.03278 159 152 219 116 2.60117 214 209 255 76 -1.67567 123 121 240 108 -1.76638 17 19 127 191 1.50284 226 227 255 10 -0.643501 218 221 255 181 -1.90124 29 31 143 12 -1.99742 18 21 129 197 1.36644 230 235 255 6 1.24905 247 251 255 0 0 
212 236 255 53 -1.28474 159 175 228 139 -1.17436 26 26 140 25 1.53082 55 48 169 155 1.74547 222 216 255 70 -1.6563 152 153 204 130 -0.976411 35 42 105 178 1.55394 208 218 255 133 -2.04448 89 98 171 132 -0.402912 40 47 116 9 2.43297 55 54 118 170 1.09668 204 201 255 89 -1.47002 102 103 215 103 -2.3766 30 33 138 212 1.06507 231 231 255 76 -1.88843 158 158 222 140 -2.14299 25 28 132 34 1.6588 61 66 159 183 1.0024 236 239 255 6 2.03444 250 254 255 0 0 
237 254 255 12 -1.73594 220 232 255 182 -1.55431 31 28 137 91 -0.0329551 28 22 139 174 1.55356 216 211 255 121 3.06735 227 223 255 178 -1.64929 42 37 122 170 0.731508 150 151 237 128 2.61857 211 225 255 181 -1.67539 32 46 99 207 0.455009 132 131 199 111 0.84266 215 209 255 228 -2.28511 34 30 131 107 1.39343 140 136 237 84 0.768733 207 200 255 128 -1.79116 80 76 158 67 -2.40878 26 28 122 136 1.4974 165 170 245 68 0.877917 236 237 255 5 1.76819 248 249 253 0 0 
244 253 255 7 -1.2925 230 237 255 94 -1.51765 125 126 214 126 -0.802156 33 29 134 50 1.49097 92 87 166 125 1.96314 211 204 255 63 -2.52316 169 162 253 131 -1.237 39 40 126 177 1.0719 190 206 255 160 2.99178 216 230 255 57 -2.7707 204 202 255 204 -2.38041 65 58 143 20 -2.9442 57 56 136 215 0.759088 203 203 255 30 -1.53748 175 167 255 203 -2.33181 26 22 118 28 0.558599 39 43 122 228 0.841241 215 220 255 20 0.398522 239 237 255 10 1.3734 255 252 255 0 0 
251 252 255 4 -2.03444 240 244 255 11 -1.66146 217 224 255 175 -1.48529 38 41 122 170 -0.0117642 40 32 133 112 1.63322 152 144 245 122 2.64876 208 209 255 85 -1.86672 123 131 201 122 -0.802737 29 42 116 172 0.847048 160 169 249 172 -2.41351 52 50 140 15 -1.01914 43 39 121 232 0.83414 213 221 255 7 -1.2925 204 212 255 231 -2.31035 31 27 130 18 1.2315 48 43 148 163 1.06608 197 199 255 44 0.976583 241 246 255 10 -2.07789 244 241 255 9 0.321751 254 246 253 0 0 
255 251 255 3 -0.982794 246 246 255 5 1.19029 241 247 255 21 -1.9513 214 218 255 179 -1.50942 31 27 123 167 0.0657732 40 35 140 141 1.6204 180 184 255 151 2.95584 206 215 255 78 -2.29321 147 154 233 128 -1.09321 35 39 122 147 0.14956 62 58 147 202 0.729512 199 196 255 25 0.785398 215 222 255 237 -2.37405 48 55 118 16 -2.57026 36 35 131 112 0.93086 129 127 216 121 0.826311 225 232 255 8 1.05165 243 246 255 7 0.785398 255 251 255 4 3.14159 255 250 255 0 0 
255 255 252 3 -1.89255 255 251 252 5 -1.3734 245 245 251 8 -0.124355 235 237 255 23 -1.31561 202 203 255 164 -1.43062 32 33 123 149 -0.00671131 27 31 126 125 1.5548 156 157 247 128 2.72337 213 215 255 84 -2.8161 190 189 255 36 0.844154 218 215 255 13 2.98894 219 214 255 243 -2.36489 46 37 134 10 -2.2143 36 30 125 94 0.867917 106 109 184 150 0.771315 215 223 255 20 0.574305 236 245 255 10 0.851966 253 255 254 6 -2.46685 255 248 254 5 -0.643501 255 243 254 0 0 
255 254 251 1 -0.785398 255 253 250 6 2.81984 255 255 254 3 -2.1588 247 249 255 6 -1.10715 228 234 255 37 -1.54378 184 190 255 152 -1.31947 33 34 124 164 0.0365691 40 39 133 89 1.61571 137 131 213 123 2.47063 215 209 255 119 -3.05776 205 199 255 228 -2.37167 45 37 124 3 -0.982794 42 28 133 104 0.6013 101 92 183 171 0.764825 221 225 255 14 1.22777 239 249 255 2 0.463648 247 255 253 4 -1.32582 250 253 244 7 0.785398 255 253 255 4 -1.5708 255 247 255 0 0 
255 252 255 10 -2.2143 251 245 250 10 0.643501 255 251 255 2 2.03444 251 253 255 11 -2.35619 238 242 255 8 0 233 236 255 22 -1.48014 206 206 255 164 -1.39366 40 37 123 166 -0.0240917 36 26 133 55 1.4442 91 77 195 77 -2.35619 36 23 139 8 2.19105 45 34 138 143 0.597636 129 122 203 137 0.78027 230 228 255 1 0 235 240 255 15 0.785398 250 255 254 1 3.14159 253 255 252 0 0 255 255 254 0 0 255 255 255 0 0 255 254 255 0 0 
251 248 250 6 1.10715 255 254 255 3 -2.1588 254 251 253 5 -1.19029 247 246 250 8 1.21203 251 254 255 6 -1.5708 240 245 255 7 0.694738 242 243 255 25 -1.69023 211 210 255 165 -1.41262 43 37 132 175 -0.0399787 34 25 135 34 -0.146012 31 21 127 215 0.653714 164 158 245 83 0.802346 229 229 255 5 0 234 238 255 14 0.785398 251 255 255 3 -2.81984 252 255 248 2 2.67795 255 255 254 0 0 255 255 255 0 0 255 255 255 0 0 255 255 255 0 0 
255 255 244 3 0.321751 255 255 246 3 2.81984 255 255 250 4 -1.32582 252 250 249 7 0.785398 255 255 254 11 3.14159 250 255 255 4 -1.5708 242 248 255 4 1.5708 241 248 255 18 -2.27942 222 230 255 148 -1.53028 72 79 128 204 0.702257 204 212 255 30 0.624023 225 233 255 13 0.528074 236 245 255 5 1.19029 246 252 255 3 -1.5708 248 251 255 0 0 252 251 253 3 0.982794 255 255 255 0 0 255 255 255 0 0 255 255 255 0 0 255 255 255 0 0 
255 255 241 0 0 254 255 239 0 0 255 255 248 0 0 255 255 251 0 0 246 246 240 0 0 251 255 252 0 0 244 252 251 0 0 231 243 247 0 0 229 244 255 0 0 230 246 255 0 0 231 247 255 0 0 237 253 255 0 0 240 252 255 0 0 246 255 255 0 0 250 249 255 0 0 254 252 255 0 0 255 254 255 0 0 255 255 255 0 0 255 255 255 0 0 255 255 255 0 0 
