255 255 255 16 -1.5708 239 239 239 217 -2.33023 81 81 81 113 -2.3437 0 0 0 1 1.5708 1 1 1 19 1.51821 20 20 20 87 1.80189 105 105 105 140 2.41141 199 199 199 205 2.87534 253 253 253 123 3.12533 255 255 255 4 -1.5708 251 251 251 5 0.785398 255 255 255 97 -2.90406 232 232 232 225 -2.73147 142 142 142 155 -2.66642 71 71 71 92 -2.44824 12 12 12 15 2.12245 25 25 25 100 1.79163 123 123 123 171 2.36031 244 244 244 159 3.07252 255 255 255 0 0 
255 255 255 184 -2.02476 89 89 89 121 -2.34457 2 2 2 2 -2.35619 0 0 0 6 0.321751 2 2 2 2 -0.785398 0 0 0 2 0 0 0 0 1 1.5708 1 1 1 129 1.54754 130 130 130 180 2.3758 255 255 255 85 3.14159 255 255 255 110 -2.10344 160 160 160 206 -2.42823 25 25 25 32 -2.44293 4 4 4 5 -2.35619 0 0 0 4 1.10715 4 4 4 1 -1.5708 3 3 3 5 -0.380506 1 1 1 84 1.5827 85 85 85 184 2.04897 249 249 249 0 0 
174 174 174 189 -2.02973 4 4 4 4 -1.5708 0 0 0 6 1.5708 6 6 6 6 -2.81984 4 4 4 3 -2.55359 2 2 2 2 -2.35619 0 0 0 6 0.674741 4 4 4 5 -2.35619 0 0 0 170 1.52377 170 170 170 135 2.92533 199 199 199 241 -2.2002 4 4 4 5 -0.785398 0 0 0 0 0 0 0 0 7 0.2783 2 2 2 2 1.5708 4 4 4 5 2.35619 8 8 8 11 -2.35619 0 0 0 13 0 0 0 0 174 1.5708 174 174 174 0 0 
90 90 90 109 -2.23264 4 4 4 5 -2.35619 0 0 0 3 0 0 0 0 5 0.197396 1 1 1 1 -1.5708 0 0 0 5 1.5708 5 5 5 7 -0.785398 0 0 0 8 1.5708 8 8 8 31 1.8314 38 38 38 42 2.67795 57 57 57 72 -2.39539 8 8 8 11 -2.35619 0 0 0 7 1.5708 7 7 7 8 -2.52134 2 2 2 2 -1.10715 0 0 0 3 0 0 0 0 13 1.344 13 13 13 15 -2.17634 0 0 0 65 1.50934 65 65 65 0 0 
23 23 23 25 -2.0169 0 0 0 3 1.5708 3 3 3 3 2.55359 5 5 5 5 -2.35619 1 1 1 1 -1.5708 0 0 0 10 1.27934 10 10 10 13 -2.30361 0 0 0 1 0 0 0 0 1 0 0 0 0 4 1.10715 4 4 4 5 -2.35619 0 0 0 5 0 0 0 0 7 0 0 0 0 3 1.5708 3 3 3 0 0 3 3 3 2 3.14159 3 3 3 1 1.5708 4 4 4 4 3.14159 4 4 4 12 1.81578 16 16 16 0 0 
12 12 12 18 -0.708626 0 0 0 0 0 0 0 0 4 0.244979 1 1 1 0 0 1 1 1 2 1.5708 3 3 3 2 -1.5708 1 1 1 1 3.14159 1 1 1 5 0 1 1 1 2 0.463648 2 2 2 2 -2.35619 0 0 0 5 1.5708 5 5 5 5 2.76109 7 7 7 7 -1.97569 0 0 0 3 1.5708 3 3 3 2 -0.785398 1 1 1 2 1.5708 3 3 3 4 -2.35619 0 0 0 8 0.124355 1 1 1 1 -2.35619 0 0 0 0 0 
26 26 26 60 -0.441592 0 0 0 5 0.785398 4 4 4 5 -2.49809 1 1 1 2 0 1 1 1 2 1.5708 3 3 3 3 -2.1588 0 0 0 6 1.40565 6 6 6 5 -2.49809 3 3 3 4 -2.35619 0 0 0 6 0 0 0 0 5 0 0 0 0 4 1.5708 4 4 4 5 -2.2143 0 0 0 6 0.896055 5 5 5 4 -2.03444 1 1 1 1 -2.35619 0 0 0 8 1.5708 8 8 8 9 -2.1294 0 0 0 8 1.5708 8 8 8 0 0 
81 81 81 88 -1.0615 4 4 4 5 -2.35619 0 0 0 5 0.643501 3 3 3 3 -2.55359 1 1 1 1 3.14159 1 1 1 0 0 1 1 1 1 2.35619 2 2 2 3 -0.588003 0 0 0 6 1.5708 6 6 6 5 -2.9442 5 5 5 5 -2.11122 0 0 0 1 0.785398 1 1 1 3 1.89255 4 4 4 4 -2.89661 3 3 3 3 -2.1588 0 0 0 1 0 0 0 0 3 1.5708 3 3 3 3 -1.89255 0 0 0 48 1.5708 48 48 48 0 0 
124 124 124 141 -1.06919 0 0 0 4 1.5708 4 4 4 5 -2.35619 0 0 0 0 0 0 0 0 3 0.321751 1 1 1 1 -2.35619 0 0 0 5 1.3734 5 5 5 7 -2.35619 0 0 0 2 0.463648 1 1 1 1 2.35619 2 2 2 2 -2.67795 1 1 1 1 -0.785398 0 0 0 5 0 0 0 0 4 0.244979 1 1 1 1 0 1 1 1 1 -1.5708 0 0 0 5 0.380506 2 2 2 2 -2.35619 0 0 0 84 1.55889 84 84 84 0 0 
192 192 192 200 -1.27266 0 0 0 53 0 0 0 0 0 0 0 0 0 3 0.982794 3 3 3 3 -2.1588 0 0 0 1 0.785398 1 1 1 2 -0.463648 0 0 0 3 0.588003 2 2 2 2 -0.785398 0 0 0 0 0 0 0 0 2 1.5708 2 2 2 3 1.5708 5 5 5 2 -2.67795 4 4 4 4 -2.67795 2 2 2 2 -2.67795 1 1 1 4 1.81578 5 5 5 6 -2.24554 0 0 0 4 0.244979 1 1 1 162 1.36615 160 160 160 0 0 
251 251 251 198 -1.5506 53 53 53 116 -0.47131 0 0 0 2 1.5708 2 2 2 1 -0.785398 1 1 1 1 0 1 1 1 2 2.03444 3 3 3 3 3.14159 3 3 3 1 0.785398 4 4 4 5 -2.2143 0 0 0 2 0 0 0 0 3 0.588003 2 2 2 1 2.35619 3 3 3 4 -2.35619 0 0 0 0 0 0 0 0 0 0 0 0 0 4 0.244979 1 1 1 3 0.982794 4 4 4 30 1.70335 34 34 34 219 1.15812 235 235 235 0 0 
255 255 255 98 -1.6014 157 157 157 180 -1.05509 0 0 0 48 0.0624188 3 3 3 3 -0.321751 2 2 2 2 -2.35619 0 0 0 4 0 0 0 0 4 1.5708 4 4 4 5 -2.49809 1 1 1 1 2.35619 2 2 2 1 1.5708 3 3 3 2 -1.10715 1 1 1 1 -2.35619 0 0 0 0 0 0 0 0 2 0 0 0 0 5 0.785398 4 4 4 1 -2.35619 3 3 3 3 -1.5708 0 0 0 124 1.38446 122 122 122 166 0.926093 255 255 255 0 0 
252 252 252 6 -1.10715 246 246 246 198 -1.5405 48 48 48 151 -0.280108 6 6 6 8 -2.35619 0 0 0 4 1.5708 4 4 4 5 -2.2143 0 0 0 9 0 0 0 0 0 0 0 0 0 2 1.10715 2 2 2 2 1.5708 4 4 4 5 -2.2143 0 0 0 0 0 0 0 0 2 1.10715 2 2 2 2 1.10715 4 4 4 4 -2.89661 3 3 3 3 3.14159 3 3 3 20 1.71969 23 23 23 235 1.00635 222 222 222 46 0.785398 255 255 255 0 0 
255 255 255 3 -1.89255 252 252 252 58 -1.5708 194 194 194 203 -1.26615 0 0 0 114 0 0 0 0 1 1.5708 1 1 1 13 0.628796 9 9 9 12 -2.35619 0 0 0 2 0.463648 1 1 1 3 0.321751 2 2 2 1 -2.35619 1 1 1 1 -2.35619 0 0 0 2 0.463648 1 1 1 2 1.5708 3 3 3 4 -2.35619 0 0 0 0 0 0 0 0 6 0 0 0 0 166 1.10447 149 149 149 146 0.809548 255 255 255 6 3.14159 255 255 255 0 0 
254 254 254 2 -1.5708 252 252 252 4 0.785398 255 255 255 141 -1.58498 114 114 114 178 -0.69402 0 0 0 76 0.156602 12 12 12 16 -2.35619 0 0 0 2 0.785398 2 2 2 2 1.5708 4 4 4 3 -2.1588 1 1 1 1 -2.35619 0 0 0 2 1.10715 2 2 2 3 -0.321751 1 1 1 1 -2.35619 0 0 0 0 0 0 0 0 11 0.54042 6 6 6 73 1.21044 75 75 75 231 0.855619 250 250 250 5 -0.197396 249 249 249 8 0.785398 255 255 255 0 0 
254 254 254 1 1.5708 255 255 255 2 -2.03444 253 253 253 2 -0.785398 251 251 251 175 -1.59936 76 76 76 180 -0.433953 0 0 0 51 0.0391956 2 2 2 2 3.14159 2 2 2 3 0 2 2 2 2 -2.03444 0 0 0 1 1.5708 1 1 1 4 1.81578 5 5 5 5 -2.11122 0 0 0 0 0 0 0 0 10 1.3734 10 10 10 28 0.885067 32 32 32 258 0.853785 227 227 227 39 0.785398 255 255 255 0 0 255 255 255 2 -1.5708 253 253 253 0 0 
254 254 254 1 0 254 254 254 1 0.785398 255 255 255 9 -1.89255 246 246 246 10 -0.588003 240 240 240 189 -1.4916 51 51 51 187 -0.276097 0 0 0 67 0.0744888 5 5 5 6 -2.46685 1 1 1 3 -0.321751 0 0 0 0 0 0 0 0 2 0.785398 2 2 2 2 -2.35619 0 0 0 2 0.785398 2 2 2 42 0.667306 28 28 28 252 0.760193 202 202 202 72 0.824594 255 255 255 0 0 255 255 255 0 0 255 255 255 0 0 255 255 255 0 0 
255 255 255 0 0 255 255 255 5 -2.60117 252 252 252 3 0.982794 255 255 255 0 0 255 255 255 24 -1.5708 231 231 231 165 -1.45546 67 67 67 193 -0.352736 0 0 0 113 0.0353835 4 4 4 5 -2.35619 0 0 0 2 1.5708 2 2 2 2 -1.5708 0 0 0 5 0.380506 2 2 2 87 0.386876 35 35 35 258 0.749797 211 211 211 59 0.737815 251 251 251 5 0.785398 255 255 255 0 0 255 255 255 0 0 255 255 255 0 0 255 255 255 0 0 
255 255 255 7 -2.35619 250 250 250 6 0.674741 254 254 254 1 0.785398 255 255 255 5 3.14159 255 255 255 5 -2.11122 250 250 250 5 -0.197396 249 249 249 136 -1.54874 113 113 113 179 -0.679081 0 0 0 187 0 0 0 0 52 0.0384426 2 2 2 35 0.0855053 5 5 5 185 0.43467 83 83 83 217 0.707127 224 224 224 43 0.785398 255 255 255 8 3.14159 255 255 255 0 0 255 255 255 0 0 255 255 255 0 0 255 255 255 0 0 255 255 255 0 0 
250 250 250 0 0 255 255 255 0 0 255 255 255 0 0 250 250 250 0 0 252 252 252 0 0 255 255 255 0 0 252 252 252 0 0 253 253 253 0 0 187 187 187 0 0 52 52 52 0 0 37 37 37 0 0 173 173 173 0 0 248 248 248 0 0 255 255 255 0 0 247 247 247 0 0 255 255 255 0 0 255 255 255 0 0 255 255 255 0 0 255 255 255 0 0 255 255 255 0 0 
