255 255 251 1 3.14159 255 254 255 6 3.14159 255 250 255 9 3.14159 253 245 255 19 -2.53931 240 226 255 83 -2.98436 227 207 255 117 -3.07332 221 193 255 127 -3.10224 220 188 255 128 2.99309 246 210 255 149 3.12146 251 215 255 81 3.12925 255 215 255 54 3.10457 255 216 255 115 -2.95942 233 189 255 110 -3.07804 222 185 255 118 2.93757 241 218 255 152 3.13501 240 226 255 87 2.98022 255 245 255 13 -2.40878 247 241 252 11 1.10715 255 255 252 8 3.14159 253 255 248 0 0 
255 253 253 5 -1.76819 254 245 255 5 -2.60117 248 236 255 18 -2.75099 235 223 255 129 -2.50427 155 138 212 53 -2.03444 107 83 177 24 -0.844154 91 60 169 28 -0.176709 89 54 164 11 -0.266252 90 55 152 71 1.71072 164 127 219 77 2.7707 192 156 246 75 -2.26213 134 96 192 21 -0.91795 114 75 185 13 -1.20362 95 63 172 12 -1.40565 80 57 149 67 1.49631 147 130 203 126 2.35061 242 226 255 174 3.10712 250 239 255 12 -2.89661 245 244 254 5 1.3734 248 253 251 0 0 
255 249 255 14 -2.45586 248 235 255 15 -1.43824 227 208 255 130 -2.33446 128 105 197 23 0.129703 127 100 217 16 -0.519146 116 86 221 16 -2.76109 112 76 222 24 -1.99742 90 54 202 24 -1.48766 67 32 173 20 0.463648 78 42 178 52 1.62842 130 96 227 5 0.54042 130 98 233 25 -1.72945 101 69 218 16 -1.75614 80 52 206 10 -2.07789 65 44 196 27 -1.78947 42 22 158 28 0.176709 58 35 143 168 1.5351 233 213 255 157 3.07798 243 236 255 8 2.35619 249 249 255 0 0 
249 233 255 8 0.519146 251 231 255 129 -2.16951 139 109 198 26 0.785398 153 118 239 10 -2.49809 141 105 249 38 -1.83476 101 63 222 13 -0.0767719 98 59 228 10 -1.27934 88 49 219 12 -0.726642 82 41 210 18 -0.708626 68 31 193 62 1.26412 128 94 249 7 -0.876058 119 88 245 24 -1.32582 89 60 229 19 -1.15257 66 40 217 12 -0.896055 51 29 211 8 0.950547 61 39 211 37 -2.6659 57 28 177 19 0.257324 69 46 155 161 1.65137 233 223 255 59 2.9211 246 245 255 0 0 
255 234 255 76 -1.71453 182 151 212 35 -2.70326 163 121 228 10 -0.851966 150 104 241 8 -1.10715 137 90 246 14 -1.6421 119 73 240 14 -0.832981 106 60 233 11 -0.348771 101 55 232 3 -0.982794 98 52 229 16 -0.436627 91 47 218 57 0.920375 133 96 255 14 -2.79857 125 93 252 22 -1.83705 97 69 236 22 -0.945311 74 49 223 14 -1.13839 57 35 214 34 -1.1466 28 3 183 35 1.6563 70 41 211 34 -2.25451 50 24 162 116 1.45069 170 159 239 102 2.52927 232 226 255 0 0 
252 215 255 100 -1.84227 153 112 193 35 0.74542 174 123 244 11 -1.66146 158 104 251 17 -2.31622 141 87 246 5 -2.60117 134 82 249 14 -2.40378 123 70 243 13 -1.344 108 56 233 15 0.694738 118 66 244 15 0.965252 131 80 254 8 -2.78282 126 81 244 5 0.643501 126 85 246 5 -2.60117 117 82 246 25 -1.72945 89 56 224 16 -0.302885 78 52 220 48 -1.59163 29 3 175 31 0.534955 46 17 192 23 2.75327 59 36 182 18 1.24905 84 72 162 145 1.6807 233 225 255 0 0 
225 179 255 45 -1.81578 179 131 233 3 -2.1588 173 119 248 22 -1.75065 149 92 237 8 -2.35619 140 84 237 12 -0.844154 129 73 232 14 0.2783 131 75 240 8 -2.67795 127 71 238 11 0.661043 136 77 246 4 -1.32582 132 73 241 13 0.732815 139 85 246 7 -2.26553 131 80 237 2 -1.10715 126 78 238 6 -2.24554 117 75 230 22 -1.5708 93 55 204 26 -0.837981 66 36 185 34 -1.27656 24 1 159 37 1.6248 61 45 182 8 -2.67795 66 56 146 150 1.63736 220 214 255 0 0 
211 165 255 35 -1.48529 174 127 237 11 -2.67795 167 115 246 25 -1.85459 141 86 231 8 1.44644 146 94 242 13 -2.91479 143 89 242 18 -1.40565 125 69 228 14 1.13839 138 81 244 2 -0.463648 139 79 243 5 1.5708 144 85 247 10 -2.49809 138 80 238 1 0 138 80 238 9 -0.86217 129 73 232 2 -2.67795 124 74 228 4 -1.81578 118 74 217 28 -1.6421 83 48 189 45 -1.41648 24 3 149 32 1.28824 53 41 167 16 -2.76109 56 48 131 163 1.45405 224 216 255 0 0 
205 171 255 54 -1.09062 157 120 224 10 -2.9442 153 110 237 16 -1.63322 135 89 231 6 -1.10715 129 81 229 19 0.714091 140 93 245 21 -2.35619 127 76 233 12 0.844154 136 84 245 5 -2.60117 135 81 242 3 -1.24905 134 78 237 4 0.785398 137 82 239 5 1.5708 142 87 244 17 -2.11122 125 70 233 3 0 125 71 232 7 -0.694738 118 68 222 19 -1.3633 92 53 199 43 -1.66355 37 14 153 9 0.86217 42 29 145 28 1.49949 79 70 143 154 1.26134 229 223 255 0 0 
226 202 255 84 -1.41543 143 115 205 20 2.7886 150 112 232 12 -1.48766 136 94 233 7 0.876058 142 97 244 26 -2.4371 125 78 231 8 1.5708 133 84 242 8 -0.463648 129 79 240 3 2.1588 134 83 241 2 -2.67795 133 82 239 5 0 133 84 236 11 -2.79282 129 80 232 3 -1.5708 126 74 235 4 0.785398 127 77 239 13 -2.61352 120 70 232 27 -1.75391 88 47 199 33 -1.63133 46 20 158 5 2.60117 48 33 141 73 1.5571 129 120 183 124 0.876058 229 222 255 0 0 
241 224 255 115 -1.53603 126 102 172 83 0.329326 153 115 227 17 -2.65164 143 98 238 21 -2.01317 124 75 227 12 0.244979 125 76 234 21 0.817645 141 91 253 15 -1.97569 127 77 239 4 0.785398 130 80 241 6 2.03444 135 89 242 16 -1.87368 119 76 219 7 1.2925 124 84 226 4 3.14159 124 81 232 13 -1.17601 112 66 226 9 3.14159 112 63 231 27 -2.09887 84 42 203 37 -1.84174 45 14 153 12 0.785398 54 35 138 179 1.0122 213 203 255 41 0.88848 247 243 255 0 0 
247 234 255 41 -1.32582 207 187 240 75 -1.1012 140 104 204 7 -0.2783 138 92 222 2 1.10715 138 89 235 6 1.5708 144 91 248 12 -2.71497 137 84 247 8 -2.52134 132 79 243 3 -2.1588 127 77 239 4 1.5708 130 83 239 13 -2.40878 119 79 221 12 0.0831412 118 81 221 9 1.98902 129 87 234 32 -2.22649 101 60 212 12 -0.426627 96 52 213 26 -2.30361 74 36 186 24 -0.785398 57 27 152 130 0.817995 154 134 223 115 0.797593 241 233 255 9 1.35213 251 250 255 0 0 
255 247 255 17 -1.98321 244 224 255 95 -1.42295 150 117 198 103 -0.0775143 142 98 211 20 0.0499584 143 93 225 13 -2.7468 137 82 231 10 -0.0996687 134 77 239 3 3.14159 132 76 243 7 -0.141897 129 75 242 6 -2.03444 121 71 233 14 1.13839 133 88 239 20 -2.32173 116 75 220 10 -2.42276 111 68 213 7 2.44685 114 74 216 47 -2.34127 80 41 180 42 0.358771 95 61 185 81 0.741947 152 124 223 120 0.808923 240 223 255 5 0.785398 246 240 255 8 0.62025 251 252 255 0 0 
252 244 255 7 0.785398 255 244 255 5 -1.19029 253 229 255 91 -1.61472 162 129 210 97 -0.325008 131 90 195 55 0.310387 148 100 226 35 -2.74036 133 78 227 18 0.558599 141 84 246 16 -2.39965 126 72 239 3 0.982794 127 75 242 12 -2.53087 119 71 229 14 -2.45586 110 65 216 5 -1.19029 105 62 207 31 -2.37841 84 44 175 72 0.568848 123 91 200 48 0.814801 158 133 219 111 0.772741 240 219 255 10 0.851966 248 236 255 9 0.785398 255 252 255 8 3.14159 255 255 251 0 0 
251 254 252 2 0.785398 253 254 255 13 -2.13753 244 238 255 12 0.426627 249 237 255 70 -1.51372 181 159 218 92 -0.846859 112 80 169 121 0.293038 147 103 228 39 -2.66658 127 77 225 16 0.185348 128 76 237 12 -2.35619 117 65 232 8 -1.44644 108 58 224 4 1.10715 112 64 222 42 -2.35619 83 38 185 80 0.872894 147 109 228 32 0.340979 158 135 209 121 0.73892 242 228 255 10 0.507098 251 240 255 10 0.851966 255 254 255 10 -2.2143 249 250 241 10 0.643501 253 255 243 0 0 
251 255 249 7 -1.97569 244 251 244 9 0.785398 253 255 254 4 -2.67795 251 250 255 13 -1.5708 240 229 255 19 -0.822418 226 205 255 118 -1.35853 110 76 176 111 0.30181 143 99 229 28 -2.25653 119 71 221 10 0.0996687 118 68 229 14 -2.64765 111 62 220 35 -2.2143 83 38 184 64 0.939717 137 98 220 77 0.555871 178 150 239 92 0.853993 250 236 255 3 2.81984 253 247 255 4 0.785398 255 254 253 5 -1.5708 253 252 242 7 0.876058 255 255 247 1 -1.5708 254 255 244 0 0 
250 254 248 5 2.49809 253 255 251 5 -2.2143 251 252 250 2 1.10715 253 252 255 2 0 253 247 255 2 -2.03444 251 238 255 35 -1.51372 216 193 255 97 -1.21323 125 91 191 90 0.0665682 131 85 222 22 -1.79427 107 59 209 16 -1.13417 92 49 184 44 0.769526 123 88 198 101 0.903724 205 179 255 54 0.720554 241 226 255 15 0.404892 247 242 255 10 0.71883 254 255 253 4 3.14159 255 254 253 0 0 255 255 251 1 1.5708 255 255 252 0 0 255 255 252 0 0 
248 249 245 8 0.519146 252 253 249 2 0 252 253 249 4 0.785398 255 255 255 3 -1.5708 252 251 255 1 0.785398 253 247 255 3 -1.5708 250 238 255 35 -1.4289 215 192 255 96 -1.18642 126 89 199 87 -0.11444 116 75 196 16 2.4859 126 92 193 91 0.746658 188 162 238 88 0.713522 246 232 255 9 1.98902 255 249 255 3 3.14159 255 254 255 9 -2.58299 250 251 247 6 0.674741 254 255 253 0 0 254 254 254 1 1.5708 255 255 255 0 0 255 255 255 0 0 
255 255 254 2 -2.67795 254 255 253 2 2.67795 255 255 252 0 0 255 255 251 5 -2.76109 253 255 249 0 0 253 254 252 2 0.785398 255 253 255 6 -2.46685 251 241 255 38 -1.62338 213 191 255 114 -1.2961 103 77 153 157 0.609163 193 172 234 80 0.872894 255 241 255 13 -1.93797 242 235 255 15 0.694738 252 249 255 5 -1.03038 247 246 250 11 0.785398 255 255 255 1 -2.35619 254 254 254 0 0 254 254 254 1 1.5708 255 255 255 0 0 255 255 255 0 0 
253 253 253 0 0 252 253 251 0 0 255 255 252 0 0 250 253 244 0 0 253 255 245 0 0 255 255 247 0 0 250 253 244 0 0 249 245 255 0 0 244 229 255 0 0 232 213 255 0 0 245 231 255 0 0 250 241 255 0 0 254 250 255 0 0 255 254 255 0 0 255 254 255 0 0 254 253 255 0 0 254 253 255 0 0 254 254 254 0 0 255 255 255 0 0 255 255 255 0 0 
