255 255 255 4 -2.89661 254 254 254 3 -1.5708 251 251 251 4 0.463648 253 253 253 2 1.10715 255 255 255 3 -2.1588 252 252 252 0 0 252 252 252 4 0.785398 255 255 255 3 -2.1588 252 252 252 3 0.982794 255 255 255 0 0 255 255 255 8 -1.5708 247 247 247 11 0.785398 255 255 255 0 0 255 255 255 4 -2.35619 252 252 252 4 0.785398 255 255 255 5 -1.5708 250 250 250 7 0.785398 255 255 255 7 -2.7367 252 252 252 4 0.785398 255 255 255 0 0 
251 251 251 3 1.24905 254 254 254 1 0.785398 255 255 255 8 -3.01724 254 254 254 4 -2.89661 253 253 253 2 -0.463648 252 252 252 51 3.08284 255 255 255 42 -3.09401 253 253 253 1 1.5708 254 254 254 1 0.785398 255 255 255 6 3.14159 255 255 255 5 3.14159 255 255 255 4 3.14159 255 255 255 22 -3.00606 252 252 252 40 3.06673 255 255 255 26 3.14159 255 255 255 0 0 255 255 255 8 -2.08994 248 248 248 9 0.785398 255 255 255 6 -1.89255 249 249 249 0 0 
252 252 252 4 0.785398 255 255 255 13 -2.5128 247 247 247 8 0.358771 250 250 250 60 3.05845 255 255 255 130 -2.7156 201 201 201 15 2.26553 213 213 213 58 2.39232 253 253 253 70 3.11303 255 255 255 24 -2.89661 249 249 249 2 0.463648 250 250 250 5 0.197396 251 251 251 80 -2.91479 233 233 233 59 -2.78282 212 212 212 33 2.61138 229 229 229 53 2.6363 255 255 255 76 -3.08901 251 251 251 5 0.785398 255 255 255 10 -2.9442 253 253 253 2 0.785398 255 255 255 0 0 
255 255 255 11 -1.66146 244 244 244 15 0.785398 255 255 255 87 -2.30785 190 190 190 54 -1.71787 136 136 136 83 0.717705 191 191 191 21 -1.38257 170 170 170 23 0.576375 183 183 183 48 1.54997 231 231 231 57 2.78689 251 251 251 19 2.9341 255 255 255 121 -2.40267 173 173 173 13 0.298499 177 177 177 15 0.404892 183 183 183 3 -0.321751 182 182 182 4 -2.35619 179 179 179 76 1.46592 255 255 255 76 -3.01077 245 245 245 14 0.785398 255 255 255 8 3.14159 255 255 255 0 0 
254 254 254 4 2.89661 255 255 255 59 -1.58774 196 196 196 18 -2.27942 182 182 182 17 1.80189 199 199 199 25 -2.98294 195 195 195 27 -2.95848 190 190 190 11 -0.54042 184 184 184 8 -0.950547 177 177 177 57 1.27102 232 232 232 86 -2.25815 165 165 165 27 0.86217 186 186 186 15 0.321751 191 191 191 5 -2.11122 186 186 186 8 -0.950547 179 179 179 23 0.348771 187 187 187 8 -2.03444 179 179 179 76 1.55764 255 255 255 37 -2.92865 247 247 247 8 0.124355 248 248 248 0 0 
250 250 250 6 0.674741 254 254 254 101 -2.37717 184 184 184 76 -3.06281 178 178 178 23 -0.172191 174 174 174 10 -2.49809 168 168 168 32 1.38545 200 200 200 40 -2.86668 189 189 189 7 2.35619 194 194 194 31 -2.57967 177 177 177 6 1.73594 183 183 183 20 2.03444 201 201 201 40 -2.81197 188 188 188 21 2.9997 191 191 191 24 2.71497 201 201 201 49 -2.7686 183 183 183 12 -2.89661 180 180 180 43 1.046 218 218 218 138 2.87026 255 255 255 4 3.14159 255 255 255 0 0 
255 255 255 74 -1.58431 181 181 181 75 -1.32904 108 108 108 94 1.42138 201 201 201 38 -2.02295 166 166 166 30 0.269167 174 174 174 22 -0.625485 161 161 161 34 0.72425 184 184 184 18 -1.13095 167 167 167 25 0.358771 176 176 176 14 -0.141897 174 174 174 24 -0.463648 163 163 163 29 0.137066 167 167 167 22 0.0906599 169 169 169 31 -0.463648 155 155 155 37 0.439843 171 171 171 42 0.818719 202 202 202 125 -1.9305 85 85 85 176 1.2293 251 251 251 1 -2.35619 250 250 250 0 0 
254 254 254 55 -1.58898 199 199 199 77 -1.44165 122 122 122 95 0.704096 184 184 184 12 1.07145 195 195 195 3 -1.5708 192 192 192 5 -1.76819 187 187 187 9 0.558599 192 192 192 4 -0.244979 191 191 191 1 -2.35619 190 190 190 11 0.54042 196 196 196 9 -2.72337 192 192 192 3 -0.982794 189 189 189 8 1.92957 197 197 197 10 -2.28963 189 189 189 11 1.48014 200 200 200 42 -1.61838 158 158 158 30 -0.478352 144 144 144 112 1.21824 250 250 250 6 0.674741 254 254 254 0 0 
253 253 253 44 -1.52537 209 209 209 23 -0.635027 195 195 195 32 -2.9866 190 190 190 26 2.9516 195 195 195 28 -2.9997 191 191 191 12 2.81984 195 195 195 31 3.10935 196 196 196 44 -3.00606 190 190 190 17 2.52134 200 200 200 54 -2.90106 187 187 187 7 1.5708 194 194 194 16 -2.62245 186 186 186 14 2.86329 190 190 190 34 3.14159 190 190 190 20 2.74307 198 198 198 47 -2.86617 185 185 185 3 -2.55359 183 183 183 72 1.50146 255 255 255 5 -2.49809 252 252 252 0 0 
255 255 255 28 -1.85885 228 228 228 65 -1.40315 163 163 163 22 0.0454233 164 164 164 38 0.078784 167 167 167 25 0.499347 179 179 179 27 -0.577902 164 164 164 34 -0.358771 152 152 152 51 0.480887 176 176 176 30 -1.26988 147 147 147 70 0.603749 187 187 187 8 -2.19105 180 180 180 19 -0.418224 172 172 172 22 -0.785398 156 156 156 39 0.385157 171 171 171 36 -0.549853 152 152 152 50 0.631691 182 182 182 9 0.708626 188 188 188 68 1.1659 251 251 251 4 0.463648 253 253 253 0 0 
247 247 247 11 -0.785398 239 239 239 56 -1.28274 185 185 185 19 1.03907 202 202 202 17 -2.31622 189 189 189 13 1.64757 202 202 202 18 -2.8023 196 196 196 3 2.55359 198 198 198 13 -1.72345 185 185 185 22 1.06795 205 205 205 29 -2.26124 182 182 182 17 1.10715 198 198 198 10 -1.86225 188 188 188 6 0.896055 193 193 193 9 1.46014 202 202 202 21 -2.69922 193 193 193 7 -2.55359 189 189 189 26 1.41815 215 215 215 46 1.03038 255 255 255 1 -1.5708 254 254 254 0 0 
255 255 255 1 3.14159 255 255 255 60 -1.58746 195 195 195 57 -0.0874953 190 190 190 13 -2.98894 188 188 188 25 -3.02216 185 185 185 8 2.03444 193 193 193 43 3.07194 196 196 196 7 3.14159 196 196 196 38 -2.87763 186 186 186 23 2.9694 190 190 190 8 2.52134 195 195 195 42 -3.07029 192 192 192 28 3.07029 194 194 194 34 -2.81984 183 183 183 21 2.95337 187 187 187 7 0.982794 193 193 193 52 1.07297 239 239 239 22 0.785398 255 255 255 3 -1.5708 252 252 252 0 0 
254 254 254 0 0 254 254 254 2 -1.10715 252 252 252 75 -1.58413 177 177 177 55 -0.253674 163 163 163 37 0.499347 181 181 181 33 -1.20146 150 150 150 62 0.672247 189 189 189 30 -1.50423 159 159 159 37 0.10769 163 163 163 39 0.531724 183 183 183 30 -1.43824 153 153 153 44 0.250443 164 164 164 29 -0.103082 161 161 161 37 0.0270204 162 162 162 41 0.785398 191 191 191 27 1.35213 218 218 218 49 0.842479 255 255 255 0 0 255 255 255 4 -2.67795 253 253 253 0 0 
254 254 254 1 0.785398 255 255 255 7 -2.55359 251 251 251 20 -1.3734 231 231 231 42 -0.969723 196 196 196 13 -0.226799 193 193 193 11 2.60117 199 199 199 8 -1.81578 191 191 191 5 1.03038 196 196 196 13 3.06482 197 197 197 18 -2.58299 187 187 187 9 1.98902 196 196 196 11 -2.87534 193 193 193 5 1.03038 198 198 198 13 -2.57486 191 191 191 7 0.876058 197 197 197 79 0.749699 251 251 251 5 0.785398 255 255 255 5 -2.35619 251 251 251 5 2.35619 255 255 255 0 0 
255 255 255 6 -1.5708 249 249 249 7 0.876058 255 255 255 0 0 255 255 255 46 -1.74299 209 209 209 52 -0.514451 183 183 183 43 0.32905 197 197 197 17 -2.96692 194 194 194 13 -2.13753 183 183 183 15 -3.00904 181 181 181 2 2.35619 183 183 183 7 2.86329 185 185 185 11 1.30454 196 196 196 11 -2.23184 187 187 187 24 0.372988 196 196 196 83 0.785398 255 255 255 7 3.14159 255 255 255 4 -1.81578 251 251 251 5 -0.927295 247 247 247 10 0.643501 253 253 253 0 0 
255 255 255 1 -1.5708 254 254 254 1 0.785398 255 255 255 8 -1.5708 247 247 247 8 1.32582 255 255 255 31 -1.60304 224 224 224 53 -0.957026 180 180 180 51 0.136403 187 187 187 19 -1.41419 168 168 168 21 0.548549 179 179 179 17 -0.174672 176 176 176 20 0.643501 188 188 188 6 0.165149 189 189 189 47 0.454302 210 210 210 63 0.785398 255 255 255 9 -2.27942 248 248 248 9 0.708626 254 254 254 1 0 254 254 254 1 0.785398 255 255 255 3 -1.5708 252 252 252 0 0 
255 255 255 4 3.14159 255 255 255 4 3.14159 255 255 255 6 -1.89255 249 249 249 7 0.785398 254 254 254 1 2.35619 255 255 255 24 -1.5708 231 231 231 47 -1.04121 190 190 190 64 -0.0624188 186 186 186 33 0.302885 196 196 196 19 -2.9341 192 192 192 20 0.0996687 194 194 194 71 0.557124 232 232 232 29 0.88035 255 255 255 7 -2.1588 249 249 249 8 0.785398 255 255 255 3 3.14159 255 255 255 0 0 255 255 255 0 0 255 255 255 0 0 255 255 255 0 0 
251 251 251 4 0 251 251 251 2 0.785398 253 253 253 1 0.785398 254 254 254 1 -0.785398 253 253 253 2 1.10715 255 255 255 4 3.14159 255 255 255 1 -1.5708 254 254 254 36 -1.54303 218 218 218 55 -0.836635 177 177 177 85 0.421787 212 212 212 60 0.785398 255 255 255 4 -2.03444 251 251 251 4 0 251 251 251 5 0.785398 255 255 255 6 -2.67795 252 252 252 3 1.89255 255 255 255 0 0 255 255 255 0 0 255 255 255 0 0 255 255 255 0 0 
255 255 255 2 -1.5708 253 253 253 1 2.35619 254 254 254 1 2.35619 255 255 255 1 -2.35619 254 254 254 3 -1.24905 251 251 251 5 0.785398 255 255 255 1 3.14159 255 255 255 10 3.14159 255 255 255 5 3.14159 255 255 255 0 0 255 255 255 2 -1.5708 253 253 253 5 2.76109 255 255 255 0 0 255 255 255 6 -1.5708 249 249 249 3 0.588003 251 251 251 5 0.785398 255 255 255 0 0 255 255 255 0 0 255 255 255 0 0 255 255 255 0 0 
255 255 255 0 0 252 252 252 0 0 253 253 253 0 0 254 254 254 0 0 255 255 255 0 0 255 255 255 0 0 254 254 254 0 0 245 245 245 0 0 250 250 250 0 0 255 255 255 0 0 255 255 255 0 0 248 248 248 0 0 255 255 255 0 0 255 255 255 0 0 252 252 252 0 0 255 255 255 0 0 255 255 255 0 0 255 255 255 0 0 255 255 255 0 0 255 255 255 0 0 
