250 255 248 1 2.35619 251 255 249 5 3.14159 255 255 248 6 -1.89255 244 251 246 7 0.694738 242 254 255 2 2.67795 241 252 255 15 -2.81984 241 244 255 7 0.785398 250 250 255 8 -2.89661 246 252 255 2 2.03444 246 255 255 4 -1.5708 240 252 252 2 0.463648 245 252 255 5 2.49809 255 251 255 9 -2.43297 253 245 255 6 0 244 249 250 5 1.03038 243 255 253 1 1.5708 244 255 255 4 -2.35619 243 254 252 2 -0.463648 249 252 250 5 0.643501 255 254 253 0 0 
251 254 252 3 -0.982794 246 252 247 5 0.54042 249 255 250 2 2.03444 246 255 255 7 -2.7367 231 252 255 37 -2.8113 215 238 254 39 2.7468 234 251 255 58 -3.00453 229 243 255 47 3.03561 238 250 255 8 2.78282 241 255 255 13 -2.98894 239 254 255 5 -1.5708 236 248 254 7 0 244 244 255 72 3.04468 251 251 255 111 -3.11457 243 252 255 93 3.12009 242 255 255 21 -3.04664 240 254 253 7 2.86329 245 255 254 1 2.35619 253 255 255 2 -1.5708 255 253 252 0 0 
255 252 255 7 3.14159 251 253 255 3 -1.5708 245 251 255 8 -2.67795 230 246 255 74 -2.71386 182 216 232 18 -0.785398 160 203 224 9 -2.35619 153 195 218 24 3.01724 159 198 220 44 1.77256 214 243 255 48 -3.09995 217 242 252 11 1.30454 230 252 255 5 2.76109 236 254 255 171 -2.66228 160 173 189 35 -2.03444 128 141 157 66 2.91479 141 157 169 86 2.10723 215 233 240 37 2.8113 229 247 248 10 2.2143 242 254 254 5 2.76109 251 255 255 2 -1.5708 253 253 253 0 0 
244 244 255 9 0.785398 246 251 255 11 -1.91957 226 240 255 102 -2.46685 150 177 197 74 0.737815 186 229 250 47 -2.37112 144 196 219 69 -2.78789 118 172 195 24 2.32763 141 190 212 13 2.7468 155 195 213 57 2.12017 211 244 255 64 3.09475 220 247 255 154 -1.9273 78 101 116 153 0.38172 137 157 174 99 -0.94938 56 76 93 102 0.358771 88 113 129 88 1.21335 171 197 209 65 0.677128 218 240 245 9 1.24905 234 249 251 7 1.8491 250 255 255 4 3.14159 253 255 255 0 0 
246 250 255 8 -2.62245 233 247 255 89 -1.82925 130 161 184 83 1.016 191 233 255 48 -2.21018 148 194 218 91 -2.37158 82 130 154 107 0.224711 108 155 177 101 0.228274 133 178 199 68 -0.191648 122 165 184 81 0.185348 142 181 196 40 0.329624 164 193 208 51 1.55119 220 243 255 27 -1.68145 193 216 231 53 -0.946161 147 173 189 66 -0.450226 109 145 163 110 1.20884 212 249 255 37 -2.95461 214 243 250 6 0.674741 228 247 250 5 1.3734 242 251 255 4 1.81578 251 254 255 0 0 
232 244 255 21 -1.23412 203 225 243 47 -2.70624 162 206 229 31 -0.0644268 155 205 228 98 -2.26294 86 128 151 148 0.804443 198 235 255 24 0.844154 220 253 255 11 -2.23184 209 245 255 3 0 205 246 255 27 -1.31712 180 219 233 35 -2.39617 167 195 206 48 1.36116 219 241 252 13 0.566729 228 248 255 14 -1.5708 207 235 246 53 -1.19029 144 185 200 68 0.404892 169 212 227 37 1.9513 215 248 255 4 3.14159 226 248 253 3 1.89255 238 250 255 3 1.5708 246 252 255 0 0 
234 254 255 70 -1.6563 153 185 198 55 1.33455 188 240 255 97 -1.74606 92 143 163 90 1.53748 201 231 250 26 0.866302 232 250 255 5 -1.76819 234 246 255 3 0.321751 230 249 255 7 0.588003 223 254 255 60 -1.53748 161 195 201 59 0.204018 184 206 211 66 0.806672 237 254 255 4 -1.32582 235 250 252 6 1.10715 234 255 255 7 -1.71269 213 248 255 50 -1.61077 159 198 212 48 1.19029 209 245 253 11 2.87534 221 247 253 5 2.2143 236 249 255 2 1.10715 243 251 255 0 0 
224 250 255 51 -1.51204 164 200 208 29 0.954499 172 223 239 78 -1.81578 100 146 163 106 1.33489 227 248 255 5 0.380506 241 250 255 3 -2.81984 247 250 255 5 0.785398 246 255 255 0 0 234 255 255 4 -1.5708 230 253 255 0 0 239 253 252 5 0.643501 247 255 253 2 -2.03444 243 255 249 2 1.5708 240 255 254 8 -1.44644 219 247 254 30 -1.47113 182 217 227 38 0.428778 200 233 242 29 2.75472 215 244 251 8 1.32582 235 251 255 40 3.14159 239 250 255 0 0 
229 254 255 37 -1.54378 185 217 223 13 -1.96559 162 204 217 39 -0.947597 134 171 185 84 1.49949 237 253 255 8 -2.35619 242 248 255 8 0.785398 251 255 255 0 0 250 255 254 4 3.14159 244 255 255 4 -2.03444 242 253 251 5 0.785398 255 255 252 4 -2.67795 255 255 249 7 -2.9997 248 255 246 4 0.785398 246 255 252 7 -2.1588 235 249 255 5 0.380506 230 251 255 46 -1.50567 175 207 213 40 1.67046 215 247 253 58 -2.5253 193 211 218 55 0.811034 237 250 255 0 0 
232 254 255 43 -1.64045 183 212 217 46 0.348771 191 226 239 59 -2.1774 143 177 190 72 1.66771 231 248 255 8 0.785398 246 255 255 3 3.14159 251 255 255 6 -2.46685 249 252 250 4 0.463648 251 253 253 3 2.55359 255 255 254 4 -1.5708 255 252 247 6 -0.896055 255 247 240 12 0.785398 255 255 249 4 -2.03444 246 253 248 4 0.785398 243 254 255 9 3.14159 235 254 255 53 -1.72061 173 202 209 12 -0.321751 169 199 204 60 2.09407 230 249 255 6 1.89255 241 254 255 0 0 
231 250 255 5 0.785398 229 255 255 62 -1.55467 157 193 203 22 -1.30454 135 170 183 89 1.242 232 254 255 38 -3.06281 240 251 255 3 -0.588003 246 249 253 7 0.785398 255 254 255 7 -2.44685 254 249 250 7 0.785398 255 254 254 4 3.14159 255 254 252 5 3.14159 255 254 252 2 -1.5708 255 253 250 5 2.9442 249 255 254 9 -1.46014 227 246 251 8 0.124355 221 247 254 45 -2.32495 183 215 220 46 -1.65753 140 169 174 91 1.06795 229 247 254 5 0.643501 238 250 255 0 0 
236 254 255 1 0.785398 232 255 255 57 -1.60587 164 200 208 50 0.0199973 165 200 210 30 2.49809 192 217 227 41 1.99146 239 254 255 11 3.14159 250 253 255 6 -1.5708 251 247 252 8 0.785398 255 253 255 4 -1.5708 255 249 251 4 -0.244979 255 248 249 5 1.3734 255 253 254 7 -1.71269 253 247 248 8 0.950547 248 255 255 3 -2.55359 230 254 255 38 -1.5708 183 217 223 16 -2.76109 181 211 216 24 3.05845 188 213 217 52 0.866302 237 251 255 2 0.785398 242 253 255 0 0 
239 255 255 2 -2.35619 232 254 255 11 -2.67795 218 250 255 73 -1.4752 143 177 183 74 0.343024 173 200 210 55 2.2143 226 242 254 28 2.74135 251 251 255 4 3.14159 255 251 255 0 0 255 254 255 5 3.14159 255 254 255 4 -1.5708 255 250 251 5 0.643501 255 253 254 1 -0.785398 255 250 255 1 -2.35619 243 251 255 3 0.321751 223 255 255 71 -2.30673 165 203 207 15 -1.50423 158 187 191 75 0.916714 227 246 249 12 0.674741 242 253 255 2 -0.463648 247 252 255 0 0 
242 252 255 10 -1.3734 229 243 249 16 0.785398 236 255 255 10 -1.5708 222 247 251 78 -1.59643 142 168 175 73 0.76617 199 217 228 102 2.81367 242 248 255 5 2.35619 251 252 255 8 -2.52134 248 250 251 7 0.785398 253 255 254 6 3.14159 251 255 254 7 3.14159 251 255 255 3 -1.5708 250 249 255 3 1.89255 244 253 255 52 -1.8805 178 207 212 26 -2.98894 171 204 207 32 1.19029 210 233 235 33 0.785398 241 255 255 8 3.14159 250 255 255 3 -1.5708 250 251 255 0 0 
250 254 255 1 3.14159 251 254 255 2 3.14159 253 255 255 12 -1.65394 236 244 244 25 -1.08991 201 220 227 102 -1.30454 98 120 131 173 0.813962 228 246 255 174 3.13585 232 248 255 24 2.84615 243 255 255 7 -2.1588 237 254 245 5 -0.197396 234 252 245 8 0.950547 241 255 255 4 -1.5708 242 250 255 12 -1.89255 228 237 246 96 -2.4733 163 179 185 44 0.881872 197 214 217 57 0.822418 241 255 255 8 -1.5708 238 248 248 8 1.10715 253 255 255 1 3.14159 255 254 255 0 0 
252 254 255 2 -2.67795 255 252 254 2 0.463648 255 254 253 2 2.67795 255 255 255 8 -1.69515 235 247 251 10 -0.71883 221 240 247 167 -1.51099 54 73 81 234 0.704007 206 226 231 74 2.78596 235 254 251 62 3.09324 238 255 251 1 -0.785398 235 255 250 2 1.10715 237 255 255 17 -2.67795 235 247 251 145 -2.52693 154 162 169 73 0.640784 200 206 211 62 0.808122 245 253 253 4 0.785398 248 255 255 4 -1.5708 246 251 252 5 0.643501 254 253 255 3 -1.24905 253 250 252 0 0 
252 252 252 4 0.785398 255 255 255 5 -2.49809 254 252 252 2 2.03444 254 254 254 1 0.785398 250 255 255 5 -1.5708 241 250 253 2 2.35619 241 252 255 97 -1.53988 143 156 158 96 0.361204 177 191 190 74 1.0832 243 255 255 39 -3.11596 240 255 254 77 -2.94673 227 241 240 159 -2.37389 119 128 131 158 0.637172 217 222 225 41 0.750929 246 249 253 5 1.03038 251 255 255 4 3.14159 251 255 255 0 0 253 255 255 0 0 255 255 255 0 0 255 255 255 0 0 
255 255 254 5 -2.2143 251 252 250 1 0 251 251 251 5 0.785398 253 255 255 1 3.14159 253 255 255 7 -1.71269 243 248 249 8 1.05165 250 255 255 11 -2.11122 236 246 246 23 -1.12638 213 225 227 32 -0.252554 204 217 219 44 -1.02652 167 179 179 68 -0.909753 115 125 125 183 0.796981 248 255 255 12 -2.89661 248 252 253 3 0.321751 251 253 254 4 -2.67795 249 251 252 5 0.785398 255 255 255 0 0 255 255 255 0 0 255 255 255 0 0 255 255 255 0 0 
252 253 251 1 0 252 253 251 4 0.785398 255 255 255 1 -1.5708 252 254 254 6 3.14159 252 254 255 7 -2.86329 247 252 253 4 -0.785398 244 249 250 6 1.5708 246 255 255 6 3.14159 244 255 255 16 -1.69515 228 240 242 21 -1.046 209 221 221 43 0.817645 243 253 253 9 -1.24905 236 244 244 13 1.04272 251 255 255 6 -1.5708 247 249 250 7 0.876058 255 254 255 2 3.14159 255 255 255 0 0 255 255 255 0 0 255 255 255 0 0 255 255 255 0 0 
253 254 252 0 0 255 255 254 0 0 255 255 255 0 0 246 248 248 0 0 245 247 248 0 0 250 255 255 0 0 244 249 250 0 0 240 250 250 0 0 244 253 255 0 0 239 251 253 0 0 239 251 251 0 0 246 255 255 0 0 243 251 251 0 0 251 255 255 0 0 252 254 255 0 0 253 252 254 0 0 255 255 255 0 0 255 255 255 0 0 255 255 255 0 0 255 255 255 0 0 
