247 245 237 8 0.785398 253 251 243 2 -2.67795 250 250 244 2 -2.67795 249 247 246 5 0 249 245 251 8 1.05165 255 252 255 2 3.14159 254 255 251 8 -3.01724 253 255 249 2 0 253 252 255 2 0.785398 255 253 255 16 3.14159 255 255 255 6 -2.46685 253 251 251 4 0.244979 254 249 255 3 1.5708 255 253 255 14 -2.86329 255 252 248 5 -0.785398 251 249 241 5 0.785398 255 252 247 8 -2.19105 248 245 241 12 0.499347 254 249 250 6 -2.67795 251 246 248 0 0 
253 252 242 2 -1.10715 251 249 241 4 -2.89661 248 247 243 8 0.785398 254 250 255 1 -2.35619 253 245 255 1 1.5708 254 246 255 6 -1.40565 246 244 250 10 1.0637 255 254 255 9 3.14159 255 253 255 17 -1.98321 239 237 243 17 0.702257 252 249 251 7 0.785398 255 253 255 4 -2.35619 254 247 255 11 -1.83705 243 236 249 19 0.785398 255 252 255 6 -2.46685 255 250 252 7 -2.35619 250 245 246 12 0.785398 255 255 254 21 -2.59304 248 244 243 2 -1.5708 246 242 241 0 0 
254 255 239 8 -2.08994 247 246 236 9 1.89255 255 251 253 1 -2.35619 255 244 255 20 3.14159 253 239 255 99 3.12139 255 240 255 125 -3.12559 253 241 255 101 -3.09213 248 240 255 25 3.06176 250 245 254 8 0.519146 254 250 255 3 1.5708 255 253 255 12 -2.89661 254 248 255 3 -1.24905 253 240 255 87 3.07274 255 244 255 128 -3.10255 254 241 255 113 -3.10621 250 239 255 45 2.9442 255 250 255 18 -1.68145 241 235 240 15 0.463648 248 245 240 10 0.71883 255 254 244 0 0 
250 248 240 6 -1.24905 244 239 241 13 1.00407 255 242 255 29 -2.40378 235 215 255 138 -2.53559 156 129 195 33 -2.33492 130 104 174 28 0.885067 152 130 189 72 1.79245 223 206 250 117 2.84686 255 245 255 62 -3.09324 254 245 255 17 -2.60117 245 234 255 11 2.11122 255 241 255 165 -2.55862 166 144 196 47 -2.31145 131 106 166 18 0.558599 141 117 175 64 1.60204 205 184 233 97 2.57644 255 240 255 99 -3.12139 255 245 255 1 0.785398 255 253 249 8 -2.08994 249 249 235 0 0 
253 242 255 5 -2.9442 252 236 255 18 -1.46014 234 208 255 159 -2.36064 121 88 173 13 1.04272 133 92 201 20 0.996491 150 107 222 25 -2.64225 136 99 203 25 -1.5708 111 79 166 89 1.20682 195 171 235 101 2.69549 239 217 255 8 0 241 214 255 149 -2.18482 119 88 167 17 1.03038 135 98 192 15 0.965252 148 108 210 18 -2.70175 140 99 204 16 -1.87368 124 87 179 38 1.14202 158 131 197 105 1.94954 255 239 255 44 -3.05093 252 247 249 9 -1.0122 244 244 230 0 0 
248 232 255 7 0.876058 254 232 255 138 -1.86294 121 86 172 8 1.44644 129 84 200 16 1.50838 144 93 231 16 -1.81578 128 75 219 20 0.507098 136 88 224 19 2.7707 143 101 220 41 -1.81578 103 69 163 145 1.43279 247 215 255 113 -2.16125 155 116 218 53 -2.61082 128 85 200 17 1.08084 144 96 222 17 -2.27305 131 80 214 8 0.519146 135 83 220 10 0.507098 140 93 216 21 -1.9513 120 83 177 94 1.40042 212 188 246 81 2.55699 255 248 255 9 -2.43297 251 250 240 0 0 
255 234 255 39 -1.64757 216 188 248 96 -1.87615 122 81 186 8 1.69515 130 78 215 12 1.14417 140 83 238 17 2.78282 146 87 249 35 -2.31622 120 64 217 24 0.668289 135 83 224 12 -2.18152 125 80 200 61 1.42431 186 141 255 103 -2.30145 109 59 195 38 0.785398 136 82 229 8 -2.62245 133 76 228 7 2.44685 138 80 235 10 2.49809 146 85 243 23 -2.60117 132 77 224 4 1.81578 136 89 211 15 2.49809 145 112 193 108 1.79346 251 236 255 7 -1.2925 244 239 238 0 0 
252 230 255 65 -1.50934 187 156 223 65 -1.80102 121 76 193 14 1.71269 135 78 230 15 -2.44685 124 63 231 5 -0.380506 122 59 233 17 1.5708 139 78 246 23 -2.65908 128 70 228 6 1.10715 134 81 224 19 -2.0577 117 64 208 19 1.31347 136 76 240 11 -2.48055 129 67 237 3 -2.1588 127 65 233 3 1.24905 130 67 237 7 -2.26553 126 59 234 7 1.5708 133 70 234 8 -2.08994 124 72 210 4 -2.35619 121 84 178 132 1.60109 253 236 255 10 -2.9442 251 244 249 0 0 
255 235 255 84 -1.63025 172 141 208 54 -1.19707 119 71 197 10 2.76109 123 63 225 8 2.08994 129 65 241 16 -2.70497 122 56 239 4 -1.10715 118 53 232 13 1.49402 131 68 241 18 -2.81984 125 65 230 5 -2.49809 122 60 230 7 2.44685 127 60 245 7 3.14159 127 59 246 10 3.14159 128 61 242 7 -2.7367 125 58 239 5 -2.9442 126 55 242 3 2.1588 129 62 237 7 -2.1588 121 66 211 7 -2.55359 117 77 178 127 1.44449 243 224 255 12 0.896055 253 244 254 0 0 
251 233 255 59 -1.5031 192 164 223 93 -1.05431 109 63 183 17 2.52134 119 59 219 4 -1.5708 114 50 226 10 1.27934 124 57 242 18 -2.87065 119 53 236 6 -1.10715 113 48 228 8 1.69515 121 57 233 8 -2.52134 116 51 231 7 2.55359 120 51 242 5 -2.49809 117 48 239 5 2.49809 121 54 235 11 -3.05093 120 53 234 6 2.81984 124 53 240 10 3.04192 125 58 233 8 -2.03444 115 63 201 18 1.89255 133 96 190 119 1.42771 251 232 255 15 -1.97569 237 228 238 0 0 
253 243 255 27 -2.46107 236 216 255 141 -1.47183 95 55 156 26 1.17601 119 65 208 21 -3.09401 117 56 224 12 -2.07014 106 41 220 16 1.38545 120 57 237 16 -2.4859 110 48 226 7 0.2783 112 50 228 4 -1.5708 108 45 225 6 1.40565 116 49 234 3 -0.982794 113 47 230 5 -2.2143 110 46 219 4 1.10715 114 51 221 2 -1.10715 112 47 223 8 0.950547 119 59 219 25 -2.73147 109 63 183 48 2.13595 150 118 195 120 0.909025 245 229 255 14 2.0032 255 250 255 0 0 
232 225 230 25 2.35619 250 234 255 147 -1.75489 105 71 155 91 -0.0767719 97 50 176 28 2.6311 111 54 209 48 -3.09995 109 46 220 37 3.14159 107 45 223 41 2.89661 117 54 234 46 -3.03332 112 48 231 42 -3.07029 109 45 228 41 2.97249 118 52 235 48 -2.97644 110 45 224 40 3.1166 112 50 218 38 3.06281 115 54 218 36 3.08609 117 56 220 56 -2.75778 96 42 185 20 -2.45928 83 44 142 143 1.4022 224 199 255 19 0.856706 239 225 249 22 -2.51611 226 219 224 0 0 
213 206 213 9 1.15257 222 208 236 27 -1.53378 195 168 234 127 -1.30111 72 32 137 48 -0.185348 63 10 153 10 1.0637 70 11 179 9 -0.321751 67 5 181 5 0.927295 71 7 191 1 -2.35619 70 4 193 4 -0.463648 68 2 191 7 0 68 3 189 9 0 68 5 185 3 0.982794 73 10 183 15 0.321751 78 19 181 17 -2.19105 64 9 160 16 1.13417 79 34 155 39 2.39189 107 77 148 178 0.817134 237 220 254 17 -2.03444 221 211 224 7 -2.35619 216 209 212 0 0 
217 210 217 6 1.24905 223 212 232 7 2.26553 229 209 254 109 -1.57997 120 89 168 131 -0.405889 66 23 144 24 0.554308 79 26 177 21 -2.69922 70 12 177 7 0 70 8 186 4 1.32582 74 9 195 6 2.97644 75 10 196 5 2.76109 77 13 196 12 -2.53087 70 8 184 16 1.5708 88 27 195 27 -2.33056 68 12 165 3 1.5708 71 23 153 24 -2.08994 50 14 108 240 0.832422 229 207 255 3 3.14159 229 217 237 13 -1.93797 216 208 215 8 0.463648 220 214 215 0 0 
219 214 215 3 -2.81984 218 211 218 10 1.3734 226 219 234 15 2.17634 239 222 255 152 -1.66264 87 55 144 150 -0.180448 60 16 139 30 0.597177 75 26 172 14 -2.70918 69 14 177 3 -2.1588 66 7 181 6 0.321751 68 9 184 3 -0.982794 67 7 179 6 0.463648 70 12 177 3 -2.1588 67 12 169 11 -0.0906599 66 18 154 19 -2.65469 59 21 119 209 0.819169 212 187 249 23 0.60005 226 211 238 2 -2.03444 224 216 223 5 3.14159 224 217 222 13 -1.96559 212 205 208 0 0 
216 212 211 4 1.10715 220 216 215 3 -2.81984 219 214 216 8 1.21203 225 216 237 11 2.11122 235 213 255 150 -1.67706 85 52 143 165 -0.127356 64 22 139 49 0.101689 67 21 158 10 2.63449 72 19 176 7 -2.86329 70 15 178 1 1.5708 73 18 175 6 -0.896055 68 16 163 14 2.40378 78 31 163 29 -1.80765 51 11 116 222 0.7472 202 176 240 41 0.768451 231 216 248 9 -2.35619 225 215 227 6 -2.03444 219 213 214 2 0 219 213 214 5 1.5708 224 217 220 0 0 
219 214 211 1 -2.35619 218 213 212 5 1.3734 223 216 219 4 -2.89661 221 212 225 11 0 221 206 237 30 1.53748 249 229 255 141 -1.84326 113 84 163 140 -0.38712 60 22 128 110 0.0635507 67 20 153 7 2.35619 72 20 167 5 1.9513 79 27 168 30 -2.42585 59 14 135 58 0.240846 73 38 128 213 0.722359 215 190 248 21 1.02225 233 218 245 12 -2.46685 225 217 224 3 -2.1588 224 216 216 1 -1.5708 223 216 213 2 -2.03444 221 214 211 1 -1.5708 220 213 210 0 0 
218 215 207 8 3.01724 219 215 210 11 0 219 214 213 14 1.3597 233 226 229 26 -2.7468 222 215 222 11 -0.909753 213 202 222 32 1.35544 243 226 255 75 -1.82542 170 145 213 126 -1.02225 62 27 124 161 0.0496486 70 31 141 42 -0.389317 56 15 124 144 0.426627 116 81 171 172 0.744437 234 209 255 8 -1.92957 226 211 238 5 -2.60117 223 216 221 2 0 223 220 212 2 -0.463648 224 218 213 2 -2.03444 222 216 211 1 -1.5708 221 215 210 1 -2.35619 220 214 209 0 0 
210 208 197 21 1.23412 230 228 217 17 -2.67795 222 220 210 15 -2.12245 209 207 197 30 0.762147 229 229 215 15 -2.49809 220 218 210 7 0.876058 224 220 225 12 1.81578 236 226 249 23 -2.54154 223 205 252 114 -1.55325 109 87 146 149 0.541568 188 163 223 68 0.930211 243 222 255 23 -2.54154 231 216 244 14 -2.40378 221 211 223 4 1.32582 225 220 219 4 3.14159 225 222 214 4 -1.10715 223 217 212 1 -1.5708 222 216 211 2 -2.03444 220 214 209 1 -1.5708 219 213 208 0 0 
217 216 202 0 0 214 213 199 0 0 214 213 199 0 0 231 231 213 0 0 217 220 198 0 0 225 228 206 0 0 221 224 209 0 0 217 215 215 0 0 225 216 237 0 0 237 224 255 0 0 229 212 249 0 0 224 210 238 0 0 220 209 225 0 0 222 215 218 0 0 221 216 213 0 0 227 224 216 0 0 223 217 212 0 0 221 215 210 0 0 220 214 209 0 0 219 213 208 0 0 
