255 255 240 17 -2.23677 243 242 238 33 2.86743 243 241 255 132 -2.76952 184 185 243 155 -2.21045 50 54 133 45 -1.25604 2 9 96 25 -0.197396 0 4 89 82 1.32582 81 90 158 130 2.1099 200 211 249 177 2.96627 236 247 255 63 3.09401 244 249 255 72 -2.74574 216 216 252 216 -2.56386 97 88 155 108 -2.36273 15 7 90 9 -1.46014 3 0 80 59 1.4029 62 61 133 103 2.05168 163 157 216 152 2.59893 247 241 255 108 -3.12308 247 246 255 9 2.81984 251 252 255 0 0 
248 248 236 36 -1.26629 209 207 213 116 -2.36226 116 113 158 81 -2.91757 90 88 158 50 -0.365747 61 66 151 76 -0.434244 25 32 125 108 -0.0923293 15 21 116 67 -0.1041 12 17 102 14 0.2783 23 28 91 143 1.59177 171 175 223 154 -3.1351 176 177 215 208 -2.39019 34 31 80 28 -2.6311 18 7 87 3 2.55359 15 5 98 1 3.14159 9 5 100 14 0.0713075 12 7 98 10 0.982794 26 20 99 102 1.56099 134 127 188 108 2.03856 232 233 255 66 2.95903 246 249 255 0 0 
253 253 255 139 -1.95397 119 118 144 131 -2.50721 32 26 97 133 0.945311 131 127 222 11 0.348771 126 132 229 12 2.53087 128 137 241 53 -1.89255 77 81 200 61 -1.3734 21 20 140 30 -0.43467 15 9 120 11 -0.785398 12 6 101 3 2.81984 18 14 86 24 -2.4733 3 0 73 18 0.439843 10 0 99 7 0.588003 10 0 113 15 1.31019 20 11 132 13 -2.61352 11 3 127 17 0.231091 18 7 129 53 1.36233 74 66 167 91 2.04915 159 159 223 139 2.55558 237 243 255 0 0 
194 197 218 197 -1.95975 8 5 54 106 1.52366 105 95 195 57 2.34385 137 129 254 60 -2.85647 111 113 237 61 3.14159 107 112 241 62 -2.78468 85 85 229 52 -2.13753 45 38 189 38 -2.0932 19 5 153 20 -1.17227 5 0 122 16 -1.13417 0 0 87 25 0.982794 17 8 105 3 -1.89255 10 0 116 4 0.463648 9 0 128 6 -0.165149 2 0 133 24 1.14417 23 13 159 14 -2.9997 22 9 161 3 -2.81984 23 14 148 8 2.08994 34 35 125 143 1.78871 175 183 250 0 0 
114 116 156 122 -2.14751 6 4 74 61 1.60357 59 45 176 41 2.54683 74 59 221 55 -2.77442 46 40 201 22 3.05093 43 42 206 29 2.83059 52 48 221 52 -2.4102 21 12 186 7 -0.982794 22 6 177 23 -2.14717 7 0 144 10 -0.851966 3 0 117 11 0.54042 10 1 117 2 1.10715 11 0 130 6 0.674741 11 0 141 3 0.982794 9 1 148 3 -0.588003 5 0 153 15 0.605545 14 0 172 2 -1.10715 14 3 159 20 -1.27934 0 0 110 85 1.46531 84 90 179 0 0 
43 45 99 51 -2.31512 0 0 80 31 1.14938 22 7 152 6 2.24554 20 2 179 10 1.86225 21 12 193 4 -1.5708 13 7 192 2 -1.5708 11 5 190 8 1.21203 23 14 195 26 -2.11759 5 0 168 9 0 11 0 157 5 -1.03038 11 0 135 3 -1.89255 8 0 126 10 0.588003 12 2 138 1 2.35619 11 2 143 4 1.81578 10 4 151 11 2.35619 16 9 166 9 -2.81984 13 0 175 6 2.67795 18 7 169 18 -1.9614 5 3 127 10 0.982794 15 18 122 0 0 
7 7 71 10 1.5708 13 9 98 15 2.2143 18 5 145 13 2.67795 17 1 173 14 2.0032 23 10 196 15 -2.88099 15 5 195 11 3.05093 16 9 190 15 -2.53605 9 3 176 0 0 14 5 169 7 -2.1588 14 2 154 12 -2.29744 8 0 135 8 0.950547 17 7 137 4 -2.03444 11 3 133 2 0.463648 9 4 135 5 -2.60117 4 0 135 8 1.05165 9 5 148 7 3.14159 9 0 157 4 2.67795 13 4 155 5 -0.785398 12 8 133 27 -0.528074 0 0 109 0 0 
7 6 74 27 0.0370201 4 1 87 9 1.5708 8 0 123 15 2.2143 13 1 153 9 2.72337 9 2 167 16 3.14159 6 0 171 12 -3.05845 7 1 166 4 2.03444 12 7 166 11 -2.79282 14 4 158 11 -2.03444 7 0 143 5 0.785398 15 2 140 4 3.14159 15 5 135 5 3.14159 13 8 131 7 -2.26553 5 3 123 7 2.1588 10 8 132 13 -2.84309 4 1 134 6 2.67795 9 0 145 12 2.24554 20 11 152 18 1.05841 40 33 154 60 -0.441592 14 11 121 0 0 
35 32 101 61 -0.43467 8 3 82 2 3.14159 2 0 96 12 1.89255 7 4 119 17 -2.96692 0 0 123 8 2.62245 0 1 131 9 1.46014 10 9 142 26 -2.9516 7 3 139 2 1.10715 12 2 146 7 -2.9997 15 0 145 5 -2.35619 13 0 136 1 -2.35619 13 0 128 2 3.14159 12 5 120 6 -2.24554 5 1 114 5 -2.49809 0 0 113 5 2.49809 1 0 122 4 2.89661 2 0 130 27 1.49686 31 23 154 67 1.16008 97 91 202 43 -0.982794 61 59 159 0 0 
95 90 151 109 -0.869073 9 4 73 3 -0.588003 2 0 82 6 -0.165149 0 0 88 11 0.661043 0 0 98 12 1.40565 7 10 114 22 -2.19628 0 0 99 23 1.26274 11 9 128 17 -2.78282 9 0 130 7 2.86329 14 0 135 4 -2.89661 15 0 130 3 -2.55359 13 1 121 5 -2.76109 11 3 110 7 -2.44685 4 0 104 5 -2.49809 0 0 104 3 1.89255 1 0 114 7 1.71269 6 0 129 52 1.53235 58 51 178 60 1.35392 121 119 219 12 -2.07014 111 112 200 0 0 
171 167 209 165 -1.1667 16 10 67 38 0.0263097 13 4 85 3 2.55359 10 2 95 3 3.14159 6 4 93 10 -2.85014 0 2 90 2 1.5708 2 3 94 2 -2.67795 1 0 101 3 1.24905 5 0 115 5 2.11122 14 0 123 3 3.14159 16 0 117 6 -2.46685 12 0 107 6 -2.67795 9 0 99 5 -2.49809 4 0 96 1 3.14159 2 0 99 3 0.982794 2 0 110 10 1.27934 8 0 134 63 1.50739 69 65 191 55 0.798056 113 117 206 37 2.41274 140 148 218 0 0 
238 237 255 179 -1.51499 57 53 95 120 -0.337456 14 1 79 10 0.197396 10 0 91 8 -2.08994 0 0 81 12 0.610726 3 2 88 6 0 3 2 88 5 2.76109 5 2 94 1 -2.35619 6 0 103 5 1.9513 13 0 110 3 -2.55359 13 0 102 6 -2.24554 8 0 94 2 -2.67795 5 0 92 0 0 5 0 92 3 0.982794 6 0 98 4 1.5708 6 0 110 11 1.48014 14 3 135 100 1.34027 110 106 225 39 -2.39189 88 93 168 123 1.19029 203 215 255 0 0 
250 252 255 75 -1.70335 173 171 201 162 -1.09062 25 13 85 93 -0.128323 8 0 88 11 0.661043 12 1 98 5 2.49809 13 4 101 11 -1.83705 0 0 87 9 0.708626 6 1 92 5 -2.76109 4 0 93 4 1.81578 10 2 95 4 -2.35619 9 0 90 3 -1.89255 6 0 87 2 0.463648 5 0 89 3 0.588003 7 0 94 1 1.5708 6 0 96 5 1.5708 9 2 107 33 1.5405 40 31 148 46 1.52735 86 82 185 48 1.38545 140 144 203 124 0.842155 233 245 255 0 0 
240 245 246 12 0.896055 248 250 255 126 -1.57873 118 112 167 144 -0.726642 19 8 88 69 -0.0867383 9 0 94 5 0.785398 10 0 103 2 -0.463648 9 0 99 6 -2.03444 1 0 88 9 0.218669 5 0 88 2 0.785398 7 2 87 1 -1.5708 8 1 86 0 0 6 0 87 2 0.785398 8 0 93 2 -0.463648 5 0 95 1 0.785398 6 0 98 7 0.876058 12 4 105 35 1.28474 48 38 138 55 1.29499 103 98 177 156 0.894059 228 232 255 8 1.10715 238 246 255 0 0 
248 254 253 2 0.463648 247 253 255 17 -1.68791 226 230 255 136 -1.43824 88 86 138 156 -0.472243 13 4 90 75 0.0266603 12 1 105 6 -1.40565 6 0 100 11 0.54042 10 2 103 5 -1.76819 5 1 90 2 0 5 2 87 1 -0.785398 6 0 89 2 1.5708 8 0 93 2 1.5708 10 1 98 2 -1.5708 6 0 99 5 1.3734 11 1 108 12 1.07145 24 15 112 41 1.24905 68 61 136 187 0.811807 209 204 255 44 0.674741 239 241 255 9 0.785398 248 252 255 0 0 
251 254 255 3 -2.1588 247 251 255 3 1.24905 246 254 255 15 -1.97569 229 234 255 135 -1.46746 92 86 151 153 -0.489957 18 6 96 94 0.0319041 18 6 106 5 -1.76819 11 1 101 6 -0.321751 5 3 93 3 -0.321751 4 2 91 2 -0.785398 2 0 94 4 0.463648 6 0 99 6 0.321751 10 0 100 4 -2.89661 9 1 96 10 1.3734 19 11 104 47 0.388319 40 34 111 224 0.760246 202 198 247 58 0.797446 250 247 255 1 3.14159 251 251 255 5 -1.76819 246 249 253 0 0 
253 246 255 2 0 251 249 255 5 -2.2143 242 252 246 6 1.24905 248 255 255 14 -1.8491 234 230 255 113 -1.44753 119 108 170 156 -0.626921 24 10 92 136 0.0147048 20 9 101 8 -0.62025 6 6 96 5 -0.380506 1 3 98 3 0 1 0 107 5 0.927295 8 2 111 10 -2.28963 9 0 96 17 0.286051 18 6 88 104 0.519146 70 67 123 208 0.717476 210 210 246 47 0.770474 249 248 255 0 0 252 251 255 0 0 252 253 255 0 0 252 254 255 0 0 
255 249 255 7 -2.35619 250 247 255 1 0.785398 247 255 244 4 0 246 255 245 5 0.927295 253 250 255 13 3.14159 251 243 255 83 -1.5708 165 153 213 150 -1.00305 29 22 97 169 -0.0413965 11 12 98 47 -0.0849018 2 6 101 0 0 4 2 108 10 -0.643501 1 0 100 46 0.348771 28 18 101 162 0.507696 112 104 164 177 0.729457 232 232 255 18 0.86217 250 252 255 2 -2.67795 252 253 255 3 3.14159 254 254 254 3 3.14159 254 254 254 2 3.14159 254 254 254 0 0 
254 250 249 4 0.244979 253 253 247 5 0.927295 253 255 247 4 -2.89661 250 255 248 12 -1.5708 242 241 243 18 0.785398 253 250 255 2 -1.5708 248 243 255 39 -1.62203 200 199 249 135 -1.26306 60 63 137 166 -0.312227 4 8 96 99 0.0806329 14 15 106 76 0.404892 49 48 128 196 0.619066 174 171 221 97 0.785398 248 246 255 10 -2.9442 248 249 255 2 3.14159 249 252 255 12 -2.97644 249 251 252 5 3.14159 251 251 251 4 2.89661 252 252 252 4 3.14159 252 252 252 0 0 
255 255 246 0 0 255 255 246 0 0 249 255 243 0 0 252 255 247 0 0 255 255 252 0 0 255 254 255 0 0 246 246 255 0 0 243 245 255 0 0 220 223 255 0 0 105 109 190 0 0 85 86 172 0 0 211 212 255 0 0 243 245 255 0 0 238 241 255 0 0 247 250 254 0 0 237 242 241 0 0 246 246 246 0 0 247 247 247 0 0 248 248 248 0 0 249 249 249 0 0 
