255 251 255 5 -1.76819 250 249 253 5 1.03038 255 255 249 44 -3.09617 255 255 239 106 -2.94235 239 241 212 68 3.0975 242 245 213 78 2.97434 253 255 227 97 3.11067 255 255 236 49 3.1008 255 255 245 7 -1.71269 248 247 243 12 0.785398 255 255 255 10 -2.9442 253 254 252 5 -1.76819 250 251 241 71 3.08531 254 255 238 100 -2.84823 227 232 203 58 2.75472 249 255 223 86 3.04884 255 255 235 105 -3.13207 254 255 238 17 -3.08284 253 254 245 4 0.785398 255 255 251 0 0 
254 253 255 5 -2.9442 253 254 250 50 -2.1588 215 215 201 90 -2.38743 153 157 132 33 0.463648 171 174 142 6 -1.5708 165 169 133 18 -0.390607 156 162 127 54 1.21418 207 211 182 70 2.35619 255 255 239 82 3.10502 255 255 247 14 -2.35619 247 248 239 12 0.610726 252 255 245 125 -2.49809 179 182 166 21 -1.80454 158 164 139 17 0.825377 173 180 145 10 -1.86225 163 170 135 13 -1.00407 150 158 127 91 1.25943 237 243 220 92 2.93576 255 255 246 5 -1.76819 251 252 243 0 0 
249 255 238 24 -1.73594 225 232 211 106 -2.29666 149 154 127 50 0.74317 183 190 155 25 -2.49809 171 177 136 12 1.07145 182 189 146 12 -2.71497 177 183 142 18 -1.5153 157 164 127 32 0.588003 174 180 149 75 1.63736 247 254 227 35 2.85554 255 255 238 126 -2.1938 154 160 135 32 0.655696 174 182 151 5 -2.35619 170 181 143 8 -2.89661 170 180 137 14 0 170 180 137 10 1.3734 178 189 151 33 -1.87368 146 154 124 112 1.33664 255 255 240 95 -3.11002 252 255 240 0 0 
245 255 224 91 -1.71269 156 165 132 28 1.4289 186 195 155 29 -2.26124 164 173 130 15 0.785398 177 185 138 10 -0.588003 171 179 132 7 1.2925 178 186 139 8 1.92957 186 193 148 21 -2.42276 170 178 137 46 1.54906 215 224 184 57 -2.59222 185 193 156 13 -2.91479 180 191 151 22 -2.67795 170 182 140 8 -1.10715 164 175 129 22 1.06795 184 196 146 15 -2.26553 172 184 134 2 -1.5708 170 180 137 6 0.674741 172 182 146 12 -1.5708 160 166 141 97 1.53988 255 255 241 0 0 
234 247 201 76 -1.82212 160 173 127 5 1.5708 167 179 131 7 1.2925 175 186 136 9 1.35213 186 195 145 20 -2.45928 175 181 132 8 2.89661 177 183 134 13 -0.367174 170 179 129 3 0.982794 171 182 132 7 -0.588003 166 178 128 6 1.40565 172 184 136 10 -1.5708 162 174 124 19 0.822418 176 189 137 2 -2.67795 175 189 135 2 -0.463648 175 188 134 8 -2.89661 173 186 132 4 0.785398 175 187 137 1 -1.5708 174 184 141 9 -1.78947 165 172 139 80 1.5708 245 250 223 0 0 
215 230 179 55 -1.75065 160 175 124 13 0.566729 170 181 131 11 0.661043 177 189 137 9 -1.98902 172 178 129 10 -0.507098 167 174 123 26 1.05634 190 196 147 20 -2.25311 174 181 130 8 0.950547 179 188 137 11 -2.23184 168 180 128 13 0.367174 173 185 133 3 1.5708 175 189 135 1 -2.35619 174 188 134 4 2.35619 178 191 135 11 -1.5708 169 180 124 9 1.15257 178 189 133 1 0 176 189 135 9 -2.81984 172 184 136 7 -1.4289 165 173 136 63 1.47584 228 235 202 0 0 
205 219 171 35 -1.31203 171 185 137 7 2.35619 179 189 142 7 -2.26553 173 184 134 5 2.35619 181 187 140 5 -2.9442 180 186 137 5 -0.643501 177 183 136 5 2.76109 179 185 138 5 -1.5708 172 180 133 11 1.30454 181 191 144 12 -2.41495 173 184 134 2 2.35619 175 186 136 8 -2.78282 172 183 133 6 1.24905 178 190 138 8 -2.08994 173 183 130 6 1.5708 179 190 134 10 -1.67046 167 180 124 14 0.493941 173 186 134 2 -2.35619 171 180 140 59 1.67214 230 237 202 0 0 
214 226 184 52 -1.15839 166 178 136 8 2.52134 174 183 140 6 -0.896055 169 179 133 6 2.67795 176 182 135 11 0.785398 184 190 143 12 -1.89255 172 178 131 7 1.8491 179 185 138 2 -2.03444 175 182 137 36 -0.0277706 174 181 138 46 -0.0217357 171 180 137 24 -0.165149 167 177 131 52 0.133811 174 184 137 5 3.14159 176 185 135 6 -2.67795 175 182 131 7 0.694738 178 189 133 4 2.03444 180 193 137 10 -2.2143 171 184 132 10 -0.643501 165 174 134 69 1.74547 233 240 207 0 0 
235 243 212 77 -1.38863 159 168 135 16 1.75614 178 186 146 16 -1.9513 163 172 129 24 0.785398 184 190 143 8 -2.62245 180 186 137 21 -2.65711 170 176 127 60 0.132552 178 184 137 50 0.771315 211 218 175 9 1.46014 220 225 186 36 -2.45392 195 203 163 43 0.588003 219 227 187 68 -2.32528 171 178 135 51 -0.0196053 170 178 131 36 0.25169 181 188 137 9 -2.81984 176 187 131 0 0 174 187 133 10 2.55359 179 191 143 26 -1.60924 153 160 125 105 1.41815 255 255 232 0 0 
249 255 230 93 -1.50637 156 163 136 36 0.365201 171 178 143 8 1.92957 180 188 147 9 -2.27942 177 183 134 16 -1.69515 161 168 117 73 1.23606 230 237 186 64 -2.88904 214 220 171 41 3.14159 212 219 176 43 -2.66774 192 197 158 44 1.98449 231 238 201 90 -2.43416 172 180 140 48 1.44644 222 229 186 49 -2.79453 205 213 166 49 -2.35619 172 180 127 11 0.54042 176 187 131 9 -1.89255 165 176 126 22 0.688924 178 188 145 28 -2.81984 169 175 144 99 1.04417 255 255 233 0 0 
253 255 240 65 -1.60156 190 196 173 70 -0.348771 168 174 143 13 2.77442 174 182 141 5 -2.49809 175 181 132 10 1.27934 185 194 138 19 -2.10252 168 177 121 19 0.257324 173 181 128 6 0.321751 173 181 134 3 0.321751 174 181 138 11 -2.03444 162 170 129 27 0.628796 178 186 145 18 -2.87065 175 182 137 5 -1.3734 170 179 128 15 0.694738 182 191 135 8 -2.08994 173 184 128 11 1.30454 182 192 146 30 -1.73594 151 159 122 69 1.3819 219 223 198 50 0.757628 254 255 236 0 0 
251 255 241 3 1.89255 255 255 241 103 -1.5805 155 160 131 53 0.262995 170 177 140 4 1.81578 176 184 137 3 -1.24905 175 183 130 13 1.10715 187 196 140 22 -2.77761 179 188 132 4 -2.89661 176 185 134 8 -0.950547 169 178 128 17 1.39612 184 194 148 26 -1.96559 160 170 124 23 0.635027 176 185 135 6 1.89255 182 191 140 6 -2.03444 178 187 131 1 0 176 185 134 3 2.1588 177 185 144 25 -2.64225 164 170 139 113 0.941354 255 255 239 3 2.81984 255 255 243 0 0 
250 254 242 5 0.54042 255 255 242 50 -1.70989 207 210 188 64 -0.652847 169 174 143 6 1.24905 177 183 142 5 2.76109 179 187 140 15 -1.76819 166 174 121 21 0.442374 175 184 128 10 0.851966 181 192 136 10 -2.1588 170 183 129 8 0.519146 174 187 133 7 2.44685 179 191 139 9 -2.27942 174 183 132 7 0.785398 179 188 137 9 -2.92292 179 186 135 7 -2.7367 174 182 135 17 -1.39612 154 161 126 87 1.08151 229 235 210 35 0.665969 251 254 239 5 1.3734 255 255 248 0 0 
255 255 249 9 -1.98902 246 250 238 12 0.726642 255 255 241 88 -1.55943 170 174 149 81 -0.0123451 170 175 143 14 2.86329 176 182 141 7 1.4289 185 191 144 7 -2.7367 180 190 137 8 -2.52134 173 187 129 4 1.81578 177 191 133 9 -1.35213 168 182 124 7 0.694738 173 186 130 6 0.674741 179 188 137 15 -2.53605 170 179 129 10 0 172 177 132 14 0.493941 177 182 143 22 1.93478 195 200 171 87 0.826026 255 255 241 8 -2.52134 252 253 244 5 0 252 251 247 0 0 
249 253 247 5 0.785398 255 255 249 3 3.14159 255 255 248 9 -2.1294 251 252 236 96 -1.48766 156 158 136 104 0.182415 177 179 149 9 -3.03094 176 182 141 7 -2.7367 173 182 132 3 0.321751 172 185 129 7 1.4289 179 194 133 6 -2.24554 174 189 128 4 2.03444 178 192 134 14 -1.8491 166 175 124 19 0.822418 180 187 142 11 2.87534 185 188 149 20 -2.39066 169 171 141 125 0.774163 254 255 233 5 -0.380506 250 253 237 9 0.785398 255 255 252 6 -2.24554 252 250 250 0 0 
253 255 254 5 -2.60117 252 253 249 2 -0.785398 250 252 246 7 0.785398 255 255 249 6 -2.97644 255 255 244 93 -1.60304 166 168 146 94 0.0106379 167 173 138 15 2.67795 174 183 140 1 -1.5708 173 185 133 5 2.76109 175 188 132 5 -0.643501 172 186 128 2 0.785398 174 187 133 6 2.67795 177 187 141 10 -1.5708 167 174 137 1 -0.785398 168 170 141 127 0.790923 255 255 237 4 0.785398 255 255 244 0 0 255 255 248 4 -1.5708 253 251 250 5 0.643501 255 253 255 0 0 
250 250 250 6 0.674741 254 255 253 1 0.785398 255 255 254 6 -2.03444 251 250 246 3 0.588003 253 254 244 4 1.81578 255 255 242 107 -1.64542 152 157 130 109 0.193798 173 181 144 6 -1.73594 167 178 132 12 1.07145 178 190 140 14 -2.79857 173 185 137 6 -1.73594 167 177 134 9 1.5708 176 183 148 9 -1.15257 167 172 145 125 0.779748 255 255 240 4 1.32582 255 255 248 2 3.14159 255 255 251 0 0 255 255 252 0 0 255 255 255 0 0 255 255 255 0 0 
255 255 255 0 0 255 255 255 6 -2.67795 252 252 252 3 0 252 253 251 3 -0.588003 252 252 246 5 -0.54042 249 251 239 8 1.44644 255 255 240 87 -1.59378 172 178 147 78 0.0128198 173 182 142 27 -0.333244 164 174 131 9 2.1294 172 182 140 15 -2.81984 167 175 138 52 0.249587 178 185 158 104 0.812419 254 255 239 3 0 254 255 245 3 0.321751 255 254 250 2 2.03444 255 255 254 0 0 255 255 255 0 0 255 255 255 0 0 255 255 255 0 0 
255 254 255 6 -1.73594 249 248 250 7 0.982794 255 254 255 11 3.14159 255 255 255 0 0 255 255 252 9 -2.27942 250 251 241 8 0.62025 255 255 240 9 -2.27942 250 255 228 51 -1.39612 199 206 173 66 -0.646513 159 167 130 74 -0.0270204 157 165 128 117 0.543326 218 225 192 47 0.800322 250 255 231 9 0.785398 255 255 244 9 3.14159 255 255 249 3 -1.89255 254 252 251 3 1.24905 255 255 255 0 0 255 255 255 0 0 255 255 255 0 0 255 255 255 0 0 
254 253 255 0 0 253 252 254 0 0 244 243 245 0 0 255 255 255 0 0 251 249 248 0 0 255 255 249 0 0 251 252 236 0 0 255 255 238 0 0 252 255 227 0 0 233 240 205 0 0 255 255 230 0 0 251 255 226 0 0 255 255 240 0 0 248 251 236 0 0 255 255 250 0 0 255 253 252 0 0 255 255 255 0 0 255 255 255 0 0 255 255 255 0 0 255 255 255 0 0 
