251 251 251 5 0.785398 255 255 255 0 0 255 255 255 4 3.14159 255 255 255 112 3.14159 255 255 255 139 -3.09128 248 248 248 83 3.05745 255 255 255 189 3.14159 255 255 255 51 3.14159 255 255 255 7 -2.86329 253 253 253 2 0.785398 255 255 255 5 -1.76819 250 250 250 10 2.76109 254 254 254 180 3.14159 254 254 254 213 3.1369 255 255 255 224 3.14159 255 255 255 155 3.14159 255 255 255 2 3.14159 255 255 255 3 -1.5708 252 252 252 3 0.588003 254 254 254 0 0 
255 255 255 0 0 255 255 255 11 -2.79282 251 251 251 232 -2.65872 143 143 143 75 -0.368131 116 116 116 143 0.348176 165 165 165 116 -2.1303 66 66 66 234 0.630681 204 204 204 163 2.86835 248 248 248 76 3.04975 255 255 255 1 -1.5708 254 254 254 57 -2.89661 240 240 240 178 -1.94922 74 74 74 171 -0.193959 41 41 41 214 -0.046695 31 31 31 234 0.298813 100 100 100 215 0.788677 253 253 253 113 3.1239 255 255 255 15 3.14159 255 255 255 5 -1.5708 250 250 250 0 0 
255 255 255 11 -1.91957 244 244 244 230 -2.09856 45 45 45 263 0.691337 213 213 213 38 1.75296 251 251 251 173 -2.12207 103 103 103 208 0.815897 255 255 255 271 -2.27024 47 47 47 237 0.554137 172 172 172 129 2.44388 255 255 255 77 -2.31985 198 198 198 125 -2.94889 174 174 174 76 2.04614 242 242 242 118 3.03187 255 255 255 134 3.14159 255 255 255 139 -3.12001 252 252 252 173 -2.43798 140 140 140 100 1.65063 240 240 240 152 3.04323 255 255 255 2 -2.03444 253 253 253 0 0 
251 251 251 123 -1.53829 128 128 128 130 1.16893 248 248 248 82 -2.60741 206 206 206 46 -1.54906 160 160 160 127 0.740983 246 246 246 208 -2.22006 80 80 80 243 0.767958 249 249 249 231 -2.27989 73 73 73 220 0.624464 202 202 202 167 -2.28007 75 75 75 170 0.384864 139 139 139 84 -0.178793 124 124 124 95 -0.0315685 121 121 121 108 -0.0462633 116 116 116 107 0.0373658 120 120 120 106 0.112728 132 132 132 98 -0.463648 88 88 88 192 1.04197 254 254 254 56 3.14159 254 254 254 0 0 
255 255 255 87 -2.09559 179 179 179 78 -3.11596 177 177 177 78 0.394791 207 207 207 51 1.16848 254 254 254 174 -2.267 120 120 120 190 0.785398 255 255 255 219 -2.34655 98 98 98 215 0.795234 252 252 252 205 -2.25618 93 93 93 161 1.04628 233 233 233 54 -2.93695 222 222 222 32 -3.04812 219 219 219 36 2.86329 229 229 229 49 -3.01975 223 223 223 34 3.05359 226 226 226 44 -3.00606 220 220 220 40 -2.11122 185 185 185 13 1.72345 198 198 198 68 2.19959 253 253 253 0 0 
211 211 211 117 -1.92757 101 101 101 213 0.765533 249 249 249 62 -2.78468 227 227 227 85 -1.65296 142 142 142 147 0.871722 255 255 255 172 -2.03444 101 101 101 213 0.765533 249 249 249 156 -2.19253 122 122 122 142 0.372704 174 174 174 24 2.89661 180 180 180 57 2.96792 190 190 190 71 -3.05729 184 184 184 60 -3.07502 180 180 180 55 2.97939 189 189 189 65 -3.03431 182 182 182 60 2.85647 199 199 199 84 -2.95116 183 183 183 65 -2.75264 158 158 158 100 1.82304 255 255 255 0 0 
170 170 170 85 1.41903 255 255 255 85 -2.28195 190 190 190 39 0.876058 220 220 220 17 1.51204 237 237 237 69 -2.13092 178 178 178 84 1.15498 255 255 255 115 -2.14681 158 158 158 108 1.10303 255 255 255 118 -2.05331 150 150 150 33 -0.957589 123 123 123 132 -0.0302938 119 119 119 132 0.0378607 124 124 124 128 0.00781234 125 125 125 130 -0.00769216 124 124 124 122 0 124 124 124 131 -0.060993 116 116 116 139 0.0431387 122 122 122 133 0.082519 133 133 133 122 1.35743 253 253 253 0 0 
183 183 183 65 0.244979 199 199 199 104 2.98748 215 215 215 24 0.244979 221 221 221 21 -1.75902 200 200 200 13 2.09887 212 212 212 33 -0.637549 192 192 192 32 2.66425 207 207 207 20 -0.35299 200 200 200 38 -2.18799 169 169 169 86 1.62887 255 255 255 122 -3.10882 251 251 251 110 3.1325 252 252 252 114 3.11528 255 255 255 114 -3.06281 246 246 246 107 3.05768 255 255 255 117 3.14159 255 255 255 112 3.14159 255 255 255 160 -2.50182 159 159 159 96 1.60204 255 255 255 0 0 
247 247 247 151 -1.51787 96 96 96 156 1.15582 239 239 239 52 -2.71183 217 217 217 30 -2.2143 193 193 193 49 1.2168 239 239 239 108 -2.36918 163 163 163 81 0.890275 226 226 226 89 -2.57228 178 178 178 40 -0.35299 164 164 164 31 -1.76198 133 133 133 8 1.44644 141 141 141 10 -2.85014 138 138 138 3 1.89255 141 141 141 10 -2.9442 139 139 139 3 -0.321751 138 138 138 6 2.24554 143 143 143 18 -1.9614 126 126 126 37 2.20355 156 156 156 137 0.764783 251 251 251 0 0 
255 255 255 96 -1.64358 159 159 159 58 0.578524 191 191 191 28 0.288055 199 199 199 57 0.193959 210 210 210 51 -1.90474 161 161 161 103 0.537108 214 214 214 77 -2.19105 151 151 151 119 0.576375 216 216 216 66 -2.08808 158 158 158 26 -1.14103 134 134 134 121 -0.0247883 131 131 131 124 0.0483494 137 137 137 116 -0.0516781 131 131 131 124 0.0884781 142 142 142 108 -0.073939 134 134 134 121 0.0165274 136 136 136 120 -0.269167 104 104 104 159 1.25103 255 255 255 2 -2.67795 254 254 254 0 0 
248 248 248 40 -1.39755 208 208 208 43 0.233743 218 218 218 120 2.83031 255 255 255 184 -2.7993 193 193 193 95 2.49809 250 250 250 161 -2.61708 169 169 169 108 2.28442 251 251 251 165 -2.71846 183 183 183 79 -2.964 169 169 169 104 2.1721 255 255 255 133 3.14159 255 255 255 127 -3.12585 253 253 253 130 3.12621 255 255 255 132 -3.10373 250 250 250 133 3.10402 255 255 255 122 -3.11701 252 252 252 220 -2.68199 154 154 154 141 0.775398 253 253 253 2 -0.785398 251 251 251 0 0 
255 255 255 5 -1.76819 250 250 250 147 -1.5368 103 103 103 152 -0.144677 81 81 81 66 0.571337 117 117 117 82 -0.0851594 110 110 110 84 -0.141897 98 98 98 103 0.019415 100 100 100 101 0.0494646 105 105 105 89 0.0561208 110 110 110 80 0.14889 122 122 122 73 0.0820074 128 128 128 64 -0.0779666 123 123 123 69 0 123 123 123 78 -0.0767719 117 117 117 97 0.165149 133 133 133 79 -1.59611 54 54 54 284 0.785398 255 255 255 6 3.14159 255 255 255 6 -1.5708 249 249 249 0 0 
254 254 254 5 2.9442 255 255 255 1 -1.5708 254 254 254 117 -1.5708 137 137 137 133 0.483779 199 199 199 101 -3.09213 194 194 194 14 2.64765 201 201 201 20 0 201 201 201 9 -0.86217 194 194 194 30 -0.132552 190 190 190 26 0.189988 195 195 195 21 -0.141897 192 192 192 25 0 192 192 192 23 0.388319 201 201 201 20 0.643501 213 213 213 164 -2.62094 131 131 131 173 0.793528 255 255 255 6 -1.5708 249 249 249 6 1.40565 255 255 255 9 -1.98902 246 246 246 0 0 
249 249 249 8 0.785398 255 255 255 1 -2.35619 254 254 254 1 0.785398 255 255 255 157 -1.5899 98 98 98 174 0.494329 181 181 181 44 2.03444 221 221 221 134 -3.03749 207 207 207 73 2.90658 224 224 224 104 -3.06482 216 216 216 96 3.14159 216 216 216 84 3.12969 217 217 217 89 -3.1079 214 214 214 99 3.1113 217 217 217 183 -2.20883 70 70 70 258 0.788138 253 253 253 2 1.5708 255 255 255 5 -1.5708 250 250 250 5 0.197396 251 251 251 4 1.5708 255 255 255 0 0 
255 255 255 1 -2.35619 254 254 254 1 0.785398 255 255 255 6 -2.67795 252 252 252 3 0 252 252 252 91 -1.5708 161 161 161 119 -0.666908 87 87 87 115 0.436627 136 136 136 44 -0.372068 120 120 120 135 0 120 120 120 133 0.0899819 132 132 132 120 -0.033321 128 128 128 94 -0.137426 115 115 115 34 -0.203045 108 108 108 205 0.775089 252 252 252 1 0.785398 253 253 253 2 0.785398 255 255 255 4 3.14159 255 255 255 6 -2.46685 251 251 251 7 -0.982794 245 245 245 0 0 
254 254 254 1 0.785398 255 255 255 7 -2.1588 249 249 249 8 0.785398 255 255 255 3 -1.5708 252 252 252 3 1.5708 255 255 255 63 -1.5708 192 192 192 57 -0.261714 177 177 177 91 1.01914 255 255 255 205 -3.13184 253 253 253 83 -3.12954 252 252 252 156 -2.9492 222 222 222 110 -2.42021 149 149 149 149 0.785398 255 255 255 7 -2.86329 253 253 253 2 1.10715 255 255 255 4 -1.5708 251 251 251 4 -0.244979 250 250 250 7 0.785398 255 255 255 0 0 255 255 255 0 0 
255 255 255 4 -1.5708 251 251 251 4 1.32582 255 255 255 0 0 255 255 255 3 -1.5708 252 252 252 3 1.5708 255 255 255 7 -1.5708 248 248 248 24 -1.27536 225 225 225 176 -1.46265 50 50 50 210 0.606446 170 170 170 99 -2.33492 98 98 98 77 0.555871 139 139 139 163 0.789727 255 255 255 8 -2.19105 248 248 248 9 0.708626 254 254 254 2 2.67795 255 255 255 4 3.14159 255 255 255 0 0 255 255 255 0 0 255 255 255 0 0 255 255 255 0 0 
255 255 255 3 -1.5708 252 252 252 3 1.24905 255 255 255 0 0 255 255 255 3 -1.5708 252 252 252 3 1.89255 255 255 255 0 0 255 255 255 11 -1.5708 244 244 244 23 -1.12638 223 223 223 126 -1.31428 101 101 101 82 0.871392 164 164 164 127 0.779873 254 254 254 5 -2.2143 250 250 250 7 0.785398 255 255 255 8 -2.78282 252 252 252 3 -0.321751 251 251 251 5 0.927295 255 255 255 0 0 255 255 255 0 0 255 255 255 0 0 255 255 255 0 0 
255 255 255 2 -1.5708 253 253 253 2 2.03444 255 255 255 0 0 255 255 255 4 -1.5708 251 251 251 4 1.10715 255 255 255 3 3.14159 255 255 255 1 -2.35619 254 254 254 2 2.67795 255 255 255 101 -1.64984 154 154 154 141 0.795398 255 255 255 4 -1.81578 251 251 251 5 0.785398 255 255 255 10 -2.28963 247 247 247 11 0.785398 255 255 255 3 -2.81984 254 254 254 1 2.35619 255 255 255 0 0 255 255 255 0 0 255 255 255 0 0 255 255 255 0 0 
255 255 255 0 0 252 252 252 0 0 255 255 255 0 0 255 255 255 0 0 253 253 253 0 0 252 252 252 0 0 254 254 254 0 0 252 252 252 0 0 247 247 247 0 0 253 253 253 0 0 254 254 254 0 0 255 255 255 0 0 248 248 248 0 0 255 255 255 0 0 252 252 252 0 0 253 253 253 0 0 255 255 255 0 0 255 255 255 0 0 255 255 255 0 0 255 255 255 0 0 
