255 252 255 4 -2.67795 255 251 255 2 -0.463648 255 251 253 4 0.785398 251 249 255 1 3.14159 241 238 255 90 -3.09718 226 228 255 160 -2.99794 200 202 255 147 2.99874 222 228 255 161 3.10434 241 243 255 101 -3.12179 244 248 255 10 -2.85014 243 247 255 7 0.785398 244 248 255 44 -3.07352 233 236 255 124 -3.06112 219 222 255 130 3.04192 232 237 255 161 -3.11055 231 237 255 75 3.07502 244 251 255 10 -2.55359 242 250 250 8 0.785398 251 255 254 4 -2.67795 249 255 250 0 0 
255 248 255 4 2.03444 255 252 255 0 0 253 252 255 8 -3.01724 245 244 255 136 -2.42898 146 141 220 125 -2.52042 64 60 165 34 -2.84736 50 49 159 13 2.67795 60 59 157 68 1.82289 135 133 203 130 2.38879 229 227 255 107 3.02991 243 241 255 82 -2.58043 195 194 250 162 -2.60644 105 104 184 67 -2.90376 85 85 175 58 -2.83059 67 68 156 88 1.98902 154 155 223 134 2.58457 234 236 255 92 3.04408 248 252 255 4 -1.81578 246 251 254 5 0.785398 251 255 254 0 0 
247 247 253 8 0.785398 250 251 255 8 -1.92957 236 239 255 100 -1.87368 132 131 197 114 -2.26999 33 24 151 5 -2.35619 22 11 167 22 0.502843 33 22 179 4 2.89661 36 26 173 12 -1.48766 32 19 147 77 1.4162 113 99 217 85 2.53087 160 149 255 160 -2.35179 44 34 154 9 -1.35213 30 22 152 12 -0.499347 21 15 150 17 0.117109 24 16 153 14 0.211093 33 26 141 93 1.54929 138 133 202 135 2.30911 245 244 255 40 3.1166 250 251 255 0 0 250 255 255 0 0 
250 255 255 3 -1.5708 241 247 255 35 -1.5708 198 202 255 151 -1.96356 49 48 144 30 -2.49809 20 13 164 23 0.994421 36 24 204 18 -2.35619 25 10 192 7 0.876058 33 17 195 1 -0.785398 37 20 183 5 -1.76819 34 17 174 8 0.785398 38 23 181 8 3.01724 38 23 184 2 3.14159 34 24 184 1 3.14159 32 24 185 9 -3.03094 33 21 187 9 -1.5708 31 18 163 7 0 44 33 130 151 1.62373 203 195 255 61 2.4136 246 247 255 3 3.14159 248 253 255 0 0 
250 255 251 3 -2.1588 240 246 255 93 -1.53855 132 133 219 108 -1.77544 16 15 143 22 1.00748 28 26 179 6 -1.73594 20 14 187 5 1.19029 28 12 203 4 0.463648 32 14 205 9 -2.81984 31 16 191 3 0.588003 33 20 188 8 -1.69515 21 10 186 8 1.05165 27 17 194 1 1.5708 28 20 191 8 -1.81578 20 13 182 11 0.785398 29 20 191 8 -2.89661 35 22 178 15 -1.31019 32 17 139 113 1.50012 154 141 225 90 1.9554 241 240 255 3 2.1588 246 251 255 0 0 
251 255 249 2 0.785398 243 247 255 118 -1.63849 107 105 211 73 -1.76284 22 21 167 6 2.03444 23 25 179 8 -2.78282 20 18 184 7 1.5708 34 19 201 17 -2.43934 25 7 192 13 0.732815 32 19 194 2 -1.5708 28 18 192 7 -2.7367 22 13 194 8 0.358771 23 16 197 3 -2.81984 22 18 191 4 2.67795 26 22 188 8 -1.5708 20 13 180 10 1.3734 37 26 182 13 -2.13753 38 20 157 71 1.683 118 103 201 116 1.69939 238 237 255 7 0.785398 244 251 255 0 0 
255 254 255 8 -1.81578 238 235 255 124 -1.50637 93 88 203 62 -1.37656 19 15 170 2 2.67795 17 16 174 10 0.507098 24 19 180 7 -0.982794 27 13 171 13 1.96559 40 24 185 11 -3.05093 34 21 189 9 -1.68145 21 11 185 20 0.643501 28 22 199 8 -1.21203 18 16 189 5 -0.380506 20 17 180 6 1.24905 29 25 181 6 -1.73594 25 19 174 1 2.35619 33 21 171 12 -1.24905 30 11 152 64 1.46185 101 86 191 136 1.56344 241 243 255 0 0 243 253 255 0 0 
255 252 253 2 0.785398 250 242 255 120 -1.62906 107 101 214 81 -1.15629 19 14 167 12 1.24905 28 23 184 0 0 29 24 183 15 -1.89255 25 12 157 7 0.876058 31 18 163 10 2.1588 35 21 186 11 0.785398 36 27 201 16 -0.0624188 31 26 201 8 -0.785398 23 22 192 7 -2.35619 24 20 179 8 0.358771 30 25 178 7 -2.26553 28 18 172 8 0.785398 39 25 173 10 -2.07789 37 18 157 58 1.62247 101 88 190 141 1.25573 241 245 255 3 3.14159 243 255 255 0 0 
255 255 251 7 -1.71269 244 239 255 80 -1.48352 141 138 237 115 -1.12265 25 21 164 15 0.551655 29 22 186 7 -2.44685 28 17 179 5 -2.11122 30 20 157 5 -1.5708 27 14 152 23 1.44109 43 29 194 17 1.92957 52 42 218 18 -2.50884 37 31 208 17 -1.28474 18 17 187 14 0.588003 32 27 190 16 -2.4859 27 17 177 5 1.19029 36 21 182 5 -1.9513 36 19 170 7 -1.4289 36 18 149 105 1.47584 146 137 224 97 1.13479 238 245 255 4 0.785398 243 255 252 0 0 
255 255 247 3 2.81984 251 248 255 37 -1.5708 193 193 255 142 -1.42989 40 38 168 12 -1.07145 25 18 175 9 -0.218669 25 15 175 7 -0.2783 30 20 157 2 -1.10715 28 18 154 14 1.2925 35 25 185 8 2.19105 37 29 200 11 2.23184 40 38 211 18 -2.55359 30 29 199 22 -2.29378 19 14 177 5 1.76819 27 19 180 7 0.141897 34 17 185 3 -0.588003 37 19 172 4 2.67795 48 32 150 137 1.43921 189 183 254 62 0.933726 243 252 255 3 -1.5708 241 255 245 0 0 
255 253 245 4 1.32582 250 250 255 17 -1.5708 215 217 255 155 -1.48072 49 49 163 57 -0.13944 36 30 177 10 -2.76109 32 24 179 9 -2.1294 28 20 161 5 0.197396 27 23 159 5 1.19029 26 24 173 5 2.11122 26 28 183 9 3.03094 24 26 191 15 -2.44685 14 16 181 3 -1.24905 14 13 176 15 1.01914 32 25 189 12 -2.89661 35 19 191 9 -1.89255 33 16 167 24 1.5708 68 56 156 164 1.23556 230 227 255 18 0.785398 244 254 255 4 -1.5708 242 255 241 0 0 
254 252 252 4 0.785398 250 250 255 3 -1.5708 233 236 255 112 -1.54402 112 112 206 111 -0.734808 30 23 160 23 0.0434509 27 19 173 2 0.785398 29 25 168 9 -0.218669 25 24 164 1 0 22 23 167 4 -2.89661 17 20 172 2 -1.10715 12 15 177 5 0.54042 15 17 182 4 1.5708 22 22 182 8 -2.19105 20 14 175 11 0.54042 32 18 184 7 -2.26553 35 19 160 78 1.60924 125 116 197 138 0.964796 246 245 255 0 0 248 255 255 3 -1.5708 247 255 242 0 0 
255 249 255 0 0 250 247 255 8 3.14159 243 244 255 32 -1.60204 202 202 255 138 -1.33805 58 50 175 92 -0.218669 33 21 173 12 0.844154 38 33 178 16 -2.4859 24 24 168 5 -1.03038 19 17 167 5 0.785398 22 19 175 7 0.2783 20 19 183 2 -2.03444 18 17 181 2 -2.67795 19 18 176 8 1.69515 32 27 180 9 -1.78947 29 18 168 10 -2.76109 35 23 141 174 1.16364 208 202 255 49 0.785398 250 250 255 5 3.14159 251 255 254 1 -1.5708 252 255 246 0 0 
255 250 255 8 -1.5708 245 242 255 8 0.950547 249 249 255 1 0.785398 243 241 255 77 -1.5708 155 148 245 123 -0.976037 44 36 167 56 -0.214815 25 19 168 10 0.643501 29 22 179 4 -1.5708 25 17 177 9 0.86217 32 23 187 7 -2.26553 24 16 183 3 -1.89255 21 14 179 12 0 21 17 173 8 1.05165 32 28 171 23 -2.3259 24 16 140 93 0.938047 108 102 189 167 0.853091 246 243 255 5 -1.5708 248 247 255 5 1.9513 255 255 254 1 3.14159 255 255 249 0 0 
255 255 247 3 -1.5708 254 255 245 3 1.24905 255 255 254 4 3.14159 251 249 255 8 -2.03444 233 231 255 116 -1.50194 104 102 198 128 -0.477584 37 25 177 62 -0.0322469 31 15 193 5 2.76109 37 18 191 4 -1.81578 33 16 184 2 -1.10715 31 14 182 13 0.837981 41 25 190 15 -2.58994 33 20 176 17 -2.27305 21 16 145 69 0.887087 84 84 168 181 0.801022 223 225 255 22 0.785398 251 249 255 8 -2.08994 250 247 249 9 0.708626 255 254 254 1 0.785398 255 255 254 0 0 
255 255 238 2 -1.5708 255 255 240 2 -2.35619 255 252 247 3 0 253 248 255 5 0.785398 246 249 255 10 -1.86225 227 227 255 111 -1.48095 106 96 220 136 -0.529128 33 15 174 50 0.119429 41 18 186 11 -2.96174 39 16 185 6 1.73594 45 23 189 13 -2.09887 33 16 167 21 -0.2783 29 17 147 99 0.436627 74 70 166 195 0.76735 217 220 255 23 0.994421 244 249 255 4 -1.5708 249 248 255 5 0.785398 255 255 255 0 0 255 254 255 0 0 255 255 255 0 0 
255 255 242 4 -1.81578 251 255 244 4 0.785398 255 252 255 1 0.785398 255 251 255 3 -1.5708 248 249 255 3 0.982794 246 248 255 9 -2.81984 236 234 255 137 -1.5489 94 83 185 135 -0.417476 35 13 161 82 0.0972532 41 16 180 8 0 41 19 175 65 0.244979 59 45 171 145 0.448264 128 122 203 140 0.724866 226 226 255 17 0.489957 241 242 255 9 0.785398 253 252 255 3 3.14159 255 254 255 0 0 255 255 255 0 0 255 255 255 0 0 255 255 255 0 0 
252 255 244 1 0 252 255 250 1 1.5708 255 251 255 2 3.14159 255 250 255 3 -2.81984 254 254 254 8 -1.44644 242 246 247 12 0.785398 246 250 255 17 -1.92957 225 224 255 98 -1.40732 123 109 214 130 -0.528624 53 37 162 160 0.357309 109 96 212 148 0.59361 196 188 255 50 0.827627 238 240 255 8 2.78282 248 251 255 5 3.14159 255 252 255 3 -1.5708 254 250 255 4 0.785398 255 254 255 0 0 255 255 255 0 0 255 255 255 0 0 255 255 255 0 0 
253 255 247 1 -1.5708 252 255 250 1 -1.5708 253 250 255 2 -0.463648 254 249 255 3 0.982794 255 255 254 4 3.14159 253 255 249 6 -1.5708 242 253 245 6 1.10715 244 253 255 2 3.14159 239 245 255 29 -1.63965 208 212 255 40 0.80294 236 243 255 6 -1.5708 233 241 255 5 -1.19029 233 243 250 9 0.708626 245 250 251 7 0.785398 255 252 255 10 3.14159 255 251 255 0 0 255 253 255 0 0 255 255 255 0 0 255 255 255 0 0 255 255 255 0 0 
253 255 248 0 0 252 255 251 0 0 255 253 255 0 0 255 252 255 0 0 253 252 248 0 0 255 255 247 0 0 247 255 239 0 0 244 255 245 0 0 239 254 255 0 0 238 253 255 0 0 237 255 255 0 0 235 253 252 0 0 242 255 247 0 0 251 255 251 0 0 247 241 252 0 0 255 250 255 0 0 255 253 255 0 0 255 255 255 0 0 255 255 255 0 0 255 255 255 0 0 
