74 45 41 17 -2.78282 62 40 34 6 -0.165149 49 44 29 8 1.44644 44 56 34 26 -3.06482 32 57 31 13 -1.5708 10 46 16 96 0.0312398 13 48 22 117 0.0427091 18 52 28 100 -0.0399787 21 44 29 78 0.204877 44 58 47 30 -2.91236 50 47 42 3 0 55 46 42 17 1.74547 75 64 56 5 3.14159 75 66 53 7 -2.35619 69 62 45 13 0.628796 78 70 53 24 -3.01724 81 64 55 3 -1.89255 78 60 53 13 -2.57486 67 54 46 5 -0.54042 62 51 43 0 0 
54 29 25 21 0.851966 63 48 39 16 -2.76109 41 47 30 28 -2.40615 6 32 8 82 0.294937 12 61 29 167 0.519889 85 146 112 36 0.708626 107 170 138 22 -0.563316 97 157 127 29 -1.18392 75 127 104 107 -1.00336 0 32 16 138 0.188897 40 54 43 24 -2.89661 45 46 37 19 0.896055 62 62 50 17 3.14159 62 63 47 20 2.56729 73 75 56 34 -2.23184 47 47 29 21 1.23412 73 65 52 16 -2.22649 61 51 41 9 1.5708 70 59 51 15 -2.49809 61 51 41 0 0 
61 45 38 13 -1.344 37 35 24 17 -2.39617 2 29 9 109 0.830529 57 117 86 120 0.844154 120 214 173 58 -2.51533 70 183 139 15 1.24905 82 199 154 32 -2.4859 62 178 135 20 1.52084 89 195 159 27 -2.64517 95 176 149 134 -1.48889 0 35 17 70 0.438337 43 62 47 46 -2.83354 30 48 31 59 0 30 49 28 123 0.0568492 36 58 34 115 0.00869543 38 58 35 82 0.0365691 48 58 41 11 -2.87534 51 54 39 6 -0.463648 55 49 38 7 0.982794 63 55 42 0 0 
48 52 41 117 -0.249102 5 27 9 169 0.458371 50 109 81 118 0.821097 108 203 166 48 -2.26819 45 173 124 19 1.15257 49 195 141 42 -2.75228 31 179 125 24 2.84615 40 185 133 34 -2.99558 42 177 131 36 2.4926 81 194 156 93 -2.08728 34 105 78 82 -1.23755 0 24 0 127 0.774288 59 114 87 101 0.680885 121 179 150 12 -3.05845 119 180 146 32 -1.69515 92 146 116 102 -1.08084 14 53 28 145 0.0962534 41 63 44 5 -1.76819 48 55 40 9 -2.81984 52 52 36 0 0 
139 171 154 111 3.06069 130 184 161 33 3.02097 97 197 162 30 -2.19482 47 179 133 3 2.55359 35 185 131 29 -1.46771 1 158 101 27 0 6 158 99 36 -0.110657 6 152 97 38 0 9 150 99 39 0.12751 25 153 106 25 -0.321751 33 140 101 14 -1.5708 24 125 87 82 1.2106 92 204 164 45 -2.51119 60 178 135 9 2.35619 65 187 141 20 1.62075 96 204 162 26 2.8786 126 205 172 134 -1.77982 15 68 41 107 -0.120903 25 50 30 10 2.9442 38 50 30 0 0 
21 61 43 91 1.89255 87 154 127 69 2.86527 65 182 143 55 -2.96174 32 179 129 8 1.5708 35 190 133 5 -1.19029 28 187 125 30 0.30092 39 195 134 13 -0.152649 40 193 132 4 0.244979 46 192 134 10 -1.86225 42 180 126 34 -1.92957 15 146 96 31 2.64978 26 161 113 18 0.632749 29 173 124 6 0.463648 25 178 127 19 0.714091 34 192 138 25 -2.9442 40 184 135 7 0.785398 69 182 144 3 0.982794 101 179 148 130 -1.52468 0 44 18 64 0.252554 31 57 34 0 0 
1 31 12 49 1.46911 28 85 60 31 1.66727 13 126 88 45 1.68145 37 178 129 68 2.99558 49 190 133 76 2.84888 66 215 152 75 -3.04853 48 210 144 31 -2.79015 37 199 133 7 -0.982794 43 190 128 20 -1.17227 28 170 111 65 -2.32395 0 121 66 72 0.921801 31 180 124 2 2.03444 28 182 127 17 2.39617 32 195 139 27 -1.53378 0 171 112 35 0.785398 27 193 140 10 2.9442 50 188 146 7 1.5708 85 189 154 74 -1.66511 47 108 80 82 -1.03661 0 34 9 0 0 
18 34 17 41 1.69215 33 81 57 40 2.33865 10 122 82 58 -0.310998 0 111 59 90 0.0554985 0 117 60 74 0.270947 0 139 77 41 1.17227 20 180 114 53 2.69475 46 203 136 89 -3.11912 62 197 135 91 -2.24044 0 125 63 41 1.7635 20 167 107 49 0.264488 25 181 121 19 -0.531724 11 171 113 27 1.23755 30 198 139 16 -2.95624 18 196 137 14 -0.785398 12 184 130 15 0.876058 43 190 146 3 3.14159 71 184 147 25 -1.69023 85 150 124 74 -0.900275 45 90 64 0 0 
27 27 11 18 1.40565 15 51 27 117 1.83855 66 178 138 16 1.69515 50 202 149 17 -2.31622 36 192 132 37 -1.29985 1 157 93 76 -0.346539 0 131 66 88 -0.204018 0 111 47 90 0.339293 26 136 77 42 -2.57307 3 113 55 98 1.71414 79 213 153 95 -2.95239 45 198 137 25 -2.35619 20 180 120 10 0.0996687 16 182 123 23 1.65753 35 205 147 31 -2.81984 32 192 140 10 -3.04192 47 185 144 14 3.14159 74 179 146 26 1.10715 137 195 171 133 -2.99122 134 172 150 0 0 
37 28 14 17 -1.98321 0 19 0 142 1.50049 73 174 136 48 3.01724 42 189 139 9 1.24905 37 203 144 30 1.01914 61 230 167 15 -2.35619 57 219 154 20 -1.81578 51 197 133 91 -1.43968 0 101 42 77 -0.0129863 0 100 41 38 0.463648 0 120 59 63 1.16383 27 180 119 51 2.94797 32 189 132 67 -2.97887 21 177 122 51 -3.04387 18 172 117 53 2.95511 36 179 130 62 -3.06112 49 168 130 66 2.73868 102 187 159 168 -2.34779 17 60 39 26 -2.5948 21 43 25 0 0 
30 21 7 5 0.197396 7 28 6 84 1.61838 45 121 89 94 2.49172 59 188 143 38 0.617191 47 218 162 1 -2.35619 30 222 159 6 -2.24554 27 217 152 8 -0.358771 31 213 148 27 -1.90404 19 185 120 55 -0.927295 0 140 78 65 0.122461 0 148 86 55 -0.3274 0 129 69 86 -0.0696546 0 121 65 93 0.0537117 0 125 71 70 -0.0996687 0 115 65 77 0.0129863 0 112 69 55 -0.0725995 16 100 71 31 -1.41088 10 63 43 33 -2.29245 14 33 18 9 1.24905 37 39 27 0 0 
35 26 12 8 -1.44644 10 22 2 13 1.49402 0 43 14 163 1.67472 108 215 176 47 -2.92753 48 215 164 7 -2.55359 16 218 159 8 2.19105 21 226 163 22 -2.07364 3 207 142 17 1.21203 26 221 158 16 -2.35619 24 208 144 5 -0.785398 31 201 142 15 1.5708 57 214 157 20 3.09163 68 212 159 33 -2.57026 63 191 142 15 3.14159 79 187 144 24 -2.1251 77 161 126 99 -2.57026 48 100 76 87 -2.42062 11 37 21 7 0 33 33 21 3 -1.5708 40 28 18 0 0 
38 28 11 10 -2.28963 18 22 3 5 -1.76819 0 22 0 134 1.57826 79 165 131 61 2.63449 49 207 161 4 -0.785398 11 211 157 17 0.0587558 6 214 156 9 -0.321751 2 212 152 15 -0.132552 3 210 148 10 0.380506 18 212 152 8 -1.69515 26 202 143 11 -0.463648 39 192 139 13 -2.57486 51 181 134 18 -0.270947 67 171 130 44 3.09617 92 168 134 163 -2.5434 22 71 43 45 -2.2143 7 29 10 16 1.19029 38 41 26 10 -2.42276 43 31 19 5 2.2143 54 34 23 0 0 
29 21 4 2 -0.785398 20 20 2 5 -1.3734 3 18 0 81 1.50915 45 106 80 122 2.35041 66 205 167 17 0.665969 38 225 176 10 -2.42276 19 221 168 3 2.1588 20 225 170 14 -2.64765 22 217 161 7 -1.4289 29 208 153 8 0.358771 54 207 156 26 -1.60924 51 176 130 44 2.62799 97 193 153 179 -2.76005 53 120 88 127 -2.36731 0 27 0 18 1.05841 18 39 17 4 -2.35619 31 32 16 3 2.81984 40 31 18 4 -0.463648 44 28 16 4 2.03444 51 31 20 0 0 
26 24 6 5 -2.49809 23 21 3 1 -0.785398 22 19 4 10 -1.76819 0 15 0 187 1.52271 102 215 182 95 -3.02632 50 211 171 18 -0.0554985 29 215 169 9 -1.0122 23 207 159 21 0.336675 51 211 165 17 0 74 207 164 55 -3.03293 93 196 158 154 -2.7155 54 128 94 145 -2.32206 0 16 0 21 0.442374 1 21 0 11 1.66146 19 30 10 4 1.81578 31 32 16 4 -2.35619 36 27 13 9 1.0122 48 35 21 14 -2.55359 38 27 13 5 -0.197396 37 26 12 0 0 
24 20 2 4 0.463648 28 21 6 10 -2.76109 25 16 3 2 0.463648 0 21 6 83 1.59489 28 115 89 112 2.01064 94 224 191 23 -0.635027 65 213 175 10 0.71883 75 220 181 31 3.01327 102 220 185 192 -2.75722 55 144 111 144 -2.45392 0 48 18 29 -2.30861 0 22 0 14 0.982794 22 29 8 12 -1.99742 22 15 0 11 1.48014 34 25 11 5 2.76109 38 27 13 6 0.896055 45 32 18 9 -1.89255 36 23 9 9 1.24905 41 32 18 8 -2.35619 34 27 12 0 0 
37 21 8 18 -2.43297 21 10 0 25 0.321751 24 18 5 8 -2.78282 1 18 4 37 1.48989 1 61 43 169 1.65345 149 234 212 25 -1.72945 117 211 186 39 -2.194 90 179 153 211 -2.39965 0 32 10 6 -1.89255 0 24 2 0 0 0 22 1 6 1.40565 11 26 5 1 -1.5708 24 22 4 5 -1.5708 26 16 0 5 1.3734 33 20 6 11 1.66146 44 31 17 5 -2.76109 40 28 16 3 -2.1588 37 25 13 1 3.14159 35 26 13 2 2.35619 37 28 15 0 0 
24 7 0 28 1.17056 47 34 20 32 -2.31274 16 10 0 10 0.851966 8 20 8 23 2.11122 3 44 29 179 1.64329 170 225 210 44 -1.54807 126 181 164 227 -2.33135 0 16 0 14 0.885067 0 23 9 5 -2.2143 3 19 2 1 0.785398 11 18 3 5 1.03038 23 23 7 1 -0.785398 31 21 4 4 -1.5708 31 16 0 3 1.24905 34 18 5 7 1.8491 39 26 12 5 2.9442 38 26 14 3 -2.55359 34 25 12 3 -2.81984 33 24 11 2 2.35619 35 26 13 0 0 
30 19 5 9 -2.27942 21 12 0 10 0.507098 25 16 6 11 -1.30454 1 7 0 21 1.08632 1 29 16 193 1.64321 185 223 211 278 -2.32821 0 21 7 6 2.97644 0 21 7 11 -3.05093 11 17 6 3 3.14159 22 16 3 3 1.5708 28 19 6 3 1.5708 35 22 8 2 -2.03444 35 20 4 3 -1.89255 32 17 1 0 0 30 17 3 4 1.5708 32 21 7 4 2.35619 33 24 11 2 -2.03444 31 22 9 1 3.14159 31 22 9 2 2.35619 33 24 11 0 0 
22 13 0 0 0 30 21 7 0 0 28 19 9 0 0 15 16 6 0 0 0 14 2 0 0 1 31 20 0 0 0 13 1 0 0 0 8 0 0 0 19 12 3 0 0 29 15 3 0 0 35 17 6 0 0 37 20 7 0 0 37 18 3 0 0 33 17 1 0 0 28 17 3 0 0 27 18 4 0 0 32 23 10 0 0 30 21 8 0 0 29 20 7 0 0 31 22 9 0 0 
