254 254 254 4 -1.81578 252 250 250 7 0.785398 255 252 255 8 3.14159 255 253 255 10 3.14159 251 254 255 3 -1.5708 243 253 253 2 1.5708 242 255 253 1 0.785398 244 255 251 5 3.14159 251 255 248 0 0 253 255 247 8 -2.08994 246 253 238 5 0 241 254 240 9 0.785398 243 255 249 7 -2.7367 240 255 249 3 -0.321751 244 252 251 5 0.927295 253 255 255 8 3.14159 255 255 255 5 -1.5708 250 250 250 5 1.3734 251 255 255 7 -1.71269 243 248 249 0 0 
251 253 253 2 2.35619 255 255 255 8 -1.5708 254 246 247 5 -0.380506 252 243 246 11 1.03038 255 254 255 3 -1.5708 248 253 252 4 0.785398 250 255 252 12 -2.71497 246 254 244 5 1.19029 255 255 248 10 -2.76109 255 254 243 4 0.463648 255 255 243 2 0.785398 255 255 247 9 -2.35619 243 252 242 7 1.2925 250 255 251 1 -2.35619 255 254 253 7 -1.4289 252 247 246 10 0.851966 255 255 254 4 -1.81578 255 251 250 5 0.643501 252 254 254 6 2.97644 251 255 255 0 0 
247 252 250 5 0.785398 255 255 252 5 -2.60117 255 252 249 2 -0.463648 255 250 248 77 3.08969 255 255 252 175 3.14159 255 255 251 208 -3.08876 251 245 238 181 3.09742 255 254 245 144 -3.09302 255 246 237 56 2.96488 255 255 247 8 3.14159 255 255 247 7 -1.97569 255 250 240 88 3.11887 255 252 243 158 3.11628 255 255 247 204 3.13669 255 254 249 208 -3.13679 255 253 248 171 3.14159 255 254 248 78 3.12877 255 255 249 13 -2.57486 252 249 244 9 0.785398 255 255 252 0 0 
250 255 251 5 -1.76819 250 252 246 6 0.674741 255 255 248 133 -2.49959 190 174 167 94 -1.51765 98 81 72 78 -0.435084 65 48 39 112 0.143158 81 64 55 97 0.477345 127 108 100 81 1.52145 214 188 181 139 2.71319 255 246 239 164 3.11111 255 251 244 216 -2.70273 181 160 152 121 -2.54903 113 92 84 48 -1.03389 73 51 40 102 -0.0294033 77 46 37 108 0.339293 115 83 72 100 1.19215 201 177 165 147 2.66279 255 246 234 150 3.06839 255 255 248 2 -2.67795 255 255 247 0 0 
250 255 248 6 2.97644 255 255 248 159 -2.40041 161 149 137 78 0.418224 200 181 168 80 -0.35299 178 152 138 26 0.262995 186 160 144 40 -2.9442 178 151 137 44 -2.13411 142 112 101 61 -0.946773 94 60 54 95 0.222082 115 80 76 53 -0.530774 84 54 49 128 0.0234332 86 57 52 174 0.338024 144 117 107 93 0.382487 182 153 139 44 -3.07352 188 149 134 37 -2.24132 161 121 103 75 -1.47773 79 47 28 117 0.42944 119 96 80 166 1.88118 255 255 242 97 -3.12098 255 255 240 0 0 
250 251 241 111 -1.52578 144 141 127 111 2.31824 238 222 206 61 2.51757 255 255 240 113 -2.38119 211 180 159 68 -2.09359 155 120 100 22 0.363979 161 128 109 22 1.79427 182 149 134 25 2.8578 187 154 145 46 -2.55359 159 127 122 130 0.436163 209 182 178 80 0.519146 249 223 217 36 -0.588003 231 205 193 106 -1.11552 140 110 91 22 2.23184 167 129 105 6 0.165149 171 130 105 25 1.84381 193 155 131 111 -1.79625 77 46 25 127 1.08961 177 160 141 130 2.29107 255 255 240 0 0 
255 255 245 193 -1.70028 77 64 50 108 1.65394 196 172 154 48 3.05845 208 176 153 50 -2.5099 184 147 121 11 -2.79282 182 142 117 19 -1.94169 160 124 100 7 0.404892 158 126 107 9 -1.0122 143 116 106 133 1.36022 255 246 240 8 0.950547 255 254 248 1 3.14159 255 254 247 85 -3.10631 255 254 238 198 -2.2314 121 99 74 41 1.17227 169 138 107 22 -2.57828 164 125 93 7 1.71269 173 131 102 26 -1.9513 143 106 80 32 -1.81578 95 74 52 177 1.70074 255 251 229 0 0 
246 229 220 176 -1.5708 75 53 41 69 1.51289 153 123 104 17 2.43934 173 136 110 4 0 178 136 107 11 3.14159 178 136 107 7 -0.588003 167 132 106 1 2.35619 161 132 111 19 0.896055 165 146 133 110 1.37875 255 253 245 3 0.321751 255 254 247 84 -1.55889 180 171 162 54 -2.31725 145 133 115 20 -1.17227 135 116 89 5 2.60117 148 120 85 6 1.89255 163 126 88 6 -2.81984 167 121 90 24 -1.94378 138 98 70 47 -1.6557 75 51 27 207 1.54665 255 255 236 0 0 
255 227 220 174 -1.41509 86 56 45 52 1.74218 145 110 90 28 1.3597 179 139 114 29 -2.60117 169 125 94 22 0.847817 184 143 111 16 -2.39965 166 132 103 35 2.74036 169 145 123 102 0.235545 181 168 154 121 0.831876 255 255 248 12 -3.05845 255 255 248 122 -1.67695 139 134 125 123 0.040628 153 141 123 117 -0.27596 132 111 83 16 2.76109 148 119 82 2 2.35619 159 120 81 7 -2.44685 158 113 80 20 -2.07789 134 94 66 38 -1.46592 80 56 32 192 1.46129 255 248 225 0 0 
255 253 248 208 -1.58041 79 47 36 78 1.03257 151 115 97 33 -3.05093 154 114 89 29 1.03038 184 140 109 22 -2.67795 172 131 99 32 -1.81578 133 99 70 147 1.51643 255 245 223 67 3.05228 255 251 234 38 -3.03672 248 246 235 12 -0.165149 245 243 235 19 0.785398 255 255 247 69 -3.06926 255 253 236 170 -1.91856 122 95 68 19 1.31347 152 116 80 10 -0.197396 155 113 76 10 -1.0637 146 102 71 10 -0.380506 135 98 72 39 -2.57486 100 77 55 190 1.2723 255 255 238 0 0 
255 250 247 166 -1.56477 117 86 77 130 -0.0461211 115 82 66 57 2.23184 165 128 106 28 -2.78689 160 120 91 10 0.197396 162 122 93 23 -0.755104 141 106 80 80 1.0961 204 177 156 86 2.72454 225 212 196 101 2.67356 255 255 247 6 3.14159 255 255 249 69 -1.72889 204 187 178 80 3.06673 222 193 178 135 -2.34049 138 97 74 31 0.851966 170 123 91 9 -2.27942 165 117 83 12 -2.81984 152 111 86 50 -1.95497 95 64 43 70 1.81578 152 132 114 166 0.798163 255 252 234 0 0 
255 251 250 37 -1.59782 242 216 210 174 -1.3633 74 47 33 117 0.46745 133 101 82 49 2.57026 167 130 104 20 2.67795 178 139 111 9 2.72337 178 142 118 44 -1.5708 127 98 77 39 0.623199 137 121 105 132 1.41184 255 251 239 5 -1.5708 255 244 237 138 -1.49125 129 106 98 12 -0.674741 135 98 84 19 1.19991 162 117 96 4 -2.35619 168 115 88 13 -1.72345 151 103 75 12 -1.99742 128 91 69 65 -2.38844 71 46 30 256 0.898487 255 248 234 12 0.96007 255 255 244 0 0 
255 251 252 2 0 255 252 249 102 -1.55119 170 151 143 138 -0.744604 82 59 43 101 0.525244 143 110 90 54 2.8023 165 128 106 21 2.48875 178 141 119 12 -1.89255 161 129 110 13 1.96559 162 141 126 110 1.6434 255 251 239 8 0.785398 255 255 247 139 -1.62111 143 116 106 14 -2.30861 144 105 91 12 0.674741 159 113 95 6 -2.81984 162 112 89 25 -2.46685 139 97 74 74 -2.33733 71 42 27 214 0.86116 222 206 194 66 0.806672 255 254 245 4 -1.81578 253 251 241 0 0 
255 253 255 0 0 255 254 254 8 -2.89661 255 253 247 108 -1.55228 163 147 134 137 -0.69288 87 58 43 109 0.496423 146 110 92 71 2.77142 174 136 118 49 -2.8771 157 123 107 15 2.49809 156 133 118 124 1.61915 255 255 244 9 -2.27942 255 249 238 142 -1.55671 133 106 96 9 1.78947 152 114 102 14 -2.55359 150 107 90 28 -2.53379 134 93 71 68 -2.3665 78 45 26 209 0.717933 202 182 171 101 0.750447 255 251 244 1 0.785398 255 252 247 3 -0.321751 252 251 247 0 0 
255 253 255 8 -1.81578 249 247 247 11 0.785398 255 255 251 4 -2.03444 255 253 243 98 -1.54019 178 154 142 149 -0.837484 76 43 28 171 0.266252 126 87 72 33 2.39784 147 111 95 51 2.84453 152 126 112 124 1.53855 255 251 238 1 0.785398 255 251 240 146 -1.55025 127 105 94 3 -2.81984 133 104 90 52 -2.77169 116 85 70 44 -1.89255 70 45 25 254 0.674128 222 204 187 72 0.844154 255 255 249 4 -1.81578 255 251 250 4 2.35619 254 254 254 1 0.785398 253 255 255 0 0 
251 252 255 2 1.5708 255 254 255 2 -2.35619 253 254 252 2 2.67795 255 255 250 1 -0.785398 255 254 245 46 -1.59253 232 207 197 151 -1.27618 92 62 51 193 -0.0051813 91 61 50 87 0.890698 150 131 118 147 2.18318 255 252 240 185 3.12538 255 254 245 247 -2.47949 120 101 93 72 -2.43447 77 55 44 92 0.174045 91 72 59 251 0.748795 255 244 228 16 0.519146 255 252 239 6 0.896055 255 254 251 6 -1.40565 250 248 248 9 0.785398 253 255 255 3 -1.5708 248 252 253 0 0 
253 252 254 2 0 253 253 253 3 -2.55359 251 251 251 5 0.785398 255 255 254 3 -2.1588 255 252 249 3 -2.81984 255 251 247 5 2.2143 255 255 249 139 -1.5708 130 116 110 151 -0.496181 56 44 38 178 0.118092 77 65 59 17 -0.41241 70 58 54 58 -0.207496 58 46 42 209 0.491359 157 145 141 154 0.785398 255 254 250 2 2.67795 255 255 249 2 -1.5708 255 254 249 2 1.5708 255 255 254 0 0 255 255 255 0 0 255 255 255 0 0 253 255 255 0 0 
255 255 255 5 -1.76819 250 250 250 5 1.5708 255 255 255 2 -1.5708 253 253 253 5 -2.2143 251 249 248 6 -0.165149 250 248 247 9 0.785398 255 255 252 12 -2.64225 254 249 246 28 -1.3597 228 221 218 144 -1.33255 90 81 78 170 0.200848 126 114 112 179 0.702584 240 231 228 33 0.764125 255 253 253 2 -1.10715 255 252 251 3 1.89255 255 255 254 11 -2.96174 255 253 252 2 1.10715 255 255 255 0 0 255 255 255 0 0 255 255 255 0 0 255 255 255 0 0 
254 254 254 5 -2.2143 250 250 250 7 0.785398 253 255 255 5 -1.5708 248 250 250 7 0.785398 255 255 254 4 3.14159 255 255 254 11 -1.5708 248 245 241 13 1.00407 255 255 252 8 3.14159 255 255 252 9 -2.35619 255 248 245 8 0.519146 255 252 249 4 0.785398 255 255 252 7 3.14159 255 254 254 7 -2.55359 255 251 250 8 -1.05165 246 244 243 14 0.737815 254 255 253 1 0.785398 255 255 255 0 0 255 255 255 0 0 255 255 255 0 0 255 255 255 0 0 
251 251 251 0 0 255 255 255 0 0 253 255 255 0 0 253 255 255 0 0 251 252 250 0 0 255 255 254 0 0 255 252 248 0 0 252 247 244 0 0 255 248 245 0 0 255 255 252 0 0 255 255 252 0 0 255 248 245 0 0 255 248 248 0 0 255 255 254 0 0 255 255 254 0 0 255 255 254 0 0 255 255 255 0 0 255 255 255 0 0 255 255 255 0 0 255 255 255 0 0 
