255 248 255 6 -2.46685 255 236 255 55 -2.50884 232 188 255 105 -2.57997 180 120 238 92 -2.74097 145 76 217 19 2.46685 159 87 231 26 1.00407 179 116 239 62 2.14118 231 180 255 127 2.80492 255 238 255 52 -3.04573 255 242 255 5 1.19029 255 251 255 3 3.14159 255 243 255 69 -2.47804 224 180 255 128 -2.8075 184 127 249 72 -2.41495 138 77 205 50 0.0996687 143 81 211 31 1.31019 171 113 238 99 2.52839 225 179 255 96 2.7012 255 236 255 68 -3.0975 255 241 255 0 0 
255 235 255 47 -1.97843 218 185 242 116 -2.41709 145 96 188 55 -1.20362 95 35 153 74 0.475695 132 62 199 44 1.17774 173 101 243 49 -2.58729 147 80 207 38 -1.04839 111 57 156 116 1.23818 217 181 241 98 2.61865 255 237 255 36 3.14159 255 239 255 58 -2.03444 211 182 232 132 -2.17967 103 57 153 54 0.480175 130 75 192 61 1.13613 190 128 252 62 -2.50452 153 91 215 64 -1.14162 94 32 156 79 0.696349 141 90 194 63 1.24905 199 163 229 94 2.34127 255 238 255 0 0 
245 200 255 137 -2.19105 135 86 178 31 1.21935 167 110 219 24 -2.89661 164 100 220 22 -0.722979 151 81 212 22 -2.19628 133 61 197 61 0.601455 166 97 232 15 -1.97569 150 88 208 15 -1.01914 134 86 175 100 1.36948 230 188 255 68 2.99558 238 197 255 130 -2.24194 136 92 183 56 0.270947 155 101 208 26 0.114877 160 101 215 20 -1.32582 143 81 194 58 0.761013 185 120 235 45 -2.55969 160 94 213 23 0.444419 170 106 219 28 -2.0032 142 86 181 104 1.56118 244 194 255 0 0 
169 105 235 70 -2.83786 149 84 213 37 -3.00727 146 79 208 53 2.42276 183 113 243 55 -2.18894 140 68 198 63 0.807617 186 113 245 42 -2.59304 162 90 226 7 3.14159 160 93 220 3 -0.321751 156 101 204 28 0.354706 164 113 210 32 -0.0934768 159 108 212 59 0.592697 192 138 251 19 -2.4275 183 122 242 48 -2.76109 166 104 224 27 2.46107 187 122 238 54 -2.31725 149 81 198 39 1.03907 186 112 238 32 -2.35619 163 88 216 50 -2.88226 149 75 203 40 2.60117 168 97 224 0 0 
105 22 198 58 0.153945 116 34 201 18 -2.70175 110 29 185 47 1.13544 155 76 219 34 1.12013 186 110 245 69 -2.6331 152 78 206 7 1.2925 157 86 213 14 0.785398 165 99 218 24 1.19781 184 128 231 15 1.63736 196 145 243 47 2.83997 210 157 255 62 -2.62045 179 122 237 47 -2.0251 139 72 207 34 0.174672 147 75 217 22 0.0454233 152 79 213 17 1.80189 172 95 230 49 -2.95994 167 82 226 51 -1.27373 116 30 184 14 0.0713075 115 27 194 4 1.5708 118 29 202 0 0 
165 78 255 72 -1.14417 99 14 188 47 0.664774 132 47 209 41 1.17227 170 89 240 52 -2.11122 126 46 189 30 1.90286 154 78 213 21 2.35619 167 96 222 45 0.197396 174 108 227 14 2.0032 183 124 236 32 -2.04814 153 97 202 22 2.91812 156 103 206 51 0.0391956 160 102 214 31 0.39234 173 107 240 18 -2.8023 171 97 239 43 -0.606988 150 72 213 28 -1.71269 125 43 185 55 1.75065 180 96 244 67 -2.30361 130 43 200 31 -0.421419 115 25 198 45 1.18619 156 65 244 0 0 
195 120 255 59 -1.5031 136 61 207 19 0.418224 148 67 218 13 -0.394791 143 60 216 44 -0.674741 116 32 188 45 0.551655 139 59 206 94 0.920926 212 139 255 79 -2.58165 166 100 225 25 2.98294 167 105 229 47 -0.859887 129 72 187 78 1.5708 207 154 255 36 -2.55359 189 134 237 34 -1.48279 158 94 213 49 1.8603 209 138 255 94 -2.37875 147 70 205 58 -0.626261 113 35 172 45 0.453844 133 55 192 56 0.439843 154 79 217 25 -1.69023 127 53 195 74 1.14306 193 121 255 0 0 
197 133 252 65 -0.753151 152 86 211 9 2.92292 158 82 223 18 1.89255 176 98 246 41 -2.52693 154 73 224 45 1.97569 196 116 255 50 -1.81097 143 71 207 7 0 141 74 201 62 1.31019 198 138 255 67 -1.43727 129 74 183 112 0.439843 177 126 224 15 0.965252 192 138 238 51 -1.76442 144 80 199 28 -0.244979 141 70 197 50 1.4317 194 118 249 41 -1.83916 154 77 212 33 2.00742 181 107 243 46 -2.43297 147 79 210 9 1.46014 154 92 212 41 2.21913 186 127 241 0 0 
242 187 255 105 -1.33044 140 82 194 5 1.9513 148 80 211 45 -2.91812 138 68 205 17 -0.463648 132 62 193 60 0.927295 180 110 241 36 -2.1588 150 78 214 33 0.274167 155 92 215 67 2.22922 205 154 251 57 2.67013 229 185 255 63 -2.35619 184 139 225 6 -1.73594 180 127 230 19 -2.4275 170 104 237 68 -2.7174 146 71 216 43 0.834539 182 106 241 45 -1.88555 139 63 198 28 0.321751 142 69 215 22 0.266252 145 79 215 49 -2.7876 126 73 177 114 1.3597 236 190 255 0 0 
255 222 255 129 -1.52432 134 88 177 103 -0.364408 99 41 160 57 1.04521 152 86 217 23 0.54042 166 101 224 33 -2.90376 158 93 216 22 1.79427 180 113 242 68 -1.22579 114 53 171 77 0.5916 154 105 197 32 1.63322 184 141 222 13 -3.06482 183 138 225 21 -1.99365 165 111 218 60 -1.63736 108 40 177 94 0.725767 173 100 246 40 -0.27491 166 92 228 2 -1.10715 164 90 226 31 3.01327 162 91 237 62 -1.3952 97 35 165 58 1.13005 148 103 189 130 0.997623 255 221 255 0 0 
255 243 255 38 -1.75296 226 196 255 110 -1.24905 124 75 181 89 0.478722 169 108 236 44 -1.96385 131 68 191 37 0.558599 153 89 208 50 1.45137 203 140 255 37 -2.47107 178 119 231 29 -2.23484 154 98 205 21 1.66575 173 120 224 18 0.165149 174 124 226 24 -0.668289 161 105 217 18 2.20355 178 115 241 46 2.41673 210 143 255 57 -2.12017 165 93 230 36 -1.936 131 59 196 61 0.842806 173 106 241 49 -1.81578 122 66 178 124 0.922464 219 182 244 70 0.795499 255 240 255 0 0 
252 244 254 8 0.519146 255 240 255 61 -1.68505 200 162 244 79 -0.767543 148 97 208 29 0.2783 162 101 223 50 -3.02216 157 94 217 15 1.89255 174 112 225 33 -0.369334 162 101 211 7 -1.5708 152 93 208 41 1.35471 191 133 251 18 2.92292 195 138 253 52 -2.11122 150 93 208 15 -0.605545 143 83 201 42 1.00227 180 117 241 38 -0.968509 150 81 216 20 1.42191 170 102 233 47 -2.99374 160 102 214 46 0.982794 195 152 233 91 0.925107 255 239 255 1 2.35619 255 248 255 0 0 
253 255 254 12 -2.24554 247 240 253 10 0.291457 253 233 255 84 -1.54699 175 136 216 104 -0.737815 110 51 173 66 0.625485 154 85 220 54 1.19707 207 140 255 58 -2.32007 164 99 214 4 2.67795 164 100 220 26 2.5948 176 113 236 16 -2.83871 170 109 231 7 -2.35619 165 104 224 28 3.10589 166 107 221 37 1.9513 202 141 255 68 -2.30469 153 86 215 37 -0.938047 121 61 175 77 1.02593 182 142 214 89 0.864597 247 222 255 25 0.7299 255 248 255 1 -2.35619 255 252 249 0 0 
243 250 243 11 0.785398 253 255 255 7 -2.44685 254 243 255 9 -1.46014 252 221 255 93 -1.47432 164 111 214 77 0.064844 174 107 236 33 -2.86743 169 97 227 58 -3.02148 162 91 218 17 -1.74547 143 76 199 51 0.420197 162 98 218 7 2.26553 166 104 224 28 -1.32582 137 76 196 48 0.315215 152 91 211 12 0.244979 156 94 214 52 2.81385 175 111 231 40 -2.84309 160 108 202 111 0.855348 237 210 254 38 0.83989 255 249 255 3 -1.5708 255 250 253 4 0.785398 255 255 252 0 0 
250 255 249 6 -1.5708 245 250 248 4 0.463648 255 247 255 4 -0.244979 255 237 255 25 -1.3734 243 199 255 107 -1.29886 144 83 187 76 -0.475343 113 35 176 48 1.59163 161 81 228 33 1.69142 192 122 246 32 -1.31824 159 96 206 30 0.643501 175 116 221 11 1.75065 184 123 239 20 -1.21781 165 97 236 61 -1.83561 106 39 174 28 1.6421 136 77 182 120 0.97362 231 190 255 54 0.746457 255 242 255 4 0.785398 255 253 255 2 3.14159 253 251 255 2 3.14159 253 250 255 0 0 
251 255 251 2 -1.5708 251 254 252 2 0.785398 255 252 255 4 3.14159 255 246 255 2 -2.67795 255 238 255 65 -1.55541 207 162 235 123 -1.00531 106 42 161 136 0.335639 153 83 214 45 1.5708 198 133 249 30 -2.63449 181 122 227 8 -1.81578 173 114 218 21 1.14794 191 133 242 47 -2.07181 148 85 211 45 -1.54858 101 43 161 158 0.668812 199 153 235 99 0.813962 255 237 255 0 0 255 249 255 2 -2.03444 251 253 254 0 0 249 249 255 2 0.785398 251 250 255 0 0 
255 255 254 0 0 255 254 255 4 -1.5708 253 248 255 4 0.463648 255 247 255 2 0.785398 255 245 255 0 0 255 240 255 41 -1.5708 225 191 255 87 -1.27063 144 99 185 65 0.2783 164 112 212 27 2.77442 176 119 228 5 0.643501 179 121 233 12 -1.89255 165 113 213 29 -2.47755 143 101 184 91 1.01914 220 186 251 58 0.797446 255 233 255 5 0.785398 255 244 255 3 -2.81984 255 250 255 1 -0.785398 253 253 253 2 1.10715 253 254 255 0 0 253 253 255 0 0 
255 255 252 3 3.14159 255 255 254 2 3.14159 255 254 255 3 3.14159 255 253 255 1 3.14159 255 251 255 2 3.14159 255 249 255 15 -1.5708 245 230 255 49 -1.26187 202 175 225 89 -0.920569 134 92 177 90 0.458697 176 126 228 20 -2.89661 173 120 224 37 -2.16621 140 95 182 84 0.676586 190 161 211 104 0.751398 255 240 255 7 0.785398 255 247 255 7 -2.7367 252 246 255 4 0.785398 255 253 255 1 -1.5708 254 254 254 1 2.35619 255 255 255 1 3.14159 255 255 255 0 0 
255 255 242 4 2.89661 255 255 245 6 -2.97644 254 255 246 8 2.89661 254 255 250 7 -2.9997 253 254 252 3 2.55359 255 254 255 4 3.14159 255 250 255 8 -1.5708 255 235 255 44 -1.39094 215 179 245 79 -0.874448 156 112 195 25 -0.235545 150 106 189 65 1.02514 204 168 234 88 0.793398 255 244 255 0 0 255 251 255 7 -1.71269 250 246 251 8 0.950547 253 255 255 2 3.14159 255 255 255 2 -2.03444 253 253 253 4 2.89661 254 254 254 5 2.9442 255 255 255 0 0 
252 254 235 0 0 249 252 236 0 0 246 249 234 0 0 247 251 239 0 0 250 253 244 0 0 253 252 248 0 0 255 253 255 0 0 255 246 255 0 0 255 233 255 0 0 181 141 213 0 0 184 143 218 0 0 255 234 255 0 0 255 247 255 0 0 255 254 253 0 0 253 255 249 0 0 251 255 249 0 0 254 255 253 0 0 249 249 249 0 0 249 249 249 0 0 249 249 249 0 0 
