1 0 154 8 1.21203 3 8 160 11 -2.23184 0 4 144 8 -0.244979 0 1 146 14 1.07685 7 4 173 15 -2.44685 1 0 170 20 0 4 0 173 17 0.231091 6 0 170 4 0 3 4 154 2 2.03444 3 9 152 13 -2.7468 0 1 153 3 -0.321751 0 0 157 14 0.2783 0 0 167 3 0.321751 0 0 169 6 -2.03444 0 0 162 11 0.266252 0 0 165 2 2.03444 3 0 170 8 -2.35619 0 0 159 13 0.528074 7 5 154 9 2.81984 12 11 151 0 0 
4 2 156 3 -2.55359 0 1 153 9 0.708626 0 11 156 5 -2.60117 0 7 154 11 -0.54042 0 0 155 84 0.26212 10 17 180 98 -0.0306027 9 12 180 61 -0.146484 2 4 169 20 -0.244979 0 2 159 13 -0.732815 0 0 148 23 0.444419 0 2 161 12 0.896055 4 11 174 9 -2.27942 0 5 167 41 -0.121352 0 1 162 69 0.115427 0 9 167 45 -0.197396 0 0 160 27 -0.110657 0 0 161 12 1.32582 7 6 169 14 -1.91382 0 0 145 8 1.10715 8 6 149 0 0 
2 0 150 8 1.44644 3 8 160 7 -2.26553 0 3 158 16 0.785398 0 18 167 102 0.702257 49 89 225 86 0.453339 87 129 255 51 -0.880996 47 88 221 66 -0.849141 2 32 181 116 -0.128597 0 8 180 50 0.0399787 5 6 188 5 -0.54042 4 4 182 4 -1.5708 0 4 172 101 0.406189 22 50 204 99 0.232814 42 77 221 58 -0.2783 29 61 204 81 -0.337253 7 32 178 115 -0.236558 0 1 157 64 0.0624188 0 5 159 11 -2.67795 0 1 149 4 0.463648 4 4 148 0 0 
0 1 153 6 0.321751 0 4 155 11 1.22203 0 17 167 102 0.868539 57 99 242 85 0.885067 120 168 255 70 -3.04192 111 163 255 103 -2.85664 82 131 255 79 2.85982 107 149 255 87 -1.94704 35 60 230 84 -0.532323 0 14 191 25 -0.321751 0 7 179 101 1.06752 79 98 255 60 0.820678 112 147 255 76 -2.90298 90 132 255 74 3.07413 101 139 255 52 2.98894 112 147 255 77 -1.29779 41 71 214 106 -0.71883 0 0 145 26 0.345556 0 6 153 5 2.9442 6 6 154 0 0 
0 6 163 7 3.14159 0 10 157 74 1.35503 45 93 219 90 0.816638 104 159 255 76 -2.28226 50 91 247 76 -2.65469 17 50 220 33 -2.96174 11 41 219 72 1.99742 74 110 255 86 2.86011 92 141 255 95 -1.84622 0 52 196 62 0.276097 21 68 213 95 1.01776 105 145 255 125 -2.53807 34 66 245 51 -2.78282 18 48 227 43 2.47045 51 81 240 97 2.1673 132 167 255 124 -3.01224 112 154 255 125 -1.5788 0 28 165 57 -0.377249 0 1 148 7 0.876058 4 5 157 0 0 
0 0 160 23 1.31561 2 26 176 121 1.36372 100 155 255 46 -1.59253 51 108 241 98 -2.26294 0 19 186 10 -3.04192 0 10 199 4 -2.35619 0 3 203 14 1.13839 0 21 209 81 1.62014 59 116 255 52 -3.02672 50 115 253 74 0.0943139 62 119 255 74 -1.84174 0 39 205 18 -2.1294 0 12 208 7 -2.55359 0 6 207 7 0.876058 0 19 198 13 1.7976 7 41 195 106 1.68352 104 156 255 80 -2.0512 40 85 212 78 -1.07859 0 7 153 9 -0.418224 0 0 154 0 0 
0 1 170 42 1.66575 26 47 209 95 1.32835 97 146 255 110 -1.79827 0 38 192 23 -1.65753 0 8 177 7 0.982794 0 7 193 7 0.876058 3 5 213 3 1.89255 0 11 213 33 1.48014 11 58 226 122 1.75212 126 182 255 128 -2.40012 44 90 255 76 -2.19863 0 20 211 12 -1.48766 0 0 212 14 0.493941 2 5 220 2 -2.35619 0 8 209 8 2.62245 0 23 194 81 1.44796 62 120 249 4 0.785398 70 126 245 97 -1.45788 0 17 162 15 -1.70335 0 0 154 0 0 
0 0 169 69 1.48406 47 68 237 45 1.76819 72 118 255 85 -1.41903 0 33 195 17 -1.33971 0 8 187 7 1.1659 4 9 202 0 0 8 2 215 8 0.950547 7 10 222 8 1.5708 0 29 216 48 1.82077 38 78 255 65 -2.54088 6 35 234 26 -2.49052 0 14 225 1 0 6 8 232 8 -1.92957 3 0 223 7 -1.71269 0 0 211 21 1.47584 7 29 211 74 1.51679 63 123 253 27 0.414507 77 138 254 110 -1.58898 0 14 161 9 -1.46014 0 0 159 0 0 
0 3 176 55 1.78947 34 60 228 69 1.84712 89 133 255 95 -1.3816 0 36 199 25 -0.785398 0 6 198 4 1.10715 6 3 213 7 0.785398 14 5 222 3 2.55359 13 7 226 4 -1.5708 0 7 218 7 0.694738 0 12 224 6 -2.46685 0 4 227 9 0.708626 5 8 236 12 -2.81984 3 3 233 6 -1.10715 0 0 224 4 -1.10715 0 0 216 26 1.05634 12 31 220 95 1.47634 90 147 255 36 -0.451453 75 136 254 109 -1.77358 0 15 162 10 -1.76819 0 0 161 0 0 
0 0 160 48 1.30095 14 44 203 108 1.85163 107 154 255 96 -1.78044 15 56 213 67 -0.530216 0 6 204 7 1.8491 9 5 224 4 -2.35619 10 0 224 7 0.694738 15 4 230 2 0.785398 9 8 232 13 -2.67795 0 2 227 13 0.628796 10 8 238 16 -2.22649 0 0 227 11 1.30454 6 6 236 12 -0.610726 0 1 225 7 1.97569 9 11 225 22 2.13411 21 41 226 123 1.30028 124 179 255 71 -1.51452 57 111 235 96 -2.02056 0 12 162 9 -1.98902 0 0 158 0 0 
0 12 163 16 2.89661 0 19 163 114 1.54449 85 140 255 47 -2.79998 69 118 255 98 -1.28129 0 6 199 63 0.0949517 2 1 224 10 0.588003 14 4 235 10 3.04192 15 4 238 12 -1.32582 0 0 224 20 0.996491 13 12 238 18 -2.35619 1 0 224 10 0 0 0 224 18 1.24905 12 18 245 27 -2.33056 0 2 218 14 -0.141897 0 7 200 67 1.25374 49 81 248 95 1.23908 132 181 255 128 -1.98902 22 65 198 61 -2.21755 0 8 158 6 -1.89255 0 0 156 0 0 
0 0 145 26 1.02401 0 22 165 66 1.66146 40 94 225 63 2.0274 92 149 255 59 -1.43603 43 78 248 92 -0.545985 3 20 217 33 -0.397079 0 0 221 22 0.661043 14 7 242 10 -2.76109 7 5 235 7 -1.5708 0 0 225 14 0.785398 13 10 233 5 -2.2143 7 6 229 7 -1.8491 0 0 223 13 1.20362 0 20 225 7 2.35619 1 38 206 95 0.881398 73 120 255 31 0.222082 83 128 255 120 -2.13816 0 24 167 19 -2.31917 0 4 157 2 -1.5708 1 0 156 0 0 
9 3 164 5 2.49809 0 10 166 44 1.68395 14 61 207 101 1.98602 96 158 255 77 2.98699 112 173 255 99 -1.82555 23 69 217 58 -0.463648 4 24 225 50 -0.2783 0 1 228 6 1.24905 5 7 231 5 2.60117 11 10 234 9 -2.81984 14 4 234 8 -2.78282 9 2 229 5 0 0 7 225 3 2.1588 0 21 210 92 0.869171 49 111 247 80 0.581082 95 161 255 101 -2.07407 24 61 205 62 -2.22067 0 6 161 3 -0.321751 0 4 157 1 3.14159 5 3 157 0 0 
13 0 160 4 2.67795 0 2 164 8 1.5708 0 14 174 57 1.69299 25 77 224 85 2.28963 89 149 255 93 -2.93793 71 127 255 30 -1.26988 48 83 255 93 -0.709785 0 12 214 44 -0.0227234 0 5 222 1 -0.785398 1 1 225 3 -0.588003 4 0 224 12 0.96007 10 11 229 12 -2.53087 0 13 208 79 0.965252 45 90 255 111 0.779029 113 182 255 87 -2.16835 48 110 234 106 -2.32309 0 19 173 14 -2.45586 0 4 169 5 -1.76819 2 1 157 1 -2.35619 4 2 152 0 0 
5 0 151 7 0.982794 2 3 161 1 0.785398 0 1 173 10 2.2143 0 11 181 30 1.94513 7 44 202 85 1.84426 86 129 255 103 2.81678 119 165 255 102 -2.1045 32 70 232 65 -0.731686 0 10 216 17 0.0587558 0 5 228 9 0.218669 2 9 226 9 -2.27942 0 12 202 73 0.717541 24 76 223 123 0.935425 117 181 255 84 -2.50757 71 127 255 123 -2.24681 0 24 182 19 -2.17308 0 0 174 1 1.5708 4 0 173 7 -2.44685 4 0 158 3 -1.24905 3 0 148 0 0 
5 3 153 3 1.89255 5 4 162 7 -2.26553 0 0 166 4 0.785398 0 0 173 16 1.44644 0 15 186 14 2.64765 0 27 186 80 1.74619 74 113 251 78 2.97434 87 122 255 106 -2.34286 16 30 226 20 -0.35299 11 17 230 62 -0.209974 0 8 210 78 0.758378 45 71 249 67 1.80863 102 151 255 105 -2.73297 58 112 243 101 -2.51789 6 44 200 42 -2.35619 0 7 179 8 -2.52134 0 0 176 6 -2.24554 2 0 165 2 1.10715 5 1 157 2 -2.03444 3 1 151 0 0 
3 1 155 1 -0.785398 0 0 155 2 1.10715 0 0 162 2 2.03444 0 1 166 1 2.35619 0 3 167 6 1.89255 0 9 173 17 2.03444 11 27 187 24 2.41495 27 41 207 31 2.57967 44 52 235 62 2.54917 81 84 255 63 -2.8698 62 68 255 55 -2.79128 43 53 231 44 -2.79857 26 42 208 39 -2.39189 0 18 177 13 -2.57486 0 8 174 7 -1.97569 0 0 168 3 -0.588003 0 0 162 0 0 1 0 159 0 0 3 1 155 1 1.5708 4 2 155 0 0 
4 1 157 1 -1.5708 1 0 156 1 3.14159 0 1 156 2 2.03444 0 2 160 0 0 0 1 163 1 0 0 1 164 6 1.89255 2 5 174 11 2.48055 7 11 183 16 -2.62245 0 2 177 26 1.7976 25 27 205 25 -2.81984 17 18 198 20 -2.67795 8 10 188 15 -3.00904 8 8 184 15 -2.53605 1 1 173 4 2.89661 2 2 172 6 -2.97644 2 3 167 6 -2.24554 0 0 158 0 0 1 1 155 0 0 1 1 155 1 1.5708 2 2 156 0 0 
5 1 156 2 -0.785398 2 0 154 1 0 0 0 154 3 1.5708 1 3 158 1 2.35619 0 3 162 3 -1.89255 0 0 161 2 -0.463648 0 0 164 3 0.588003 0 0 167 2 0 0 0 170 8 1.21203 3 3 179 8 -2.89661 1 1 177 6 -1.73594 0 0 170 1 0 0 0 169 0 0 0 0 167 4 -0.244979 0 0 165 1 2.35619 0 0 162 1 -1.5708 1 0 156 0 0 1 1 155 0 0 1 1 155 0 0 1 1 155 0 0 
7 4 157 0 0 3 1 154 0 0 2 0 154 0 0 0 2 157 0 0 1 2 160 0 0 0 1 163 0 0 0 0 165 0 0 0 0 169 0 0 0 0 172 0 0 0 0 170 0 0 2 1 175 0 0 0 0 170 0 0 0 0 169 0 0 2 2 170 0 0 0 0 162 0 0 0 0 162 0 0 1 0 156 0 0 1 1 155 0 0 1 1 155 0 0 1 1 155 0 0 
