134 191 247 8 -2.35619 128 184 243 10 0.71883 138 187 255 5 -2.2143 134 182 254 9 0.558599 143 183 255 26 3.14159 141 184 255 16 -3.01724 139 182 255 3 -1.89255 132 182 254 8 -0.124355 130 184 249 7 1.97569 135 193 252 8 -1.69515 127 187 241 5 1.3734 134 191 246 4 -1.32582 133 185 245 7 1.8491 144 190 254 12 -1.99742 136 176 248 15 0.694738 145 187 255 5 -1.9513 136 184 250 3 0.321751 133 186 249 4 0.463648 135 188 251 2 -2.67795 134 187 250 0 0 
129 183 243 12 0.674741 137 191 252 10 -2.76109 135 184 252 7 1.4289 144 189 255 45 -2.44967 117 157 240 48 2.93195 129 166 250 27 2.64517 140 180 255 54 3.03094 144 188 255 54 -2.91893 128 179 249 11 0.909753 137 190 253 6 -1.24905 131 185 245 5 1.3734 136 190 250 10 -2.42276 133 181 245 18 0.218669 141 183 252 9 2.43297 150 187 255 50 -3.06176 144 183 255 20 3.14159 139 186 254 6 2.81984 137 190 253 5 -0.927295 133 185 251 1 2.35619 134 187 250 0 0 
141 192 254 13 -2.03444 129 180 243 10 0.71883 140 183 255 31 -1.93334 113 152 231 45 -2.00475 73 107 196 37 1.0951 108 139 230 17 -1.51204 91 123 212 22 0.321751 96 131 217 49 1.81578 143 182 255 54 3.06765 145 187 255 8 -2.08994 138 182 253 5 -0.927295 134 179 247 21 1.12842 156 195 255 60 -2.7886 139 173 249 57 -2.4424 104 134 215 26 1.7976 128 161 241 24 2.53087 135 179 250 22 2.63875 142 192 255 8 -1.81578 134 183 251 1 0.785398 135 185 251 0 0 
137 185 249 2 2.35619 139 186 254 14 -0.982794 131 170 248 37 -1.67849 97 131 215 10 -2.63449 94 122 216 20 0.996491 113 138 234 16 2.95624 117 140 239 26 -1.83379 90 115 211 7 2.1588 96 123 214 57 1.21609 148 178 255 39 3.14159 146 180 255 2 2.03444 150 183 255 66 -2.35619 105 135 218 11 -0.785398 98 125 211 4 0.244979 101 125 215 23 0.54042 110 139 224 14 1.8491 115 157 232 37 2.26213 140 189 255 6 -2.24554 135 184 254 1 0 135 184 252 0 0 
137 182 249 12 1.5708 149 193 255 26 -1.96559 128 165 245 42 -1.71269 90 120 209 15 1.43824 110 131 230 11 -1.10715 102 119 222 12 1.40565 116 129 237 25 -1.98092 93 106 214 36 0.96007 123 138 241 9 -2.58299 116 135 234 38 1.64958 152 174 255 65 -2.40991 108 130 225 8 1.69515 118 138 233 13 -2.03444 106 125 222 19 2.10252 125 141 241 16 -2.35619 107 132 224 7 -0.876058 93 132 210 49 1.71269 136 185 255 1 3.14159 136 184 255 1 3.14159 136 185 255 0 0 
137 182 250 2 0.785398 141 182 255 22 -1.10715 124 158 241 34 -1.71681 94 121 212 21 1.02225 117 135 236 13 -1.344 107 119 227 11 3.14159 109 116 231 11 0.785398 119 124 239 2 0.463648 120 125 240 12 3.14159 120 127 238 15 -2.58994 110 120 228 14 0.2783 112 125 231 4 0.785398 115 128 234 21 -2.32395 99 112 218 23 0.694738 114 127 233 12 0.426627 114 136 232 18 -1.89255 86 125 204 56 1.33869 135 183 255 4 0 135 183 255 3 2.55359 137 185 255 0 0 
139 183 254 10 1.86225 151 191 255 36 -1.87531 119 153 236 31 -0.605545 105 132 223 10 1.67046 120 137 240 28 -1.89255 98 107 218 19 1.31347 121 123 241 3 2.55359 125 123 246 13 -1.20362 113 110 233 2 -2.67795 111 110 230 26 0.812419 128 130 248 8 -2.19105 119 124 239 15 -1.89255 104 110 223 20 0.956133 119 128 239 8 2.03444 125 136 247 20 -2.49809 108 129 228 3 2.81984 99 138 217 48 1.23606 139 188 255 8 -0.950547 132 181 251 7 1.8491 139 188 255 0 0 
134 180 251 2 0.785398 138 181 254 2 0.785398 143 180 255 45 -1.43824 104 131 221 11 0.179853 111 129 230 19 -2.4275 103 112 223 18 0.632749 118 119 239 15 2.44685 131 127 252 21 -1.99365 113 106 233 19 1.26492 132 125 252 8 -2.67795 126 122 247 7 -1.4289 118 116 239 2 1.5708 116 120 238 3 0.321751 115 123 236 5 -0.785398 109 120 231 5 2.9442 103 126 225 20 1.62075 115 154 233 41 0.989416 144 193 255 17 -2.23677 130 179 249 11 1.22203 141 190 255 0 0 
134 183 251 2 1.10715 138 184 255 6 2.03444 148 187 255 40 -1.69515 111 145 229 40 -0.643501 92 116 212 20 0.956133 115 129 235 19 -0.968509 104 109 224 13 1.49402 121 119 242 5 -1.19029 117 113 239 13 0.367174 124 117 244 6 0.896055 127 123 249 8 -1.10715 118 116 239 7 2.44685 119 123 241 14 2.9997 117 128 240 19 -0.748378 103 116 224 7 2.35619 101 126 222 45 1.30454 136 178 255 3 0.321751 133 183 249 2 0.463648 134 183 251 1 0 134 184 250 0 0 
133 185 251 2 -1.5708 131 183 250 11 0.348771 139 184 255 8 -2.78282 140 179 255 44 -1.48014 101 131 220 40 0.408149 122 143 242 37 -2.37506 101 112 223 14 1.6421 121 123 241 6 1.5708 129 127 251 11 -2.79282 126 122 248 7 2.35619 131 127 252 26 -2.40878 110 111 233 12 -0.244979 103 110 225 32 1.19029 130 143 251 45 -2.35619 94 113 216 22 1.70632 111 140 231 46 0.86217 139 182 255 1 0 135 185 251 1 0 135 185 251 1 0.785398 136 186 252 0 0 
132 186 249 9 1.15257 141 195 255 21 -2.38844 127 179 246 17 0.54042 140 185 255 17 -2.43934 134 171 253 51 -1.21203 92 119 210 29 0 97 114 217 17 1.03038 115 126 237 5 -1.3734 116 118 236 14 0.141897 118 119 241 12 -2.24554 108 109 231 15 1.1659 120 124 242 3 -1.24905 113 124 235 15 -1.1659 96 113 216 11 -0.266252 89 114 208 64 1.01711 139 173 255 7 0.982794 138 184 255 0 0 134 187 250 0 0 134 187 250 1 3.14159 134 187 250 0 0 
134 191 253 11 -1.5708 123 180 242 16 1.38545 141 195 255 21 -2.01317 125 174 244 27 0.811034 149 191 255 43 -2.10723 115 151 235 46 -0.444419 102 127 221 25 0.273009 113 130 233 26 2.83189 126 134 247 20 -1.86225 108 112 230 5 0.927295 110 117 234 9 1.15257 117 128 240 7 0.2783 116 133 236 24 -2.7686 103 127 223 26 2.27529 120 150 237 43 0.62025 141 179 255 3 2.55359 136 185 253 0 0 134 187 250 1 -2.35619 133 186 249 1 -2.35619 132 185 248 0 0 
134 191 253 8 -1.92957 126 183 245 4 1.10715 130 187 249 9 1.5708 141 195 255 24 -2.08994 123 172 242 34 0.909753 154 196 255 48 -2.26819 124 154 241 53 -0.946161 84 108 204 29 1.12207 117 131 237 11 -1.22203 107 118 229 7 2.44685 112 123 234 12 1.65394 123 137 243 31 -2.06261 91 113 209 17 -0.174672 85 112 202 90 0.927295 153 188 255 17 -2.27305 135 178 251 11 0.463648 136 186 252 1 -1.5708 132 186 249 1 -1.5708 131 185 248 1 0 131 185 248 0 0 
131 188 250 3 -2.1588 128 185 247 2 2.35619 130 187 248 3 -1.89255 129 184 245 13 1.10715 142 194 255 26 -1.91635 121 167 238 32 0.896055 151 188 255 61 -1.74921 96 123 214 61 0.296115 117 137 238 29 -2.33181 100 114 220 18 0.558599 110 124 230 4 -2.67795 106 124 225 10 2.76109 106 131 223 38 1.0612 137 169 252 14 0.493941 140 179 253 8 1.44644 145 190 255 7 -2.35619 134 186 252 1 -2.35619 132 186 249 0 0 132 186 249 1 0 132 186 249 0 0 
129 185 250 6 -0.463648 126 183 245 3 1.5708 129 186 247 8 0.519146 133 190 251 5 -2.49809 132 187 248 7 2.55359 139 188 255 6 -1.5708 137 179 255 9 1.15257 151 184 255 61 -1.74921 95 118 217 49 0.308931 114 131 234 11 -2.11122 104 121 224 9 -2.1294 94 115 214 37 1.07145 124 151 241 36 0.86217 148 183 255 7 -2.44685 140 182 251 5 0.380506 138 186 250 4 -2.89661 133 185 251 1 3.14159 132 186 251 1 2.35619 133 187 252 1 3.14159 133 187 252 0 0 
135 191 255 10 -2.07789 126 183 245 10 1.19029 136 193 254 9 -2.27942 129 186 247 5 -1.3734 126 181 242 11 1.03038 137 189 255 4 -2.67795 139 184 255 6 -1.89255 137 176 255 5 -0.643501 137 169 255 38 -1.38863 101 130 221 9 -1.24905 94 120 214 15 1.70335 107 137 226 51 0.868539 144 178 255 2 -2.35619 139 179 254 8 0.785398 143 188 255 7 -1.97569 132 183 246 2 1.5708 132 185 248 1 0 131 185 250 1 0.785398 132 186 251 1 1.5708 133 187 252 0 0 
132 186 249 0 0 132 186 249 0 0 132 186 249 0 0 132 186 249 0 0 132 186 249 0 0 132 186 249 0 0 133 185 252 0 0 135 184 254 0 0 135 183 255 42 -1.4289 95 140 214 28 -0.510488 81 126 200 58 1.0158 131 176 249 10 0.380506 133 182 252 6 1.40565 139 188 255 5 -2.60117 134 186 252 4 -1.81578 130 183 246 3 0.982794 133 186 249 0 0 133 186 249 0 0 133 186 249 0 0 133 186 249 0 0 
132 186 249 0 0 132 186 249 0 0 132 186 249 0 0 132 186 249 0 0 132 186 249 0 0 132 186 249 0 0 132 186 251 0 0 132 186 251 6 1.5708 138 192 255 23 -1.7005 115 169 234 18 -0.439843 107 161 226 37 0.900275 136 190 255 5 -1.3734 131 185 250 1 0 131 185 250 2 2.67795 132 186 251 3 -0.321751 131 185 250 2 0.463648 133 186 249 0 0 133 186 249 0 0 133 186 249 0 0 133 186 249 0 0 
132 186 249 0 0 132 186 249 0 0 132 186 249 0 0 132 186 249 0 0 132 186 249 0 0 132 186 249 0 0 132 186 251 0 0 132 186 251 3 1.5708 135 189 254 5 -2.60117 132 186 251 2 -0.785398 130 184 249 7 1.1659 137 191 255 8 -2.52134 132 186 251 4 -0.785398 129 183 248 6 1.24905 135 189 254 2 -1.10715 133 187 252 1 -2.35619 133 186 249 0 0 133 186 249 0 0 133 186 249 0 0 133 186 249 0 0 
132 186 249 0 0 132 186 249 0 0 132 186 249 0 0 132 186 249 0 0 132 186 249 0 0 132 186 249 0 0 132 186 251 0 0 132 186 251 0 0 130 184 249 0 0 134 188 253 0 0 133 187 252 0 0 130 184 249 0 0 135 189 254 0 0 131 185 250 0 0 136 190 255 0 0 132 186 251 0 0 133 186 249 0 0 133 186 249 0 0 133 186 249 0 0 133 186 249 0 0 
