250 255 255 10 -2.42276 243 246 254 3 2.81984 242 245 255 99 -2.65993 196 197 217 32 -0.915101 168 169 197 63 0.172861 179 179 209 50 0.384169 198 199 227 48 1.44644 246 248 255 98 -3.11099 247 246 255 2 1.10715 249 250 255 1 -2.35619 248 250 255 2 0 248 250 255 21 -2.9997 243 246 255 106 -2.63999 190 194 212 32 -0.69866 169 171 195 74 0.0809041 175 177 201 57 0.573441 208 209 230 38 1.80941 247 247 255 100 3.13159 248 248 255 5 -1.3734 243 244 255 0 0 
242 245 253 8 -0.244979 240 242 252 123 -2.39617 154 157 172 90 0.754158 214 217 238 21 0.91795 231 232 255 10 -2.63449 226 227 255 22 -1.43527 204 205 233 59 -1.22777 148 149 175 111 1.03499 246 247 255 102 3.14159 248 248 255 9 2.92292 250 251 255 26 -2.08525 227 228 242 117 -2.44685 150 153 168 102 0.716065 215 219 238 29 1.2598 241 245 255 36 -2.55359 221 225 249 26 -1.3078 199 200 221 64 -0.995724 147 146 166 138 0.831519 249 249 255 94 3.13095 250 250 255 0 0 
250 250 255 115 -2.07705 149 149 167 109 0.733497 220 221 241 14 2.45586 227 230 251 111 -3.09658 222 224 248 38 2.95942 227 231 255 5 -1.3734 222 226 251 35 -2.57702 205 206 232 64 -1.75902 144 144 168 121 0.872894 237 238 255 49 -3.1008 237 236 255 117 -2.11854 137 136 156 135 0.743756 227 228 249 47 -3.12032 224 227 248 20 -2.56729 211 215 239 24 0.756835 228 232 255 26 3.06482 232 234 255 114 3.10652 238 239 255 85 -1.5708 153 154 174 90 1.16155 236 238 255 0 0 
194 191 216 36 1.68145 228 228 252 19 -1.5708 207 209 233 106 -2.11444 114 118 142 73 1.18019 182 186 210 59 2.26124 228 232 255 52 -2.38321 192 196 221 3 -2.81984 191 195 220 40 0.732815 220 221 247 35 -1.28474 188 187 213 34 -2.7174 176 172 201 65 1.19596 235 233 255 58 -1.90342 178 179 205 54 0.562498 205 209 234 46 2.60117 229 233 255 27 -1.82447 201 206 231 114 -2.29454 116 119 147 120 1.37829 236 237 255 80 -2.48817 187 189 213 60 0.867566 233 236 255 0 0 
188 184 219 40 1.69515 226 225 255 74 -1.66511 152 152 182 75 -0.106265 142 145 173 80 0.0249948 143 148 173 88 0.54428 189 194 219 9 -3.03094 188 192 220 42 0.851966 221 224 252 8 2.08994 230 230 255 77 -1.81891 155 154 186 46 1.09744 198 194 229 33 0.571337 216 212 247 10 1.19029 224 223 255 57 -1.5708 165 168 196 85 0.727611 222 226 251 113 -2.13685 125 129 157 102 0.126768 139 141 171 90 0.349715 170 172 202 68 0.909753 224 227 255 33 -1.80863 191 195 220 0 0 
181 177 218 38 1.43997 219 216 255 9 2.1294 225 226 255 16 -2.95624 221 224 255 28 -3.07029 217 223 252 89 -2.68799 178 185 212 37 1.24905 216 220 249 26 3.14159 216 219 250 14 -2.55359 209 210 244 37 -1.2405 176 174 210 49 1.83528 224 221 255 10 -2.49809 218 215 254 18 2.8023 224 222 255 38 2.95942 229 231 255 83 -2.18546 160 164 193 71 1.21366 227 231 255 79 -3.091 224 225 255 22 -2.57828 212 213 247 10 0.380506 216 218 248 21 -1.4289 195 198 226 0 0 
186 182 224 28 1.5708 214 210 251 3 -0.982794 209 208 247 23 -2.44685 193 195 230 56 -1.85885 137 142 175 97 0.573799 188 195 228 8 -0.244979 188 193 226 63 2.91951 204 206 241 36 2.69014 220 221 255 60 -1.70335 161 160 200 53 1.43948 214 213 253 15 -1.50423 199 198 238 45 -2.80595 184 183 222 12 -2.89661 181 180 219 27 2.95848 185 187 222 50 -0.813169 146 150 185 87 0.696205 204 206 241 45 2.75699 221 223 255 21 -2.9997 218 221 252 38 -1.54449 180 184 213 0 0 
186 182 223 32 1.16189 216 213 252 32 -2.35619 191 190 229 23 -2.54154 175 178 216 56 0.898833 219 221 255 22 -1.89255 196 201 240 103 -2.36989 126 128 168 43 1.47804 169 171 211 65 2.46447 212 212 252 45 -1.74674 167 167 207 47 1.6557 215 214 254 70 -2.14299 156 155 195 17 1.10715 172 170 212 47 -2.75327 153 152 194 67 1.66011 218 220 255 15 -2.81984 213 215 255 53 -1.66486 162 163 201 61 0.669639 200 202 237 44 2.69814 219 222 253 52 -2.47886 187 191 220 0 0 
201 197 232 42 -0.141897 193 192 226 57 -2.80327 172 171 210 60 0.73892 210 212 253 8 2.89661 212 213 255 88 -1.62755 122 125 170 87 0.0688565 128 131 176 75 -0.158655 116 119 163 129 0.703614 202 204 245 72 -2.54214 161 163 203 22 0.625485 176 176 216 23 -2.54154 163 163 203 36 -1.76284 127 126 168 94 0.214061 147 146 190 90 0.699 203 203 251 7 2.35619 208 208 254 2 0 210 210 250 50 -1.5708 160 162 196 59 0.305879 178 182 211 69 2.3766 226 230 255 0 0 
243 242 255 102 -1.55119 139 139 169 85 1.21203 217 217 253 59 -2.93757 204 203 245 53 3.04753 207 207 255 66 3.08106 209 210 255 62 -3.04512 203 204 254 58 2.9341 215 217 255 120 -2.46815 142 143 187 52 0.785398 179 181 221 24 -1.65394 157 158 196 29 -0.0344691 156 156 196 72 1.05165 219 218 255 90 -3.10827 214 214 255 72 -2.91994 198 196 248 40 2.84309 210 210 255 71 -3.11343 210 211 249 59 3.0235 217 220 251 117 -2.27757 129 132 160 137 0.956484 240 245 255 0 0 
247 247 255 74 -1.55728 171 172 193 74 -0.10769 161 160 192 28 -2.89661 151 151 191 40 -0.197396 141 141 189 31 0.260602 147 148 199 24 -0.0416426 146 147 198 35 -0.785398 121 122 172 88 0.688924 179 179 225 41 -3.09285 177 179 220 13 0.528074 184 186 226 10 2.55359 190 192 232 67 -1.94856 127 128 172 57 0.283096 143 143 191 41 0.398522 159 156 211 32 -0.674741 139 138 188 37 0.270947 152 152 188 12 -0.96007 142 146 171 66 1.55565 210 212 236 41 0.836202 239 244 255 0 0 
249 249 255 1 -0.785398 247 247 255 110 -1.56171 133 134 160 89 0.753663 192 192 228 46 -2.74515 171 172 216 5 0.380506 171 172 222 34 3.14159 171 172 223 22 0.945311 189 190 241 74 -2.34667 138 138 186 51 1.72639 189 189 235 37 -2.76109 175 177 218 12 -0.96007 165 167 208 17 1.74547 182 182 228 81 -3.12925 179 181 229 8 2.78282 182 182 236 17 -2.60117 175 175 223 22 -1.00748 161 160 192 41 -2.74307 147 148 169 132 0.780051 240 242 255 8 0.244979 242 245 255 0 0 
252 251 255 1 -2.35619 249 249 255 46 -1.52735 200 201 221 61 -0.878154 151 151 181 30 1.3734 178 179 217 37 -1.59782 139 139 185 47 1.71865 184 185 235 48 -1.82077 137 138 189 9 -1.68145 128 129 180 28 1.0122 152 153 203 35 2.23677 182 182 230 25 -0.896055 162 162 210 94 -2.43871 99 101 149 72 1.62629 171 173 221 23 -2.9694 167 168 218 19 1.19991 187 189 230 78 -2.0742 125 124 150 136 1.02155 243 243 255 7 1.1659 250 252 255 5 -2.2143 246 248 255 0 0 
253 251 255 2 2.03444 253 252 255 9 -1.5708 241 241 255 80 -1.48352 157 159 183 89 0.261326 177 180 211 73 -2.51179 132 134 174 53 0.904827 172 174 222 36 -1.62629 136 137 188 19 0.370891 143 143 197 18 -0.785398 130 129 185 70 1.19553 198 195 250 126 -2.11935 88 89 140 97 0.0720401 95 96 146 95 0.585112 146 150 198 33 0.891383 172 177 222 32 -2.1588 149 152 190 43 1.19029 196 197 217 70 0.755104 247 248 255 6 2.97644 248 250 255 3 0 248 251 255 0 0 
254 250 255 4 0.785398 255 253 255 3 -2.55359 249 249 255 2 -0.463648 245 247 255 122 -1.5544 119 123 148 128 0.390607 165 169 204 27 2.88792 170 173 217 17 -1.92957 154 155 206 20 3.04192 156 154 213 3 3.14159 156 154 214 26 -1.45592 130 128 188 56 1.3734 185 184 240 18 -2.55359 175 176 227 11 -2.60117 167 171 219 19 -2.39321 154 160 201 7 1.5708 165 170 201 102 0.819867 247 250 255 9 -1.68145 243 243 249 14 0.785398 253 254 255 1 3.14159 253 254 255 0 0 
255 254 255 4 -2.35619 252 251 255 3 0.982794 253 253 255 1 -1.5708 249 251 255 7 -2.35619 240 244 255 97 -1.56049 141 144 172 104 0.270436 168 169 207 46 -2.44685 136 136 182 25 0.840897 155 152 207 6 1.5708 159 158 214 48 -2.76109 143 140 196 40 2.33865 170 171 222 47 -3.03561 167 167 213 23 -2.69717 155 160 199 17 0.0587558 158 163 194 105 0.818943 237 244 255 5 0.785398 248 250 255 2 0.785398 253 254 255 1 -1.5708 254 253 255 4 -1.32582 250 249 251 0 0 
252 253 251 3 0.588003 254 255 253 1 0.785398 255 255 255 10 -2.55359 247 248 252 6 0.165149 246 247 255 5 2.49809 248 248 255 109 -1.57997 135 136 162 113 0.204316 156 157 191 5 0.380506 157 156 198 59 -2.4275 116 116 162 25 -0.0399787 117 116 160 46 0.218669 127 127 167 46 2.66824 149 151 182 46 0.647811 179 181 205 82 0.742689 237 240 255 14 0.68573 248 251 255 2 0.785398 253 254 255 0 0 255 254 255 0 0 255 255 255 0 0 255 255 255 0 0 
255 255 252 0 0 255 255 252 10 -2.1588 246 247 243 12 0.785398 255 255 255 9 -1.5708 244 245 249 10 0.588003 248 249 255 5 2.60117 250 249 255 83 -1.5708 163 164 192 89 -0.569313 113 114 148 85 0.369684 143 144 182 21 2.09559 162 164 199 91 -2.16183 87 89 120 171 0.615504 188 191 212 77 0.730907 244 245 255 6 1.5708 251 254 255 6 3.14159 253 255 255 3 3.14159 255 255 255 0 0 255 255 255 0 0 255 255 255 0 0 255 255 255 0 0 
255 255 252 6 -1.5708 249 250 246 6 1.24905 255 255 252 5 3.14159 255 255 254 1 3.14159 253 255 255 8 -1.69515 243 245 253 8 1.10715 250 251 255 10 -2.28963 238 241 255 43 -1.38685 193 195 225 76 -0.896055 132 134 168 92 -0.229232 111 114 145 175 0.716681 227 230 255 20 0.956133 246 250 255 9 -2.43297 244 246 255 6 0 245 248 252 4 0.785398 250 252 252 4 2.35619 255 255 255 0 0 255 255 255 0 0 255 255 255 0 0 255 255 255 0 0 
255 255 252 0 0 251 252 248 0 0 250 252 246 0 0 254 255 251 0 0 252 254 254 0 0 247 250 255 0 0 243 245 255 0 0 246 250 255 0 0 241 244 255 0 0 222 225 255 0 0 243 247 255 0 0 239 243 255 0 0 239 243 255 0 0 250 252 255 0 0 248 252 253 0 0 247 250 248 0 0 255 255 255 0 0 255 255 255 0 0 255 255 255 0 0 255 255 255 0 0 
