255 255 252 1 -1.5708 255 254 254 4 2.89661 255 250 255 2 3.14159 255 252 255 7 -2.55359 251 252 248 5 0.785398 251 255 251 5 -2.35619 246 248 255 2 0.785398 244 251 255 2 0.785398 246 255 255 3 3.14159 244 255 252 8 -1.81578 236 251 243 10 0.643501 244 255 247 2 0.785398 250 255 248 4 -1.5708 249 253 247 5 0.643501 254 253 255 2 2.67795 255 253 255 1 3.14159 255 254 255 5 -1.76819 250 251 249 7 0.785398 255 255 252 1 3.14159 255 255 252 0 0 
255 255 254 5 -1.5708 252 250 250 5 0.54042 255 251 255 4 -1.10715 251 247 252 8 0.785398 255 255 254 6 -2.46685 251 252 250 4 0.463648 251 251 255 2 0.785398 251 254 255 4 -2.35619 247 252 253 3 0.321751 246 255 252 2 1.10715 248 255 254 2 3.14159 250 255 252 0 0 251 255 249 0 0 255 255 251 3 -2.1588 254 251 253 3 0.588003 255 252 255 1 0 254 253 255 4 2.89661 255 255 254 1 -1.5708 254 255 253 1 -0.785398 253 254 250 0 0 
255 255 255 5 3.14159 255 255 254 0 0 255 255 251 1 3.14159 255 255 252 5 -1.76819 254 249 251 7 2.35619 255 253 255 0 0 255 254 255 3 -1.5708 255 252 251 4 0.785398 255 254 255 5 -2.9442 255 253 255 1 -0.785398 253 252 255 2 2.35619 255 254 255 8 3.14159 255 255 251 2 -1.5708 255 255 247 2 1.5708 255 255 252 3 3.14159 255 255 254 5 -1.76819 252 249 251 6 0.896055 255 254 255 0 0 255 255 255 4 -1.5708 251 252 250 0 0 
248 250 250 7 0.785398 253 255 252 1 -1.5708 254 255 246 3 3.14159 255 255 250 9 -1.46014 252 238 255 14 0.785398 255 245 255 51 3.14159 255 249 255 56 3.14159 255 250 255 70 -3.07029 255 244 255 43 3.02583 255 247 255 7 -2.55359 255 242 255 5 -0.785398 252 237 255 43 2.95765 255 244 255 96 -3.12076 255 242 255 88 -3.13023 255 245 255 50 3.10161 255 249 255 4 3.14159 255 251 255 1 0.785398 255 254 255 4 3.14159 255 254 255 1 -1.5708 254 253 255 0 0 
251 255 254 6 3.14159 251 255 251 4 -1.5708 251 255 243 4 1.10715 255 254 255 6 3.14159 255 241 255 96 -2.58519 215 184 239 70 -3.07029 211 182 227 14 -1.22777 197 169 212 29 0.832981 218 190 236 87 2.64225 255 231 255 101 3.08226 255 235 255 89 -2.53179 211 178 252 90 -2.61831 164 124 226 77 3.06383 170 129 234 89 2.71773 207 175 252 128 2.75819 254 233 255 104 3.09355 255 247 255 12 -2.81984 251 248 255 5 0.927295 255 253 255 1 3.14159 255 254 255 0 0 
244 249 250 8 0.785398 251 255 255 2 -1.5708 253 255 249 8 -2.62245 253 244 255 83 -1.99146 180 153 209 43 -2.04465 143 107 183 90 0.878875 215 177 253 16 0.0624188 216 176 255 82 -2.00742 139 97 192 33 2.57026 155 113 214 77 2.68944 187 148 246 57 -1.81578 130 85 205 62 -0.774163 86 28 187 13 0.0767719 85 27 192 8 0 85 36 174 63 1.50739 148 113 210 120 2.20933 243 229 255 62 2.966 254 250 255 1 0 254 251 255 3 2.81984 255 253 255 0 0 
250 250 255 2 3.14159 251 251 255 9 -1.68145 244 243 252 32 -1.28824 215 206 232 73 -2.13229 157 131 195 52 0.8394 196 161 252 61 0.470894 224 183 255 64 -2.24554 174 126 255 91 -2.30198 104 48 207 36 -2.41495 78 22 189 90 1.43824 166 117 255 62 3.09324 167 117 255 109 -2.37555 91 27 230 19 -2.9341 87 18 235 8 -2.67795 83 18 224 13 -1.93797 72 21 178 107 1.53343 181 160 223 97 2.27607 255 250 255 4 -1.81578 251 247 255 4 1.5708 255 252 255 0 0 
249 248 255 2 0.463648 250 249 255 1 2.35619 251 249 255 79 -1.58345 174 163 203 20 2.49809 186 160 243 69 2.11866 243 209 255 81 -2.18252 175 135 255 75 -1.93419 102 56 216 44 -2.25972 64 11 204 15 1.70335 78 24 225 20 2.25311 94 46 229 37 -2.76109 80 29 220 25 -2.46685 64 3 223 7 1.2925 72 5 240 11 -3.05093 73 4 238 7 -2.55359 71 19 197 41 1.83916 116 94 166 136 1.64419 254 248 255 3 -1.89255 251 247 255 5 0.785398 255 251 255 0 0 
253 254 255 3 -2.55359 251 250 255 2 0.463648 250 248 255 94 -1.56016 155 142 196 21 -0.380506 143 117 224 87 2.55994 188 155 255 113 -2.7135 135 103 255 104 -2.38321 60 26 197 11 -2.35619 48 11 205 8 2.62245 50 12 214 18 -2.81984 44 8 206 1 1.5708 47 7 209 7 2.1588 57 8 224 17 -2.78282 53 0 221 6 2.46685 60 4 223 11 -2.23184 56 12 179 42 1.81003 104 85 154 152 1.25112 253 247 255 2 1.5708 255 251 255 3 3.14159 255 251 255 0 0 
252 253 251 3 0.982794 253 255 255 0 0 251 251 255 75 -1.59746 171 165 214 121 -0.978238 67 45 151 32 0.588003 78 51 195 52 -2.75407 50 26 188 22 -2.96174 41 18 194 18 -2.75099 31 8 194 8 -2.19105 22 0 191 12 1.40565 36 10 204 14 -2.9305 34 7 201 9 -2.43297 34 0 197 5 1.9513 42 5 199 9 2.92292 48 10 194 25 -2.64225 43 12 151 102 1.32344 151 137 195 117 0.973338 253 248 255 2 -0.463648 252 248 255 3 0.982794 255 252 255 0 0 
255 255 251 1 0.785398 255 255 252 4 -2.67795 249 254 252 5 -1.3734 239 240 255 142 -1.52154 90 81 162 134 -0.446982 25 8 135 37 0.186979 25 6 163 11 3.05093 19 3 175 7 2.35619 20 9 179 17 3.14159 18 10 177 10 -2.76109 16 5 175 8 2.67795 24 8 179 17 -3.08284 28 7 176 10 -2.9442 30 9 165 14 -2.30861 24 6 135 38 1.1659 66 54 144 187 0.84593 217 209 249 46 0.785398 255 251 255 1 -1.5708 254 251 255 1 0.785398 255 253 255 0 0 
255 255 251 4 -1.5708 251 253 247 3 2.1588 250 255 250 1 0.785398 246 252 255 28 -1.78189 213 210 255 144 -1.3897 62 57 148 145 -0.284891 14 5 132 37 0.186979 16 6 152 21 -2.80492 3 0 146 8 0.950547 10 7 153 17 -3.02448 10 3 154 7 -2.44685 7 0 146 7 2.26553 18 7 147 15 -3.00904 21 12 129 20 0.750929 41 38 117 202 0.788882 192 192 238 68 0.795707 250 248 255 0 0 255 252 255 3 3.14159 255 253 255 1 3.14159 255 254 255 0 0 
255 255 252 6 -2.03444 251 249 248 8 0.785398 253 255 255 6 -1.73594 244 246 255 6 0.674741 242 247 255 28 -1.49949 209 213 254 147 -1.3654 58 60 130 160 -0.317798 3 3 97 62 0.291457 17 14 130 34 -2.69093 0 0 124 10 2.1588 11 2 136 5 -2.35619 9 0 127 14 -2.86329 10 0 114 41 0.734594 44 38 119 202 0.774946 189 195 230 66 0.827926 243 252 255 1 0.785398 251 253 255 3 -2.1588 252 251 255 3 0.588003 254 253 255 3 -1.24905 251 250 252 0 0 
255 251 252 4 0.785398 255 255 255 5 -2.9442 254 253 255 2 3.14159 252 253 255 1 0.785398 250 255 255 2 3.14159 244 253 255 22 -1.79427 217 225 255 143 -1.41709 72 76 129 168 -0.447734 0 0 75 107 0.0931873 3 0 95 18 2.50884 16 8 108 27 -2.61352 4 0 88 84 0.50595 48 43 118 216 0.713626 194 194 242 63 0.729277 239 248 255 6 0.896055 250 255 252 2 -2.03444 251 253 253 2 0.785398 255 254 255 0 0 255 255 255 2 -1.5708 253 254 252 0 0 
255 253 255 5 -1.5708 252 248 253 5 0.380506 254 252 251 4 0.785398 255 255 252 2 -2.35619 253 253 253 3 -0.982794 246 249 253 7 0.785398 248 253 255 12 -1.5708 232 236 255 118 -1.47784 113 112 156 167 -0.734594 0 0 49 144 0.013888 1 1 47 144 0.622671 87 88 126 191 0.755777 221 222 248 35 0.785398 248 251 255 8 -3.01724 250 252 255 1 0 252 253 255 1 0.785398 255 255 255 0 0 255 255 254 3 3.14159 255 255 254 4 3.14159 255 255 252 0 0 
255 252 255 0 0 255 253 255 0 0 255 255 252 2 -2.03444 255 255 249 2 0.785398 255 255 254 0 0 255 255 255 0 0 253 255 255 1 -1.5708 250 253 255 5 -1.5708 244 243 255 92 -1.50567 150 151 172 101 -0.249775 125 128 143 162 0.711298 233 236 244 24 0.785398 251 255 255 8 -1.5708 245 247 247 11 0.785398 255 253 255 0 0 255 253 255 0 0 255 255 255 3 -1.89255 252 253 251 2 -0.463648 251 252 250 5 0.785398 255 255 252 0 0 
255 254 255 0 0 255 254 255 1 -1.5708 254 255 253 1 0.785398 255 255 254 0 0 255 255 255 0 0 255 255 255 0 0 255 255 255 1 -1.5708 252 254 255 1 1.5708 253 253 255 0 0 253 252 255 0 0 253 253 255 0 0 253 255 255 0 0 253 255 255 0 0 255 255 255 0 0 255 254 255 0 0 255 254 255 1 -1.5708 254 254 254 1 0 254 254 254 1 0.785398 255 255 255 0 0 255 255 254 0 0 
255 255 255 1 3.14159 255 255 255 2 3.14159 255 255 255 2 3.14159 255 255 255 1 3.14159 255 255 255 0 0 255 255 255 0 0 255 255 255 1 -1.5708 254 254 254 1 1.5708 255 255 255 0 0 255 255 255 0 0 255 255 255 0 0 255 255 255 0 0 255 255 255 0 0 255 255 255 0 0 255 255 255 0 0 255 255 255 0 0 255 255 255 0 0 255 255 255 0 0 255 255 255 2 3.14159 255 255 255 0 0 
254 254 254 6 -2.97644 253 253 253 5 3.14159 253 253 253 5 2.9442 254 254 254 4 2.89661 255 255 255 3 3.14159 255 255 255 1 3.14159 255 255 255 1 -1.5708 254 254 254 1 0.785398 255 255 255 0 0 255 255 255 0 0 255 255 255 0 0 255 255 255 0 0 255 255 255 0 0 255 255 255 0 0 255 255 255 0 0 255 255 255 0 0 255 255 255 2 3.14159 255 255 255 4 -2.67795 253 253 253 5 3.14159 253 253 253 0 0 
248 248 248 0 0 248 248 248 0 0 248 248 248 0 0 250 250 250 0 0 252 252 252 0 0 254 254 254 0 0 255 255 255 0 0 255 255 255 0 0 255 255 255 0 0 255 255 255 0 0 255 255 255 0 0 255 255 255 0 0 255 255 255 0 0 255 255 255 0 0 255 255 255 0 0 255 255 255 0 0 253 253 253 0 0 251 251 251 0 0 248 248 248 0 0 248 248 248 0 0 
