255 255 240 8 -1.5708 247 252 237 11 0.785398 251 255 255 3 -2.81984 247 253 255 5 -2.35619 243 250 253 5 2.11122 251 255 254 12 -2.97644 255 255 245 6 -2.46685 254 253 239 7 0.982794 255 255 251 8 -2.62245 255 251 248 7 2.9997 254 252 251 3 0.588003 250 255 253 15 -2.7367 243 250 245 9 0.708626 247 255 255 4 -1.32582 246 246 255 7 2.44685 251 251 255 9 -2.72337 251 250 254 4 -1.10715 247 248 246 11 0.785398 255 255 254 8 -3.01724 255 255 251 0 0 
255 255 247 6 3.14159 255 255 252 5 -2.49809 245 250 255 8 -2.89661 238 245 255 7 -2.7367 233 239 255 64 -3.07917 231 235 255 96 3.08956 241 241 255 114 3.09776 249 247 255 52 -3.04573 246 243 255 9 -2.72337 240 239 255 11 1.22203 248 249 255 25 -2.52134 229 233 255 37 2.7261 243 247 255 112 3.14159 243 246 255 118 -3.04864 235 233 255 61 3.10882 239 237 255 9 2.35619 249 249 255 10 2.9442 253 254 255 12 -2.41495 247 247 247 8 0.463648 251 252 248 0 0 
251 247 253 6 0.321751 247 247 255 7 -1.8491 230 237 255 15 -3.07502 222 229 255 188 -2.81817 155 159 240 138 -2.87913 117 119 214 81 -2.9805 106 105 203 101 2.41905 176 175 255 140 2.86721 216 221 255 169 3.08839 225 232 255 70 -2.94141 209 216 255 164 -2.97044 181 184 255 159 -2.73422 118 115 207 82 -3.06855 114 108 203 91 2.61431 164 158 240 136 2.7174 225 220 255 181 3.1195 234 233 255 10 2.85014 241 243 254 9 1.5708 251 254 255 6 3.14159 251 255 254 0 0 
253 250 255 6 -1.5708 240 240 255 23 -2.14717 210 213 255 220 -2.29518 32 39 126 15 -1.5708 8 11 139 20 1.10715 23 22 172 11 -2.23184 14 12 165 9 1.0122 23 24 166 7 2.55359 29 36 153 109 1.60748 140 147 255 150 -2.3515 31 38 155 13 -2.09887 21 21 151 4 0.244979 24 18 161 5 -0.54042 23 15 156 8 0.124355 27 22 145 4 -2.89661 33 30 122 175 1.56508 219 217 255 159 3.06001 237 239 255 3 2.1588 242 247 255 8 0.785398 248 255 255 0 0 
250 250 255 19 -1.77829 224 223 255 153 -1.58387 56 55 149 31 -2.49172 25 23 159 6 -1.5708 7 7 179 2 0.785398 2 4 192 7 0.404892 5 7 195 7 -0.404892 3 5 189 10 0.643501 11 12 192 7 1.2925 20 19 199 16 -2.62245 12 10 194 5 -0.197396 11 9 192 4 0.463648 15 13 189 2 3.14159 18 15 184 15 -2.35619 9 8 164 11 0.348771 22 22 146 15 1.43824 55 51 126 170 1.67046 232 233 255 17 2.47562 243 250 255 14 -2.79857 238 250 255 0 0 
242 246 255 17 -1.51204 218 219 255 176 -1.62755 28 22 139 6 2.03444 20 14 179 4 -2.03444 3 0 199 13 0.566729 3 3 217 8 2.78282 4 8 217 2 -2.03444 4 5 215 1 0 6 3 219 9 -1.46014 0 0 213 23 0.482513 8 3 226 4 -0.463648 6 2 221 5 -2.2143 4 4 206 9 -1.15257 0 0 188 23 0.482513 9 13 191 8 -2.52134 15 19 162 5 -0.785398 32 29 121 173 1.61124 216 214 255 27 2.72709 227 234 255 12 1.40565 239 251 255 0 0 
241 244 255 28 -1.5351 206 206 255 169 -1.55305 23 18 141 9 0.785398 16 10 181 10 2.07789 13 8 217 16 -2.31274 0 0 216 18 0.558599 5 3 223 1 3.14159 5 3 223 2 0 7 2 225 11 1.66146 18 11 240 8 -2.35619 10 1 241 11 -2.23184 0 0 229 5 0.643501 1 2 224 8 1.5708 9 16 220 18 -1.9614 0 5 189 6 1.24905 12 21 172 15 -1.5708 22 19 122 155 1.48712 189 186 248 39 1.26492 227 234 255 19 2.46685 239 251 255 0 0 
242 246 255 26 -1.72345 209 210 255 165 -1.48615 30 25 148 5 -1.03038 11 5 178 4 0.785398 3 0 206 15 1.24905 13 7 232 8 -2.19105 4 2 222 3 1.5708 9 4 225 3 -1.89255 6 0 226 8 0.785398 12 3 237 7 -1.8491 1 0 237 11 0.179853 2 0 239 4 -0.244979 0 0 228 1 1.5708 0 6 219 8 -1.32582 0 5 197 4 1.32582 10 19 177 7 -2.86329 35 31 137 154 1.6421 201 197 255 28 0.400241 212 219 252 24 1.44644 236 249 255 0 0 
240 245 255 8 -1.44644 225 226 255 176 -1.5197 35 29 146 81 -0.0616502 17 8 178 6 0.896055 12 3 207 7 2.44685 10 4 223 3 -2.55359 6 4 218 3 0.588003 8 5 221 4 1.5708 12 6 231 2 -1.10715 8 2 235 7 0.876058 11 6 245 7 -2.35619 4 2 238 7 -2.44685 0 1 226 3 0.982794 4 8 221 13 -2.40878 0 2 204 7 -0.588003 8 8 174 10 -0.588003 25 20 125 209 1.14772 229 225 255 13 -1.96559 217 224 251 24 1.61244 241 253 255 0 0 
243 249 255 5 0 236 239 255 104 -1.65712 119 117 213 127 -0.701795 25 19 166 7 -2.44685 9 2 189 10 0.927295 9 3 214 5 0.927295 9 7 221 6 -2.97644 6 4 224 5 1.3734 9 7 233 5 2.76109 10 7 240 5 -0.785398 2 2 240 7 -0.982794 0 0 232 5 0.54042 3 3 227 11 -0.909753 0 0 208 9 0.86217 11 10 203 4 -0.244979 24 21 174 71 1.69688 117 110 201 133 0.843534 227 224 255 8 -1.69515 219 226 241 26 1.14103 243 255 255 0 0 
251 254 255 14 -1.5708 230 234 255 13 0.152649 220 226 255 185 -1.55458 23 27 132 161 0.0434509 19 17 177 9 2.58299 15 9 210 8 -2.52134 3 0 222 7 0.876058 4 0 236 5 -0.197396 1 0 234 11 1.83705 8 11 246 9 -2.72337 3 5 247 11 -2.67795 1 1 239 5 1.76819 13 9 235 16 -2.4859 12 6 209 9 2.58299 28 22 187 18 -2.27942 26 22 141 223 0.854906 211 207 255 17 0.62025 228 229 255 8 2.67795 234 241 244 14 0.832981 245 255 246 0 0 
253 254 255 4 -2.89661 247 251 255 8 -1.44644 228 238 255 28 -1.24905 191 200 255 165 -1.35802 18 20 145 153 0.0391956 15 10 185 7 1.97569 15 5 219 6 2.03444 14 6 237 17 -2.60117 0 0 227 13 0.394791 1 4 233 7 -2.44685 0 0 230 9 0.418224 4 3 229 13 -2.61352 7 1 210 10 -0.507098 15 5 182 8 0.124355 28 21 148 204 0.788858 186 180 255 48 0.844154 230 228 255 15 -2.2143 224 225 239 22 1.30454 247 254 247 4 0 247 255 240 0 0 
251 250 252 4 1.10715 251 254 255 1 3.14159 243 255 255 8 -3.01724 235 245 255 45 -1.85808 182 186 255 155 -1.30398 23 21 151 164 0.042657 23 12 192 6 -1.24905 10 0 204 19 1.15257 19 15 228 19 -2.4275 0 2 216 10 1.67046 9 13 225 18 -1.9614 0 1 196 20 0.750929 25 22 192 10 -2.55359 33 27 158 196 0.771011 186 180 255 48 0.741947 230 223 255 7 -2.35619 227 226 246 11 0.266252 231 235 236 25 0.927295 253 255 248 4 -1.5708 249 255 238 0 0 
253 254 252 2 0.463648 250 255 253 9 -2.35619 240 249 246 10 -0.643501 229 238 251 14 0.737815 235 238 255 27 -1.49686 201 198 255 156 -1.45519 39 28 160 172 0 30 19 183 49 -0.101689 16 9 190 4 0.244979 10 9 195 4 1.10715 11 18 192 19 2.88427 21 29 182 46 -0.218669 25 29 148 229 0.67746 183 184 255 39 0.947597 235 226 255 10 -2.2143 234 225 245 11 1.22203 243 241 247 9 0.86217 248 252 247 5 1.5708 255 255 247 3 -2.81984 254 255 243 0 0 
253 255 252 9 -2.1294 245 248 246 9 1.0122 253 255 255 3 -2.1588 248 250 255 3 0.321751 249 248 255 11 -1.66146 235 231 255 12 -0.0831412 229 220 255 123 -1.48967 97 86 188 134 -0.380506 36 26 162 116 -0.00862048 26 23 168 18 -1.9614 4 14 138 148 0.484793 76 92 188 173 0.793528 213 228 255 15 -2.26553 215 223 253 3 2.1588 238 226 248 18 0.110657 245 231 243 21 0.652847 251 248 250 6 0.165149 250 251 247 2 1.10715 254 255 246 3 0.588003 255 255 247 0 0 
248 252 247 4 0.463648 250 253 251 2 0.463648 253 252 255 2 0.785398 255 254 255 3 -1.89255 254 252 252 2 0.785398 255 251 255 3 -1.5708 249 242 255 8 -1.32582 234 226 255 59 -1.4029 166 157 243 139 -1.09433 35 32 124 219 0.58421 151 160 234 81 0.828849 213 228 255 12 -2.41495 214 230 247 6 -0.674741 220 229 232 29 0.88035 255 249 255 2 0.463648 255 250 255 2 0.785398 255 254 255 4 -1.5708 251 252 248 5 0.785398 255 255 252 0 0 255 255 252 0 0 
254 255 253 1 0 254 254 254 1 0.785398 255 254 255 1 -1.5708 254 253 255 1 0 254 254 254 0 0 254 253 255 1 -1.5708 253 250 255 0 0 249 247 255 5 -1.5708 243 239 255 7 -0.694738 234 234 255 11 -0.661043 225 229 254 12 -0.321751 223 227 245 16 0.380506 231 237 242 14 0.737815 244 248 249 8 0.785398 255 253 255 1 0.785398 255 254 255 1 3.14159 255 255 255 0 0 255 255 254 0 0 255 255 254 0 0 255 255 254 0 0 
255 255 255 0 0 255 255 255 0 0 255 255 255 0 0 255 255 255 1 -1.5708 254 254 254 1 0 254 254 254 1 -0.785398 253 253 253 1 0 253 253 253 1 0.785398 254 254 254 2 -1.10715 252 252 252 5 -0.927295 248 248 248 7 -0.141897 247 247 247 8 0.244979 249 249 249 7 0.694738 254 254 254 1 0.785398 255 255 255 1 -1.5708 254 254 254 1 2.35619 255 255 255 0 0 255 255 255 0 0 255 255 255 0 0 255 255 255 0 0 
255 255 255 0 0 255 255 255 0 0 255 255 255 0 0 255 255 255 0 0 255 255 255 0 0 255 255 255 1 -1.5708 254 254 254 1 0 254 254 254 1 1.5708 255 255 255 0 0 255 255 255 0 0 255 255 255 0 0 255 255 255 1 3.14159 255 255 255 2 3.14159 255 255 255 1 3.14159 255 255 255 2 -2.03444 253 253 253 2 0.785398 255 255 255 0 0 255 255 255 0 0 255 255 255 0 0 255 255 255 0 0 
255 255 255 0 0 255 255 255 0 0 255 255 255 0 0 255 255 255 0 0 255 255 255 0 0 255 255 255 0 0 255 255 255 0 0 254 254 254 0 0 255 255 255 0 0 255 255 255 0 0 255 255 255 0 0 254 254 254 0 0 253 253 253 0 0 254 254 254 0 0 254 254 254 0 0 255 255 255 0 0 255 255 255 0 0 255 255 255 0 0 255 255 255 0 0 255 255 255 0 0 
