0 0 0 3 1.5708 3 3 3 3 -2.81984 2 2 2 2 -0.785398 0 0 0 5 0.927295 4 4 4 4 2.67795 6 6 6 8 -2.35619 0 0 0 10 0.380506 4 4 4 4 -2.67795 2 2 2 2 -2.35619 0 0 0 4 0 0 0 0 0 0 0 0 0 5 0 0 0 0 0 0 0 0 0 13 0.394791 5 5 5 7 -2.35619 0 0 0 3 0.982794 3 3 3 4 -2.35619 0 0 0 6 0.674741 4 4 4 4 -2.89661 3 3 3 0 0 
0 0 0 2 0 0 0 0 13 0.298499 4 4 4 4 -2.89661 3 3 3 45 -0.0665682 0 0 0 237 0 0 0 0 255 0.0391956 10 10 10 243 -0.0411291 0 0 0 156 0 0 0 0 5 0.785398 4 4 4 5 -2.35619 0 0 0 5 1.5708 5 5 5 5 -1.5708 0 0 0 137 0.0873683 12 12 12 231 -0.0519014 0 0 0 255 0.00784298 2 2 2 219 -0.00913217 0 0 0 44 0.113151 5 5 5 6 -2.24554 0 0 0 4 0 0 0 0 0 0 
2 2 2 11 1.75065 13 13 13 17 -2.31622 0 0 0 84 0.601074 48 48 48 280 0.739975 237 237 237 25 0.785398 255 255 255 6 -2.81984 253 253 253 97 -1.55018 156 156 156 181 -0.993497 4 4 4 234 -0.0170924 0 0 0 5 0 0 0 0 7 0.785398 5 5 5 260 0.530558 137 137 137 157 0.736111 243 243 243 16 0.785398 255 255 255 35 -1.8837 221 221 221 180 -1.38102 44 44 44 213 -0.20291 1 1 1 66 0.0454233 4 4 4 5 2.49809 7 7 7 0 0 
0 0 0 5 0.197396 1 1 1 69 1.58529 70 70 70 261 0.785398 255 255 255 8 3.14159 255 255 255 6 -1.89255 249 249 249 8 0.785398 255 255 255 6 3.14159 255 255 255 17 -1.5708 238 238 238 233 -1.50651 5 5 5 138 0 5 5 5 265 1.0142 230 230 230 30 0.927295 254 254 254 1 0.785398 255 255 255 11 -1.5708 244 244 244 15 0.785398 255 255 255 5 -2.76109 253 253 253 186 -1.56542 67 67 67 196 -0.347468 0 0 0 0 0 0 0 0 0 0 
5 5 5 5 -1.3734 0 0 0 263 1.31019 255 255 255 8 -1.5708 247 247 247 10 0.643501 253 253 253 2 1.5708 255 255 255 6 -1.5708 249 249 249 7 0.982794 255 255 255 3 -2.55359 253 253 253 110 -1.56171 143 143 143 107 0.0186894 145 145 145 147 0.775783 248 248 248 9 0.785398 255 255 255 0 0 255 255 255 5 3.14159 255 255 255 5 -1.5708 250 250 250 5 0.927295 254 254 254 2 -1.10715 252 252 252 252 -1.55889 0 0 0 70 0.0428309 3 3 3 0 0 
6 6 6 62 1.66727 68 68 68 200 1.20326 255 255 255 8 3.14159 255 255 255 2 -1.5708 253 253 253 2 0.785398 255 255 255 4 -2.67795 253 253 253 2 -0.463648 252 252 252 2 2.03444 254 254 254 4 -1.32582 250 250 250 5 0 250 250 250 7 0.785398 255 255 255 1 3.14159 255 255 255 7 -2.44685 250 250 250 6 0.896055 255 255 255 2 -1.5708 253 253 253 2 0.785398 255 255 255 5 3.14159 255 255 255 185 -1.59782 70 70 70 88 -0.761403 9 9 9 0 0 
0 0 0 140 1.5708 140 140 140 107 1.48688 247 247 247 11 0.785398 255 255 255 6 3.14159 255 255 255 4 -1.5708 251 251 251 5 2.2143 255 255 255 4 -1.81578 251 251 251 5 0.785398 255 255 255 1 3.14159 255 255 255 3 3.14159 255 255 255 1 -1.5708 254 254 254 5 -2.11122 249 249 249 6 0.896055 254 254 254 1 0.785398 255 255 255 8 3.14159 255 255 255 5 -1.5708 250 250 250 4 0 250 250 250 116 -1.52772 134 134 134 131 -1.44076 4 4 4 0 0 
0 0 0 149 1.55066 149 149 149 113 1.93163 255 255 255 6 -1.5708 249 249 249 8 0.785398 255 255 255 7 -1.97569 248 248 248 6 1.10715 254 254 254 1 0.785398 255 255 255 2 -2.67795 254 254 254 2 -1.10715 252 252 252 3 1.89255 255 255 255 4 -1.5708 251 251 251 4 0.463648 253 253 253 2 2.35619 255 255 255 8 -1.5708 247 247 247 8 1.21203 255 255 255 1 -2.35619 254 254 254 2 2.67795 255 255 255 104 -1.5708 151 151 151 155 -1.82355 0 0 0 0 0 
3 3 3 106 1.59909 109 109 109 174 2.14765 255 255 255 3 3.14159 255 255 255 5 -2.60117 252 252 252 3 -0.321751 251 251 251 5 0.785398 255 255 255 2 -2.35619 253 253 253 2 2.35619 255 255 255 4 -1.5708 251 251 251 5 0.785398 255 255 255 1 3.14159 255 255 255 4 -1.5708 251 251 251 4 1.81578 255 255 255 5 -2.11122 250 250 250 6 0.674741 254 254 254 2 -1.10715 252 252 252 4 0.785398 255 255 255 143 -1.60575 112 112 112 154 -2.38371 6 6 6 0 0 
0 0 0 14 1.22777 14 14 14 238 1.62955 252 252 252 139 -3.12721 250 250 250 7 0.785398 255 255 255 4 3.14159 255 255 255 2 -2.03444 253 253 253 6 -2.81984 251 251 251 5 0.785398 255 255 255 8 3.14159 255 255 255 5 -2.9442 254 254 254 1 0.785398 255 255 255 5 -1.9513 250 250 250 5 0.380506 252 252 252 3 0.982794 255 255 255 0 0 255 255 255 3 3.14159 255 255 255 5 -1.9513 250 250 250 298 -2.14858 0 0 0 7 0 0 0 0 0 0 
5 5 5 7 -2.35619 0 0 0 113 1.50893 113 113 113 181 2.24296 255 255 255 151 -3.11511 251 251 251 3 1.24905 254 254 254 7 -1.4289 247 247 247 11 0.785398 255 255 255 8 -1.5708 247 247 247 8 0.358771 250 250 250 6 2.24554 255 255 255 2 -1.5708 253 253 253 2 0.785398 255 255 255 11 -3.05093 254 254 254 1 0.785398 255 255 255 8 -2.78282 252 252 252 3 0.321751 253 253 253 244 -2.39386 87 87 87 118 -2.39809 7 7 7 7 3.14159 7 7 7 0 0 
0 0 0 7 1.1659 7 7 7 8 -2.19105 0 0 0 104 1.49402 104 104 104 180 2.18333 252 252 252 230 3.12855 255 255 255 28 3.14159 255 255 255 3 3.14159 255 255 255 3 3.14159 255 255 255 11 -2.23184 246 246 246 12 0.785398 255 255 255 8 3.14159 255 255 255 11 -1.5708 244 244 244 15 0.785398 255 255 255 8 -1.5708 247 247 247 34 2.9105 255 255 255 312 -2.52432 74 74 74 104 -2.35619 0 0 0 2 0 0 0 0 3 0 0 0 0 0 0 
3 3 3 3 -2.81984 2 2 2 6 1.89255 8 8 8 10 -2.2143 0 0 0 22 1.5708 22 22 22 206 1.6777 227 227 227 221 3.02844 252 252 252 145 3.14159 252 252 252 4 -1.32582 248 248 248 9 0.785398 255 255 255 8 -1.5708 247 247 247 11 0.785398 255 255 255 2 3.14159 255 255 255 0 0 255 255 255 175 -2.89938 213 213 213 297 -2.34432 0 0 0 1 0 0 0 0 2 1.5708 2 2 2 2 2.67795 3 3 3 3 2.55359 5 5 5 0 0 
0 0 0 9 0 0 0 0 2 1.5708 2 2 2 2 -1.5708 0 0 0 0 0 0 0 0 12 0.610726 7 7 7 100 1.64068 107 107 107 181 2.20325 253 253 253 224 3.13266 255 255 255 0 0 255 255 255 7 3.14159 255 255 255 2 -2.03444 253 253 253 2 0.785398 255 255 255 274 -2.47481 85 85 85 113 -2.35619 5 5 5 6 -2.46685 1 1 1 1 -0.785398 0 0 0 3 0 0 0 0 0 0 0 0 0 7 0 0 0 0 0 0 
9 9 9 12 -2.35619 0 0 0 2 1.5708 2 2 2 2 -1.10715 0 0 0 10 1.5708 10 10 10 14 -2.35619 0 0 0 0 0 0 0 0 29 1.50194 29 29 29 227 1.69406 255 255 255 236 -3.11194 248 248 248 9 0.708626 254 254 254 1 0.785398 255 255 255 312 -2.37882 39 39 39 51 -2.42458 5 5 5 5 -1.5708 0 0 0 2 1.5708 2 2 2 1 1.5708 3 3 3 3 -1.89255 0 0 0 7 1.5708 7 7 7 8 -2.08994 0 0 0 0 0 
0 0 0 0 0 0 0 0 3 1.5708 3 3 3 4 -2.35619 0 0 0 0 0 0 0 0 0 0 0 0 0 2 1.5708 2 2 2 2 -2.67795 1 1 1 18 1.62629 19 19 19 236 1.64692 255 255 255 142 3.14159 255 255 255 266 -2.1286 29 29 29 41 -2.35619 0 0 0 7 0.785398 5 5 5 7 -2.35619 0 0 0 2 1.5708 2 2 2 0 0 2 2 2 2 -2.35619 0 0 0 3 1.5708 3 3 3 4 -2.35619 0 0 0 0 0 
0 0 0 0 0 0 0 0 0 0 0 0 0 0 0 0 0 0 0 0 0 0 0 0 0 0 0 0 0 0 0 0 0 0 0 0 0 0 1 1.5708 1 1 1 112 1.57972 113 113 113 113 3.13274 114 114 114 156 -2.32453 0 0 0 5 1.5708 5 5 5 5 -2.11122 0 0 0 0 0 0 0 0 2 1.10715 2 2 2 2 -2.35619 0 0 0 0 0 0 0 0 0 0 0 0 0 0 0 0 0 0 0 0 
0 0 0 0 0 0 0 0 0 0 0 0 0 0 0 0 0 0 0 0 0 0 0 0 0 0 0 0 0 0 0 0 0 0 0 0 0 0 0 0 0 0 0 3 0 0 0 0 7 1.5708 7 7 7 9 -2.35619 0 0 0 5 0.380506 2 2 2 2 -2.03444 0 0 0 4 0.244979 1 1 1 5 -0.197396 0 0 0 2 0 0 0 0 0 0 0 0 0 0 0 0 0 0 0 0 0 0 0 0 0 
0 0 0 0 0 0 0 0 0 0 0 0 0 0 0 0 0 0 0 0 0 0 0 0 0 0 0 0 0 0 0 0 0 0 0 0 0 0 3 1.5708 3 3 3 4 -2.35619 0 0 0 6 0 0 0 0 5 1.5708 5 5 5 6 -2.46685 1 1 1 3 1.24905 4 4 4 4 2.67795 6 6 6 7 -2.55359 2 2 2 2 -2.35619 0 0 0 0 0 0 0 0 0 0 0 0 0 0 0 0 0 0 0 0 
0 0 0 0 0 0 0 0 0 0 0 0 0 0 0 0 0 0 0 0 0 0 0 0 0 0 0 0 0 0 0 0 0 0 0 0 0 0 0 0 0 0 0 0 0 6 6 6 0 0 0 0 0 0 0 0 0 0 0 0 2 2 2 0 0 0 0 0 0 0 0 0 0 0 0 0 0 0 0 0 0 0 0 0 0 0 0 0 0 0 0 0 0 0 0 0 0 0 0 0 
