0 3 110 3 3.14159 0 3 108 2 0.463648 0 5 108 3 3.14159 1 7 104 32 0.0624188 5 12 99 132 -0.0454233 0 7 91 146 0.0547398 5 12 105 96 0 2 8 113 3 1.5708 1 6 129 5 -2.9442 0 1 135 8 0.785398 3 7 142 17 -2.9105 0 6 133 10 -2.42276 0 4 115 11 -0.179853 0 6 104 88 0.0567572 5 13 103 138 -0.0579062 1 5 94 138 0 3 2 98 62 0.0644268 8 4 105 6 -2.67795 4 0 105 5 0.380506 6 2 108 0 0 
0 0 104 10 0.507098 2 6 108 15 -2.88099 2 3 101 119 0.297882 37 40 131 190 0.564717 141 145 226 47 0.168597 149 154 233 63 -0.71883 105 109 197 125 -0.869942 5 10 109 184 -0.0108691 2 2 120 28 0.354706 8 9 137 17 -1.5708 0 0 121 24 0.205395 0 0 121 21 0.588003 12 16 121 182 0.424356 88 95 188 114 0.502843 147 152 237 37 -0.212938 141 144 229 90 -0.988891 65 66 157 149 -0.442693 1 0 96 140 0.0570808 9 7 107 11 -2.11122 0 0 99 0 0 
15 11 107 21 -2.01317 0 0 87 139 1.11679 123 118 209 100 0.955176 207 203 255 35 -2.79282 197 194 255 93 3.04512 204 205 255 104 -3.05527 195 193 255 43 2.98022 198 196 255 160 -1.71445 37 31 140 137 -0.124355 17 11 130 29 0.236849 24 17 138 11 -0.0906599 25 19 132 206 0.88848 186 184 255 19 2.65469 197 197 255 34 -2.9105 193 192 255 93 3.08788 196 197 255 101 3.05272 201 203 255 68 -2.10622 139 143 232 141 -1.36367 1 3 97 79 0.165149 14 16 111 0 0 
6 1 100 51 1.5708 59 52 149 151 0.940539 183 174 255 26 -2.79604 174 167 255 133 -2.57429 104 98 179 69 -3.11262 102 97 176 98 2.58729 152 148 230 130 2.9337 177 172 255 79 3.14159 173 167 255 126 -1.78519 48 40 157 97 -0.11292 38 28 148 161 0.820471 156 149 255 13 1.5708 171 166 255 60 -3.00904 165 161 250 161 -2.71394 102 96 178 85 -3.10631 97 92 177 97 2.26159 165 166 255 121 3.10029 166 171 255 90 -1.74867 77 80 178 110 -0.734161 3 6 104 0 0 
1 0 108 140 1.58508 141 137 250 18 2.70175 151 143 255 110 -2.06289 55 46 163 28 -1.32582 29 20 131 19 -2.0577 10 4 113 14 0.588003 17 11 122 76 1.55764 91 86 201 95 2.56522 141 136 255 76 3.14159 139 135 255 24 3.05845 143 137 255 32 2.88904 151 146 255 87 -2.57574 106 102 215 132 -2.34556 13 8 117 5 -1.19029 11 2 113 26 0.837981 29 22 133 21 2.28963 40 39 149 110 1.55262 148 149 255 59 2.99022 157 158 255 182 -1.8491 0 0 93 0 0 
0 0 115 129 1.31269 117 116 242 48 -2.54784 92 86 221 43 -2.09559 54 47 186 45 -1.83705 11 3 140 4 1.5708 14 8 143 3 -2.1588 9 6 139 7 -2.44685 4 1 134 56 1.4289 58 56 192 70 2.31622 108 108 244 92 -3.0873 105 104 237 85 -2.71981 70 71 199 91 -2.34081 6 5 131 1 0 8 5 131 12 1.07145 20 13 147 20 -2.49809 8 1 136 32 1.47732 39 34 167 49 1.40896 86 84 214 31 2.53605 104 103 231 72 -1.86624 35 34 160 0 0 
14 23 157 55 1.90404 66 73 212 12 -2.29744 59 60 210 32 -2.11645 31 30 186 48 -0.713061 0 0 153 6 2.81984 1 2 154 9 -2.35619 0 0 145 22 0.404892 1 5 153 3 3.14159 1 5 154 8 1.5708 7 14 161 10 2.07789 18 24 167 26 -2.22187 0 4 143 9 -0.110657 0 4 141 5 1.19029 5 7 149 11 -1.48014 0 0 143 9 0.86217 2 0 153 37 1.54378 39 35 190 21 0.785398 54 51 204 26 2.08525 77 75 225 61 -1.80003 17 15 164 0 0 
0 1 148 62 1.58692 55 62 213 18 -1.68145 37 41 200 26 1.76078 63 65 229 75 -1.65063 0 0 153 8 0.124355 0 0 152 21 1.61838 10 15 170 16 -1.9513 0 1 155 4 0.785398 0 2 161 3 1.5708 1 6 163 10 -0.197396 0 4 159 4 1.10715 3 10 161 8 -2.03444 0 3 150 8 0.463648 0 6 155 6 -1.5708 0 0 155 6 0.321751 0 0 161 51 1.66852 51 46 215 14 -1.13839 38 33 202 22 1.70632 60 57 220 46 -1.7005 14 12 172 0 0 
0 0 154 61 1.60357 56 56 216 40 -2.60117 35 34 198 25 1.5708 58 60 222 64 -1.88762 0 0 158 17 -0.463648 0 0 147 21 0.817645 5 10 163 15 -2.7367 0 3 160 7 0 0 0 165 13 1.20362 12 11 181 13 -2.30361 2 2 170 4 -0.463648 0 1 165 5 0.785398 6 8 163 7 -2.55359 2 4 158 9 3.14159 2 4 159 9 -1.5708 0 0 155 62 1.42664 53 51 224 23 -1.87885 31 29 203 19 1.51821 52 49 218 61 -1.88737 0 0 157 0 0 
0 0 155 28 1.67753 23 19 184 25 2.55359 37 33 199 7 2.44685 40 39 203 30 -2.16797 15 15 175 30 -0.30092 4 8 163 13 -1.8693 0 0 152 16 1.19029 6 8 170 2 -2.35619 4 2 176 1 -0.785398 5 0 178 3 1.89255 8 2 179 3 -0.588003 6 3 173 6 -1.40565 0 0 162 7 -1.1659 0 0 152 16 0.571337 2 2 162 11 3.14159 2 1 165 59 0.88035 46 44 218 21 -2.42276 31 30 204 9 -3.03094 31 31 199 47 -2.20582 0 0 158 0 0 
0 0 150 10 1.67046 5 0 162 29 1.70786 33 26 195 12 -2.64225 25 19 190 21 1.66575 44 42 208 42 -1.52321 2 0 166 7 -0.404892 0 0 163 9 0.785398 6 3 173 7 2.9997 7 1 180 5 -2.60117 6 0 178 7 1.4289 13 4 184 8 -2.62245 9 2 177 6 -2.46685 5 1 167 4 1.10715 9 5 170 17 -1.92957 0 0 157 50 1.33063 40 37 207 11 -0.785398 30 28 202 12 -2.53087 23 21 194 22 -2.07364 5 4 168 17 -2.47562 0 0 154 0 0 
0 0 141 7 1.4289 1 0 151 22 1.83705 22 16 181 14 2.9305 23 17 188 25 1.61077 46 42 215 43 -2.12696 7 5 178 27 -0.110657 4 2 175 7 -1.4289 0 0 168 3 1.89255 2 0 173 3 1.5708 7 0 176 1 -1.5708 6 0 173 2 -2.35619 4 0 168 3 1.89255 7 3 168 6 -2.46685 1 0 165 10 2.9442 1 0 172 60 0.844154 46 44 218 37 -2.37506 22 18 191 8 -1.81578 14 12 178 24 -1.90553 0 0 150 3 0 0 0 147 0 0 
0 1 126 1 3.14159 0 0 132 14 1.6421 6 7 159 20 2.25311 20 18 184 15 2.9442 20 20 192 13 1.7976 33 31 207 29 -1.67388 4 3 177 23 -0.388319 0 0 167 8 0.519146 0 0 168 5 2.49809 5 4 168 5 -2.49809 2 4 159 1 -1.5708 1 4 156 1 -1.5708 0 3 156 9 -1.89255 0 0 151 63 0.952368 38 40 212 22 -1.66146 16 17 191 4 -2.89661 20 18 184 17 -2.23677 10 6 165 16 -2.35619 0 0 147 6 -1.5708 0 0 138 0 0 
0 5 116 2 3.14159 0 1 123 3 0.588003 0 0 141 14 1.78189 5 4 167 19 2.28489 18 16 189 13 1.64757 30 28 204 21 -2.95337 26 25 199 25 -1.21203 2 2 172 19 -0.370891 0 0 162 7 0.404892 1 2 160 6 2.97644 4 5 155 6 -2.97644 1 6 151 7 -0.588003 0 2 149 35 1.06919 25 30 185 21 0.652847 34 38 210 40 -2.49809 12 14 186 8 -1.81578 11 10 168 21 -2.35619 0 0 146 6 3.14159 1 0 140 10 -1.9513 0 0 127 0 0 
0 3 111 5 1.9513 3 5 123 4 -2.03444 0 0 136 6 0.674741 0 0 151 27 1.5708 19 16 186 24 -2.84615 10 8 182 26 1.64757 36 34 208 30 -2.63449 21 20 190 27 -0.708626 7 3 169 34 -0.294235 0 0 155 6 0.165149 0 0 151 11 1.39094 11 11 159 21 0.336675 14 18 166 47 0.710909 43 47 202 46 -2.26553 4 7 176 6 1.40565 13 13 181 27 -2.27942 0 0 146 7 -2.1588 0 0 130 5 0.380506 1 0 128 6 -1.73594 0 0 119 0 0 
0 1 109 5 1.5708 3 3 119 4 2.35619 4 0 135 4 -2.89661 0 0 144 4 1.5708 0 0 155 14 1.78189 12 8 173 16 3.07917 13 9 174 33 1.63133 46 43 206 13 -2.67795 42 37 198 40 -1.97895 5 2 158 66 -0.0454233 3 1 150 68 0.43751 31 31 177 23 1.31561 54 55 199 45 -2.26272 15 19 168 5 -1.19029 10 10 170 19 -2.4275 0 0 154 7 -1.97569 0 0 135 3 1.5708 6 3 129 6 -2.46685 2 1 121 2 3.14159 2 2 118 0 0 
0 0 110 2 1.10715 1 0 116 2 1.5708 2 0 124 3 1.89255 3 0 133 2 2.67795 0 0 139 2 2.67795 0 0 144 15 1.8314 14 12 161 25 2.0169 37 35 184 22 -2.67795 27 25 174 62 0.808122 72 71 217 48 -2.99678 65 66 208 43 -2.47045 38 39 179 25 -0.480887 26 28 166 7 -0.588003 22 23 163 31 -2.35619 0 1 143 4 -2.89661 1 1 139 4 -2.03444 3 0 126 2 -2.03444 2 0 119 1 -1.5708 1 0 116 1 -1.5708 0 0 114 0 0 
0 1 111 3 2.81984 1 2 114 2 2.67795 1 1 119 3 2.55359 1 1 125 3 2.81984 2 0 130 1 -1.5708 0 0 132 8 1.5708 5 5 143 16 2.14213 19 18 158 56 1.91501 70 71 211 83 -2.56021 24 25 165 57 0.122195 31 33 171 58 0.54042 61 64 199 57 -2.61601 34 35 169 51 -2.46685 2 4 136 5 -2.2143 0 0 132 3 2.81984 3 2 130 5 -2.49809 3 1 121 1 -2.35619 4 1 117 1 -2.35619 3 0 115 1 -2.35619 2 0 114 0 0 
0 0 107 4 2.67795 0 0 110 2 3.14159 0 0 114 2 2.35619 0 0 119 4 2.03444 2 1 127 1 -1.5708 0 0 131 2 -0.463648 0 0 132 4 1.5708 0 0 138 5 2.76109 0 2 140 81 1.59548 81 84 219 92 3.14159 83 84 218 110 -2.4584 13 15 147 24 -2.27069 0 0 126 7 0.785398 1 1 131 8 -2.62245 0 0 127 3 0 0 0 124 1 0 2 0 119 1 -1.5708 3 0 115 1 -1.5708 2 0 114 1 -2.35619 1 0 113 0 0 
0 0 101 0 0 0 0 107 0 0 0 0 111 0 0 0 0 116 0 0 2 1 127 0 0 1 1 131 0 0 0 0 131 0 0 0 0 131 0 0 0 1 136 0 0 0 0 126 0 0 0 0 132 0 0 0 0 129 0 0 1 1 131 0 0 0 0 123 0 0 0 1 129 0 0 0 0 124 0 0 2 0 119 0 0 3 0 115 0 0 1 0 113 0 0 1 0 113 0 0 
