63 20 163 3 0.321751 64 24 160 17 0.489957 75 36 158 11 -2.67795 70 37 142 17 -0.463648 64 35 121 142 0.0492559 71 46 120 96 0.0727879 78 55 123 160 0.118933 97 71 147 119 -0.143083 78 46 147 24 0.165149 82 45 161 11 3.05093 83 44 166 9 0.110657 84 48 162 14 -1.91382 74 41 132 82 -0.0851594 67 40 114 138 0.424832 127 100 164 136 -0.391405 74 46 115 57 -0.0874953 67 37 120 139 0.0789721 76 42 143 15 -2.67795 67 27 152 5 0.54042 70 27 162 0 0 
66 27 159 13 1.5708 80 43 167 22 -2.25972 65 32 136 83 0.253674 88 59 145 198 0.635453 206 183 251 62 -0.672247 167 148 205 110 0.688924 237 221 255 22 -1.30454 215 196 253 117 -1.22492 104 78 156 107 -0.292347 71 41 136 41 0.528074 92 59 164 26 -2.62714 81 48 145 112 0.703819 156 129 203 83 0.4583 193 171 229 72 0.902507 253 230 255 121 -1.55427 131 107 165 142 0.570495 206 178 254 143 -1.41709 62 29 126 38 0.313621 72 34 154 6 -2.03444 66 24 155 0 0 
67 33 147 4 -0.244979 66 38 134 78 1.62203 146 125 193 137 0.816316 248 233 255 9 0.785398 255 243 255 28 -3.03486 254 245 255 9 -1.24905 245 239 250 15 0.927295 255 250 255 52 -1.98321 207 195 231 106 -1.1659 109 90 145 91 -0.429347 71 47 119 137 0.770015 167 145 210 110 2.54351 231 216 254 25 0.283794 238 228 251 14 1.3597 255 240 255 27 -3.03094 251 234 255 23 -2.01522 228 204 255 127 -1.55505 99 70 156 28 -1.78189 71 32 147 10 0.291457 74 32 157 0 0 
73 42 139 9 -1.5708 64 39 119 177 1.42969 242 227 255 13 1.5708 255 248 255 36 -2.27942 231 223 233 33 0.999459 255 254 255 12 -2.89661 255 254 246 27 -2.43297 236 236 230 18 0.982794 251 245 255 57 -1.50074 192 183 210 57 -0.393451 170 156 198 120 -0.890887 76 63 101 246 0.799724 255 247 255 30 -2.66324 243 236 243 16 -1.44644 228 219 229 26 0.566729 241 230 250 13 -2.40878 230 213 255 135 -1.5782 93 70 138 116 -0.103082 81 49 144 48 -0.144812 74 38 146 0 0 
75 46 132 16 1.75614 91 67 137 151 1.61712 244 230 255 12 -2.07014 235 227 238 23 0.635027 250 245 242 2 -2.35619 248 246 236 12 -1.89255 236 234 224 20 2.45928 248 245 240 9 1.24905 255 252 254 36 -2.92292 247 240 253 1 0.785398 248 239 255 11 2.96174 250 241 255 22 -1.79427 230 223 230 17 1.08084 245 240 242 13 0.298499 250 243 246 18 -1.35213 232 224 231 23 0 231 221 237 24 -2.29744 211 197 231 92 -1.04896 131 107 172 71 -1.11973 67 38 118 0 0 
72 47 121 13 1.04272 86 64 122 225 0.741401 240 227 253 18 2.27942 255 248 251 12 -2.53087 250 245 236 8 -2.67795 246 243 229 24 -1.73594 222 216 209 51 0.674741 252 247 244 36 -2.18152 222 217 216 35 0.944053 250 245 246 11 -1.66146 239 234 235 8 2.03444 245 243 243 9 -1.46014 238 234 233 22 1.10715 255 254 251 34 -2.99558 255 250 245 7 2.9997 255 251 246 48 -2.21018 215 212 208 55 0.912908 255 251 255 95 -1.59185 162 145 189 84 -0.743406 105 82 144 0 0 
81 59 118 172 1.68723 252 235 255 38 -2.41069 228 218 235 26 0.651077 245 240 239 5 -1.03038 242 239 225 8 0 244 238 225 24 0.96007 255 255 252 29 -1.80765 233 225 226 15 2.2143 243 238 237 8 2.08994 249 247 239 14 -1.8491 235 236 220 26 0.514451 248 250 231 5 0 249 247 236 28 -2.1588 225 223 213 23 1.26274 249 246 232 27 -2.25132 226 226 210 24 1.61244 249 250 234 8 1.69515 255 253 252 32 -1.85335 224 210 244 161 -1.44029 64 45 96 0 0 
61 39 97 162 1.48459 223 206 249 71 2.79762 250 240 253 2 -0.785398 248 244 239 5 3.14159 252 246 233 10 2.49809 255 252 239 39 -3.11596 255 248 245 31 -1.41088 226 215 217 31 0.561922 241 235 230 9 0.86217 246 245 231 19 0.748378 255 255 237 59 -3.05705 253 255 231 21 -1.2925 233 234 214 4 -2.89661 232 232 214 5 -0.380506 232 231 211 18 -0.270947 225 225 207 33 0.785398 248 248 234 6 3.14159 246 242 247 15 -3.07502 245 229 255 268 -2.41155 66 44 103 0 0 
75 50 118 81 1.55845 156 137 188 120 2.26235 252 241 255 83 -3.03358 243 239 234 21 -2.9997 244 238 225 25 -1.29779 219 213 200 47 1.11649 255 254 247 16 -2.57026 253 245 238 7 -2.55359 247 244 230 15 1.43824 255 255 242 77 -2.25562 200 203 178 66 1.13417 255 255 237 50 -2.48228 229 232 206 15 0.551655 237 240 215 16 0.741947 250 249 228 1 1.5708 249 248 234 6 -1.73594 242 237 239 9 -1.15257 231 219 249 186 -1.51173 45 21 86 51 0.62025 75 45 128 0 0 
76 43 134 7 0.404892 79 53 123 88 1.73035 168 153 185 68 0.877917 222 215 220 32 0.872136 249 243 236 13 -2.19959 240 234 221 12 0.674741 250 241 231 17 -3.08284 247 241 228 4 1.10715 249 246 231 36 -1.48766 213 211 193 51 0.333945 228 228 210 18 -0.439843 220 221 201 33 0.721655 242 243 223 13 0.566729 249 250 230 4 -2.89661 250 248 230 4 3.14159 248 244 239 7 -0.141897 246 235 255 8 -0.244979 242 223 255 161 -1.84739 87 56 141 37 -0.439843 71 34 136 0 0 
81 40 162 20 -2.03444 63 29 130 146 1.4405 210 187 249 132 2.9131 242 228 255 176 -3.11887 241 233 234 8 2.08994 248 245 231 21 -1.046 231 226 211 26 0.758378 249 243 230 21 2.90785 252 248 237 22 2.67795 255 255 248 22 -2.41861 245 243 233 6 0 245 243 233 8 1.44644 253 249 244 8 -1.69515 245 241 236 6 -2.97644 246 240 233 17 2.43934 255 247 254 24 3.14159 254 238 255 94 -2.53605 198 174 239 131 -2.51782 121 86 183 70 -2.3663 72 32 144 0 0 
68 26 165 11 1.10715 80 42 162 11 -2.87534 79 50 136 17 -1.74547 64 45 96 172 1.35402 235 226 236 27 0.942 255 255 244 20 -2.56729 250 245 230 22 -1.52537 226 223 208 23 0.255182 232 228 217 13 1.2723 243 241 231 18 0.439843 251 249 239 7 -0.694738 246 242 237 28 2.9305 252 245 248 14 -2.06474 239 232 237 15 -2.58994 233 225 226 21 0 231 221 234 55 -1.33455 176 156 201 86 -1.86336 91 63 139 32 -2.4859 71 33 139 11 0.661043 78 36 155 0 0 
72 30 171 7 -2.26553 66 28 157 11 0.463648 74 40 148 23 1.39861 99 75 147 151 1.81737 250 238 255 53 -2.93313 240 237 229 7 1.71269 249 246 232 9 0 249 246 231 13 -1.64757 236 232 221 26 1.53235 255 255 245 48 -3.07917 255 255 239 40 -1.8693 217 217 205 38 0.785398 245 238 243 21 -1.046 226 216 228 33 0.891383 254 244 250 24 -2.80686 244 232 252 92 -1.4518 149 130 181 99 -2.13366 63 35 118 18 0.982794 78 42 150 12 -1.99742 67 26 147 0 0 
65 26 165 9 1.89255 74 37 169 6 -0.165149 76 40 160 21 -2.11935 60 32 121 132 1.48014 198 180 221 91 2.68775 239 230 240 23 2.3259 255 251 248 60 -2.97644 248 243 234 13 -0.942 235 233 222 23 -1.31561 212 212 196 53 0.665969 244 247 225 35 3.14159 244 245 229 11 1.48014 255 249 252 13 -2.40878 247 237 250 27 -2.43297 231 219 231 34 0.868539 255 240 255 205 -2.27678 96 72 136 24 -1.05165 73 42 135 7 0 73 33 152 6 2.03444 79 35 165 0 0 
60 26 157 18 1.5153 78 44 174 20 -2.07789 64 27 153 7 0.785398 70 39 144 39 1.31347 114 90 155 114 1.96425 222 205 242 159 -2.97128 196 186 199 60 1.83996 254 249 248 13 -1.64757 241 238 230 13 1.344 254 253 239 44 -1.59352 209 211 191 40 1.10715 245 246 230 26 3.14159 246 241 238 20 -1.47113 226 217 227 40 0.663203 253 238 255 171 -2.29017 122 102 145 52 -2.92916 108 79 159 40 -2.44369 80 42 154 11 -2.11122 68 25 158 10 -0.851966 60 14 157 0 0 
61 30 151 7 1.2925 68 37 158 3 -2.1588 67 33 157 12 2.24554 80 47 158 34 -2.65164 66 39 125 7 -1.8491 61 40 103 116 1.34656 179 161 200 157 2.66095 252 242 255 20 -2.67795 244 237 240 9 1.24905 253 251 241 25 -1.76819 227 228 212 9 -1.0122 219 219 207 31 1.07899 247 241 246 18 2.55359 255 245 255 169 -2.35619 137 119 160 99 -2.4058 68 44 109 16 0.571337 75 41 141 1 -1.5708 72 32 157 3 1.24905 73 31 170 8 -1.10715 65 20 166 0 0 
65 36 146 11 2.87534 68 39 149 9 -1.5708 61 28 143 16 -2.31274 49 17 128 21 0.588003 62 32 135 27 2.25132 83 57 147 52 -1.64757 35 10 84 200 1.33913 232 213 255 198 3.08106 246 235 255 47 3.12032 247 242 243 15 -1.63736 232 231 221 16 0.124355 234 230 229 7 -0.2783 230 218 248 101 -1.9422 133 114 169 103 -2.34939 57 33 111 36 0.610726 76 47 146 10 -2.63449 70 35 155 5 3.14159 70 31 163 6 1.73594 76 36 171 29 -2.33181 55 15 151 0 0 
56 25 134 19 0.822418 70 38 149 23 -2.11122 50 17 132 17 1.28474 67 33 151 23 -1.39861 44 11 126 39 1.0175 78 47 156 7 -2.86329 79 48 145 49 -1.73263 32 8 80 166 1.35928 197 183 219 47 1.42295 246 238 249 71 3.11343 248 244 243 9 -0.86217 239 234 243 46 -1.41978 193 175 222 184 -2.35236 58 35 110 31 1.14938 85 55 156 45 -2.7367 66 33 148 12 -3.05845 63 29 154 9 2.72337 67 32 160 15 -2.12245 54 20 145 16 2.83871 59 25 149 0 0 
69 35 153 46 -2.90185 58 23 143 5 -2.60117 55 18 144 16 1.75614 71 34 160 11 -2.60117 65 28 154 7 0.982794 71 36 156 5 -2.60117 71 36 146 6 -1.73594 67 38 123 135 1.50423 204 185 234 156 -2.94168 175 162 186 138 2.53559 254 246 255 220 -3.11433 246 237 255 255 -2.34234 63 41 99 17 0.74542 71 44 130 26 -1.3078 43 11 120 12 1.5708 54 19 139 4 0.463648 54 23 138 5 1.76819 59 30 140 22 -1.93478 38 10 117 12 1.32582 50 23 127 0 0 
24 0 110 0 0 53 17 141 0 0 52 14 144 0 0 61 22 154 0 0 69 31 161 0 0 66 30 154 0 0 70 33 149 0 0 76 45 136 0 0 51 29 87 0 0 61 46 77 0 0 34 24 41 0 0 68 57 83 0 0 76 52 116 0 0 78 50 140 0 0 43 8 124 0 0 58 23 143 0 0 53 24 134 0 0 51 24 127 0 0 41 16 114 0 0 23 0 94 0 0 
