229 224 251 15 -1.63736 207 206 246 17 -0.41241 190 190 255 78 3.11596 181 183 255 149 -2.71996 113 112 245 86 -3.01438 100 98 241 81 3.07994 112 105 239 86 2.55359 166 160 255 147 2.80268 220 219 255 168 -2.95697 191 193 255 16 0.0624188 192 193 255 9 2.27942 193 196 255 124 -2.71031 136 135 245 99 -2.74064 92 88 223 72 -2.56119 50 40 200 29 2.45115 73 63 210 83 2.19521 153 145 246 140 2.73857 215 211 255 146 3.13474 218 222 255 1 0 220 227 247 0 0 
227 220 255 18 0.110657 223 217 255 123 -2.18351 110 107 192 69 -2.20277 45 42 157 17 -0.665969 27 23 166 16 -0.380506 19 14 165 35 0.401229 39 31 172 19 -1.26492 23 18 141 26 0.972377 52 47 146 151 1.63033 203 201 255 196 -3.03431 180 180 255 157 -2.45497 77 76 179 34 -2.04726 41 39 163 16 -0.519146 29 25 168 18 -0.110657 25 17 177 7 -1.4289 24 14 161 12 -1.32582 22 13 123 44 1.02652 67 61 138 153 1.84731 217 219 255 142 3.12047 222 227 255 0 0 
241 231 255 92 -1.91309 149 139 216 89 -2.22102 67 55 173 6 -0.165149 57 46 192 12 -0.96007 40 30 196 21 0.588003 50 41 211 16 -2.22649 41 31 191 24 -2.71497 35 25 172 4 -2.67795 36 26 163 35 -1.62788 1 0 126 57 1.13839 51 43 180 18 0.321751 54 48 191 7 -2.9997 49 44 197 15 -2.88099 43 38 197 26 -2.35619 26 18 179 10 -2.63449 25 16 166 10 2.28963 43 32 156 31 -2.13272 22 12 112 48 1.44644 72 68 143 151 1.89255 217 217 255 0 0 
207 193 255 115 -1.88708 91 77 179 29 -0.386876 70 53 198 11 3.14159 63 45 216 23 0.0434509 56 43 225 16 -1.87368 39 27 211 33 -2.29245 15 4 180 27 0.298499 25 14 184 8 0 27 14 184 9 -1.89255 16 5 175 46 1.50567 60 51 222 33 -2.54539 40 31 205 10 -2.07789 29 21 198 10 -0.851966 21 15 188 9 -1.5708 15 8 173 6 -0.463648 18 8 162 5 -2.76109 23 11 147 8 -2.62245 24 13 129 7 -0.876058 20 15 107 119 1.5792 141 138 218 0 0 
165 149 255 57 -2.18295 115 96 223 50 -1.33063 57 34 202 42 0.936774 84 61 253 27 -1.42372 50 34 229 40 -2.17949 15 1 196 51 0.463648 38 26 216 10 -1.5708 28 16 206 11 -1.66146 15 4 198 10 -0.291457 10 0 196 19 0.896055 22 16 211 37 0.10769 24 20 215 16 0.185348 29 23 218 15 -1.89255 17 10 197 13 -0.226799 20 12 183 14 -1.91382 11 3 158 4 -1.81578 12 3 144 11 2.35619 26 16 140 15 -2.26553 15 10 115 33 1.96788 46 45 139 0 0 
129 111 236 15 -3.00904 123 103 246 36 -1.73594 80 55 235 17 2.31622 86 63 255 54 -1.68145 27 10 207 64 0.59666 59 46 244 26 -2.11759 34 23 223 11 -1.75065 22 12 213 15 0 18 12 215 16 -0.0624188 14 12 212 43 1.14794 50 53 251 17 -1.68791 33 36 234 18 -1.5153 19 16 220 3 1.24905 27 20 217 25 -2.19105 13 5 182 10 -1.3734 10 0 160 11 -1.30454 3 0 138 9 0.708626 12 5 132 17 -2.06075 0 0 106 42 1.3597 43 40 143 0 0 
110 93 228 13 0.566729 114 95 244 53 -2.23677 66 44 222 20 1.17227 80 59 251 20 2.89661 80 65 255 43 -2.35619 43 34 228 11 -1.83705 29 20 224 6 1.5708 31 27 230 2 2.67795 27 32 225 2 2.67795 23 36 222 81 0.247955 39 59 238 64 -0.218669 25 43 226 19 -1.15257 14 19 218 23 -0.60005 8 5 205 9 -0.418224 15 5 189 9 -1.98902 13 2 166 8 -1.05165 10 2 143 9 -1.68145 2 0 122 8 0.244979 8 5 114 21 2.01317 27 27 127 0 0 
119 103 240 42 -1.07524 81 62 211 26 -3.10315 74 54 227 10 -0.982794 60 42 227 7 -2.1588 49 36 222 10 -0.291457 40 32 223 12 -2.41495 27 21 222 10 2.76109 26 26 226 1 2.35619 20 33 219 84 1.32009 96 120 255 54 3.06765 97 127 255 82 -2.1487 30 56 227 8 -0.950547 30 39 236 26 -2.08525 16 14 214 17 -1.39612 11 0 186 3 -0.321751 17 5 171 12 -1.73594 9 2 141 3 0 10 8 127 15 -1.89255 0 0 103 38 1.62338 39 38 136 0 0 
141 127 253 86 -1.30047 55 39 180 31 1.5708 80 63 228 29 -2.42923 56 40 218 8 1.5708 59 47 229 23 -1.91957 31 24 211 12 -0.785398 17 13 209 15 1.01914 25 27 222 23 1.78486 39 56 237 8 2.19105 41 68 236 64 0.203493 50 85 243 35 -0.564569 33 63 228 25 -1.76819 15 29 219 7 -1.4289 19 18 214 29 -2.5253 14 3 189 9 -0.708626 17 3 168 13 -2.57486 13 5 142 8 -2.03444 9 3 120 16 -2.31274 0 0 99 62 1.26412 60 58 154 0 0 
166 155 255 112 -1.21824 58 44 170 10 1.0637 60 42 201 19 2.98499 58 40 217 6 0 52 40 220 13 -2.7468 42 33 220 13 -0.837981 27 21 216 3 3.14159 20 22 216 23 1.7005 36 50 233 84 2.03976 104 129 255 54 -2.76787 80 112 255 59 -2.01952 28 57 226 38 -2.632 18 30 220 35 -2.03444 0 0 188 17 0.904827 23 12 192 26 -1.14103 8 0 154 5 0 13 2 134 15 -1.31019 1 0 105 22 0.909753 21 17 112 53 1.75728 76 72 161 0 0 
210 201 255 140 -1.5708 67 54 162 74 -0.202659 45 26 177 28 1.6065 67 46 222 30 -2.49809 42 27 209 21 0.817645 53 42 229 27 -2.22868 26 18 212 26 0 20 19 213 13 -2.09887 1 8 201 62 1.44247 58 72 255 63 3.06239 59 79 255 88 -2.36419 0 17 202 8 -0.124355 5 12 205 9 -2.58299 9 8 194 17 0.950547 35 26 196 49 -2.4859 14 2 150 5 -0.197396 19 10 131 9 -2.58299 19 11 111 6 -2.03444 15 11 93 93 1.31019 107 103 178 0 0 
216 208 255 67 -1.42264 143 134 220 110 -0.93271 47 30 163 16 0.302885 45 26 189 24 2.1251 59 43 220 21 -2.32395 38 26 210 21 1.52321 55 45 235 41 -2.21913 17 11 206 40 0.0748599 15 13 213 14 -2.45586 0 4 206 6 0.896055 2 11 209 12 2.29744 12 21 215 22 -2.29378 3 4 196 15 1.01914 23 20 199 35 -1.71269 0 0 150 20 0.750929 21 11 147 16 -2.08994 14 5 115 1 3.14159 18 12 99 23 2.01522 42 39 108 110 0.977794 136 134 193 0 0 
231 227 255 17 -2.47562 215 208 255 139 -1.57799 67 54 162 115 -0.20928 36 20 162 19 1.77829 48 32 197 13 3.14159 42 28 206 12 -0.426627 34 21 207 32 1.60204 62 51 245 58 -2.17308 9 0 204 24 0.244979 11 5 212 7 -1.5708 3 0 204 8 0.244979 5 4 200 7 0.876058 16 14 198 2 0 23 19 185 30 -2.63449 17 9 156 9 -1.89255 15 7 131 10 -2.42276 15 8 105 9 -1.98902 11 7 79 104 1.09433 108 106 158 39 0.892134 139 141 181 0 0 
220 219 235 17 0.117109 219 214 253 25 -1.41214 183 176 255 143 -1.4022 33 24 141 71 0.139925 36 24 174 24 1.77619 55 42 212 38 -2.67795 34 21 203 10 0 33 18 210 10 2.07789 38 25 223 19 -1.94169 18 6 208 1 2.35619 16 9 208 4 -2.89661 17 10 201 5 0.643501 23 18 193 41 -2.37314 0 0 151 25 0.358771 16 10 145 14 -1.8491 9 3 116 3 -0.982794 15 6 96 46 1.19431 61 57 122 91 0.870464 135 135 175 3 -2.81984 134 138 166 0 0 
243 240 242 14 -2.25653 226 224 243 5 -1.9513 211 210 255 94 -1.58143 108 104 193 108 -0.654571 33 25 155 42 -0.11849 23 11 171 27 1.68145 48 32 210 27 -2.56369 31 14 202 8 1.05165 36 21 209 21 -2.55359 23 10 196 2 -2.35619 17 10 191 8 2.08994 24 20 193 38 -2.20912 0 0 153 27 1.15629 27 22 167 23 -2.17085 15 8 135 14 -2.55359 12 6 113 12 1.32582 33 24 110 107 0.910568 122 117 178 12 0.674741 133 133 169 11 1.22203 144 149 170 0 0 
234 232 231 4 -2.03444 226 225 235 4 -1.81578 213 214 248 10 -0.71883 199 197 255 111 -1.71524 80 75 180 70 -0.785398 25 15 151 33 0.209023 30 15 173 16 2.31274 39 23 194 18 -2.20355 22 7 182 5 0.785398 24 11 187 10 -2.76109 18 9 180 12 -1.5708 6 0 163 5 0.643501 13 7 154 7 0.141897 19 13 144 18 -1.89255 7 1 114 7 1.71269 21 13 106 92 0.946773 103 95 166 39 0.821097 135 131 180 2 2.35619 139 139 169 18 1.40565 159 160 180 0 0 
228 229 233 7 -0.404892 223 223 235 9 0.558599 225 222 254 33 -1.94013 190 184 239 44 -1.75065 141 133 210 67 -1.51117 69 60 157 91 -0.414906 26 16 136 32 0.380506 33 22 162 16 3.14159 30 15 176 10 -1.76819 16 3 173 6 1.24905 22 9 179 8 -1.92957 16 5 162 10 0.643501 27 17 153 17 -2.39617 20 12 126 18 -2.35619 13 5 98 83 0.836202 80 74 145 49 1.32582 135 129 178 2 0 139 134 166 7 1.2925 147 143 168 8 1.21203 155 153 173 0 0 
235 237 237 12 -2.97644 231 233 241 16 -1.9513 216 212 237 29 -1.12207 186 180 221 36 -1.05841 150 144 197 34 0.385883 158 152 223 93 -1.78714 60 55 146 136 -0.252096 21 15 128 58 0.240846 29 20 161 22 -2.87534 20 9 166 11 0.0906599 23 8 169 10 2.85014 27 15 163 30 -2.61831 18 9 130 12 -1.81578 11 4 101 87 0.696205 72 67 142 26 0.758378 96 91 146 38 1.38863 141 135 170 3 0 144 138 161 8 1.32582 152 146 169 8 1.21203 160 155 176 0 0 
225 230 215 10 0.380506 229 231 225 7 2.55359 231 230 240 23 -1.95912 206 203 228 21 -1.02225 184 182 218 43 -1.11746 140 138 190 61 1.40831 194 193 255 118 -1.97014 79 78 172 127 -0.533708 9 4 127 116 0.234541 33 26 163 26 -2.27529 14 5 146 26 -0.514451 3 0 125 53 0.149812 16 12 115 74 0.889779 80 77 157 19 0.418224 93 91 150 10 0.643501 104 102 144 34 1.74547 144 139 170 1 -0.785398 146 140 163 9 1.35213 155 149 172 9 1.46014 164 159 180 0 0 
237 243 220 0 0 223 228 213 0 0 224 223 225 0 0 218 217 233 0 0 203 204 232 0 0 150 151 195 0 0 150 151 212 0 0 189 190 255 0 0 124 120 233 0 0 17 12 141 0 0 37 31 162 0 0 56 51 172 0 0 65 61 156 0 0 98 97 169 0 0 103 102 152 0 0 98 98 134 0 0 146 141 170 0 0 148 142 165 0 0 156 150 173 0 0 166 161 182 0 0 
