135 147 75 22 1.24905 156 167 99 8 2.35619 162 168 113 11 1.39094 173 176 130 5 0.785398 177 178 139 12 0.96007 187 186 152 38 1.49201 226 222 193 46 -2.57155 201 197 168 14 -2.25653 190 187 156 3 -0.321751 189 187 153 14 0.0713075 192 190 150 14 0.493941 199 198 154 18 -1.89255 181 181 135 15 -0.197396 178 178 132 14 1.07685 193 190 146 8 -2.03444 185 182 137 9 -1.35213 174 175 125 19 -1.26492 155 158 103 25 -1.33525 132 133 77 23 -1.31561 109 110 54 0 0 
145 153 83 17 0.463648 151 159 94 14 1.5708 165 170 115 27 0.496423 177 180 135 7 1.2925 182 183 149 6 1.89255 186 188 159 9 -2.72337 182 182 158 19 0.257324 187 186 165 22 0.0454233 188 187 166 10 1.5708 198 199 173 0 0 200 201 169 16 -2.35619 190 190 154 7 0.404892 194 195 153 22 -0.502843 183 185 139 5 0.380506 189 186 141 7 -2.86329 187 185 137 7 -0.694738 180 182 130 20 -1.21781 161 164 109 26 -1.26109 138 139 83 25 -1.287 114 115 59 0 0 
166 167 101 16 -2.62245 157 157 97 38 1.54449 191 192 142 17 -2.60117 177 181 140 5 0.54042 176 180 151 2 -0.463648 172 177 156 35 0.74542 192 199 186 31 2.88099 198 205 198 79 -2.87534 176 183 178 51 2.94797 187 195 185 56 -2.92678 179 184 169 7 1.8491 190 194 169 18 2.08319 209 213 178 27 -1.8693 187 190 145 11 -1.03038 180 180 132 11 1.39094 193 192 141 4 -1.32582 187 190 135 18 -1.40565 169 172 117 26 -1.41815 145 146 90 25 -1.33525 120 121 65 0 0 
158 150 90 8 1.05165 161 157 99 22 1.79427 178 176 128 11 1.75065 182 184 148 14 3.14159 173 181 158 26 2.08525 191 200 190 57 -2.55359 152 165 167 65 -2.49809 109 124 133 23 0.214061 112 127 143 35 0.169778 120 134 146 47 1.05957 166 177 181 55 3.14159 172 180 173 17 1.33971 194 202 179 23 -2.60117 187 194 157 18 -0.86217 179 182 136 10 1.5708 192 194 142 13 -2.98894 190 193 138 17 -1.74547 173 176 121 24 -1.5708 151 152 96 26 -1.53235 125 126 70 0 0 
167 153 95 7 -2.86329 160 149 97 28 2.05032 176 173 129 41 -3.11721 166 168 138 33 3.1113 156 165 152 23 -2.60117 134 149 152 66 -2.57026 89 108 129 43 0.963809 120 141 173 18 1.13095 135 156 194 9 -2.43297 131 150 187 42 -2.06635 99 116 143 59 1.5708 165 178 192 48 -2.99678 167 178 170 41 2.63449 194 203 177 59 -2.68552 173 181 140 3 -0.982794 176 181 130 15 2.58994 185 189 137 14 -1.91382 173 176 121 23 -1.7005 150 153 97 26 -1.60924 124 128 69 0 0 
162 145 89 11 -0.785398 149 136 84 4 -0.785398 135 131 90 27 0.253674 131 134 108 18 2.27942 131 143 137 82 -2.51993 73 89 106 60 0.831876 105 128 166 22 1.00748 117 144 195 5 2.76109 117 143 203 19 -1.3633 98 125 182 31 -0.561922 88 110 158 26 0.429762 106 125 158 77 3.07675 122 136 148 29 3.03851 132 145 137 33 1.06663 170 179 152 52 -2.78955 157 165 124 17 1.21203 179 184 133 13 -1.96559 170 173 118 21 -1.71269 149 152 96 25 -1.61077 124 128 69 0 0 
168 154 96 13 -1.49402 150 139 87 27 0.86217 160 158 117 32 -1.4158 116 122 99 52 -0.908067 61 73 77 61 1.32582 108 126 155 18 2.08319 112 136 190 2 2.03444 107 133 203 11 1.5708 112 143 218 8 2.67795 118 147 222 30 -2.42585 103 129 195 90 -1.42734 21 43 95 102 0.542089 84 100 136 63 0.863888 139 154 170 36 -1.35213 112 124 118 41 1.0964 156 167 141 26 2.9516 172 176 134 10 -1.76819 165 170 115 19 -1.62338 148 151 95 25 -1.5708 123 126 70 0 0 
167 156 94 4 1.81578 166 159 104 12 0.726642 163 164 122 13 -0.367174 146 153 132 58 -1.46771 74 86 96 36 1.5708 97 114 153 25 1.287 109 131 197 5 2.60117 103 130 211 6 0.463648 103 131 218 11 -1.75065 90 121 206 16 1.26791 111 138 218 15 -1.89255 103 125 196 22 0.266252 118 135 191 15 1.31019 140 155 194 25 -1.49097 121 136 155 17 -0.463648 123 135 129 33 2.07496 166 173 136 11 -2.23184 164 168 116 18 -1.78947 148 151 96 25 -1.76819 123 126 70 0 0 
161 157 92 14 1.4289 171 169 111 12 1.48766 173 178 133 16 -2.35619 150 159 139 64 -1.55517 74 84 101 51 2.14799 104 119 165 12 1.32582 106 123 196 14 1.8491 111 133 221 25 -2.9442 101 128 219 8 -2.62245 95 125 214 6 1.89255 104 131 218 12 1.81578 122 144 226 12 -1.5708 115 134 209 18 0.785398 133 150 213 12 -1.14417 128 144 191 40 -1.42191 100 113 129 38 1.64958 156 163 136 6 -1.73594 159 164 113 19 -1.51821 141 145 93 17 -1.28474 124 129 74 0 0 
159 160 92 13 1.344 169 171 111 6 -0.165149 159 166 121 10 0.0996687 149 160 140 93 -1.54929 46 56 73 74 1.59782 109 120 170 7 2.35619 104 117 195 27 -2.88792 88 107 198 19 0.714091 97 121 211 6 2.97644 95 122 212 5 1.03038 101 127 217 16 1.13417 118 142 230 21 3.09401 124 144 229 5 1.03038 133 151 228 19 -2.60987 127 145 210 49 -1.5708 92 105 137 40 1.42191 153 160 139 4 -1.81578 160 164 115 15 -1.43824 146 149 99 15 -1.1659 132 136 84 0 0 
159 163 97 16 1.5708 171 178 117 3 0.982794 167 177 130 8 -2.08994 151 163 141 97 -1.5193 46 54 71 73 1.81909 106 116 164 18 -1.9614 80 90 167 41 0.989416 106 123 210 17 -2.67795 95 115 202 14 0.737815 101 126 212 13 0.732815 110 135 221 13 -1.5708 97 121 209 30 0.97362 126 145 236 16 -2.00742 112 132 217 7 1.4289 123 142 215 43 -1.54754 92 109 148 35 1.97203 150 158 141 5 -0.197396 162 165 120 11 -1.30454 151 155 106 12 -1.32582 139 144 93 0 0 
159 162 100 18 1.40565 173 179 120 9 -2.81984 163 173 126 5 0.380506 158 168 145 120 -1.47939 29 37 50 82 1.47354 103 109 154 29 2.67795 105 114 187 4 -2.03444 94 108 191 29 0.690446 107 128 209 31 0.291457 113 138 218 13 -3.06482 112 136 218 5 2.2143 116 140 224 3 2.81984 119 139 227 10 -2.42276 113 134 216 9 0.785398 122 144 215 58 -1.69091 78 96 133 55 1.90404 155 162 147 9 -0.321751 165 167 125 12 -1.14417 154 157 111 11 -1.39094 143 146 100 0 0 
164 163 107 7 0.982794 166 169 114 11 1.39094 170 178 131 10 0.851966 171 180 153 123 -1.52205 37 46 55 84 0.607802 77 86 124 72 2.60355 105 115 179 22 1.93478 119 133 209 37 0.766532 139 161 233 35 -1.8837 102 127 199 15 0.605545 111 135 211 18 2.92292 116 138 216 8 -2.67795 114 133 214 8 1.44644 124 143 216 15 -2.67795 119 142 198 77 -2.05168 62 82 107 81 1.34677 164 172 155 9 -0.785398 168 172 131 14 -1.22777 156 158 116 10 -1.19029 146 149 104 0 0 
169 164 115 4 1.32582 170 168 120 17 1.15839 179 185 138 15 2.67795 179 187 157 60 -1.65394 108 117 121 100 -0.96902 16 25 58 96 1.89913 98 109 167 57 1.30908 146 162 231 50 -2.90142 130 152 218 26 -2.7468 116 142 208 26 -2.16922 94 119 189 18 0.86217 110 132 204 6 2.24554 117 137 208 25 -2.8578 112 133 194 29 -1.70786 86 111 151 68 -2.92134 82 104 116 88 0.873172 171 180 159 9 -1.5708 173 176 137 15 -1.43824 160 161 121 9 -1.15257 151 153 111 0 0 
172 163 120 10 1.19029 179 173 130 8 -2.52134 167 170 125 19 0.968509 176 181 152 2 2.35619 167 175 175 173 -1.39713 0 0 24 139 1.36919 113 125 179 61 -3.01119 97 115 180 13 1.8693 106 129 191 6 -2.97644 101 129 190 5 2.11122 108 133 197 26 -3.06482 108 130 195 38 -2.7367 95 116 178 21 2.48875 111 133 181 134 -2.38776 23 50 71 114 1.2601 143 165 163 24 0.463648 173 181 158 7 -1.97569 175 177 141 13 -1.64757 164 165 125 8 -1.32582 156 157 117 0 0 
176 165 127 25 -3.10161 172 165 126 18 0.785398 179 179 139 4 2.35619 175 180 149 36 1.936 200 207 200 174 -1.69729 19 27 44 131 0.374841 58 68 108 81 2.49563 100 115 164 25 2.69549 105 126 177 29 3.07274 104 128 180 67 -2.87144 88 109 164 59 -2.95416 78 99 150 72 3.09995 85 104 149 125 -2.57121 22 40 69 42 1.33156 67 89 94 130 0.828849 172 191 176 17 -2.19105 174 179 150 7 -2.44685 176 177 138 12 -2.24554 167 167 127 10 -0.588003 161 161 121 0 0 
146 140 103 50 0.827627 181 178 140 26 -3.02672 176 174 139 12 -2.53087 166 165 137 26 1.19029 187 187 171 35 -2.19754 153 153 153 144 -1.29725 5 9 27 108 0.995581 89 98 125 85 3.08284 89 101 135 100 -2.7979 51 67 104 70 -2.98572 38 57 92 59 -2.70801 17 33 62 36 -2.14376 0 5 23 82 0.62166 45 57 61 180 0.71883 169 182 168 10 -2.9442 174 183 156 10 -1.19029 175 174 140 9 -0.86217 173 168 129 8 1.05165 180 176 135 33 -1.69142 147 143 102 0 0 
176 175 137 24 -1.19781 153 152 114 21 0.652847 166 164 129 13 1.344 178 176 145 7 -2.26553 172 168 144 35 1.06919 197 196 182 120 -1.74547 71 74 72 141 -0.384449 11 18 27 107 -0.046695 0 11 29 89 -0.100781 0 1 23 54 0.0923293 0 7 26 59 0.151375 2 18 31 138 0.415298 64 78 77 141 0.9769 188 198 186 33 -2.184 166 174 151 16 0.828849 185 188 156 12 -2.46685 184 181 143 12 -2.35619 177 172 133 14 -0.0713075 178 171 132 54 -2.47255 142 137 98 0 0 
185 185 145 21 -0.753151 170 170 130 18 -0.0554985 169 169 129 5 1.19029 173 174 135 16 1.69515 189 188 154 28 -2.89661 176 179 153 34 1.24905 202 210 193 88 -2.0801 118 131 123 83 -0.27995 88 106 107 105 -0.429762 41 60 67 138 0.0723373 49 71 77 142 0.570495 129 149 150 43 0.183943 143 160 151 47 0.407632 169 181 163 3 1.89255 177 186 159 9 -1.35213 175 178 146 11 -0.661043 173 171 136 17 0.950547 189 186 148 77 -2.3017 133 127 90 84 0.810603 192 189 151 0 0 
201 201 161 0 0 188 188 148 0 0 171 172 130 0 0 171 172 132 0 0 161 162 123 0 0 187 192 160 0 0 159 169 146 0 0 198 214 197 0 0 184 204 199 0 0 179 201 199 0 0 169 193 193 0 0 172 193 190 0 0 187 205 192 0 0 168 180 160 0 0 179 189 159 0 0 182 188 153 0 0 183 181 147 0 0 137 133 98 0 0 189 185 150 0 0 195 191 156 0 0 
