244 244 255 9 0.785398 248 250 255 13 -2.7468 239 240 255 25 -2.46685 215 221 255 113 -3.00846 189 203 255 98 -3.01975 173 191 252 67 2.79155 200 214 255 115 2.98499 227 235 255 76 3.04975 246 247 255 13 -2.67795 244 245 255 6 1.40565 243 255 255 10 -2.28963 224 247 255 4 0.244979 209 244 255 50 -3.06176 198 236 255 142 -3.0216 183 212 255 100 3.1116 187 215 255 127 3.03959 204 236 255 107 3.04841 225 250 255 16 -2.70497 237 245 252 7 1.2925 253 253 253 0 0 
250 250 255 14 -2.1588 232 236 255 14 -2.06474 212 217 255 165 -2.42903 94 106 164 57 -0.0175421 80 104 170 64 0.366057 98 127 196 38 -0.822418 73 99 166 62 1.10715 137 157 215 94 2.28863 220 232 255 79 3.05322 229 244 255 5 -2.76109 221 247 255 4 2.35619 214 250 255 89 -2.50704 147 192 230 123 -2.2645 43 92 148 53 0.463648 67 111 182 24 -1.3654 46 86 158 44 0.832981 86 123 179 103 1.71681 201 230 255 138 3.06926 232 243 255 7 2.26553 247 251 255 0 0 
236 241 255 12 -1.07145 218 226 255 158 -2.17276 73 86 154 100 0.827627 133 157 241 15 3.00904 119 159 247 56 -2.9442 101 149 237 60 -2.7 75 123 211 34 -1.45369 46 91 172 57 1.23247 109 149 214 87 1.94704 194 235 255 49 3.14159 188 241 255 69 -1.89255 113 175 213 77 -2.25562 39 108 171 48 0.713061 64 134 217 19 -1.46592 42 112 205 1 0.785398 50 111 207 14 -0.982794 50 99 191 22 -1.1659 47 81 157 145 1.40451 211 230 255 83 3.06943 228 240 255 0 0 
237 243 255 108 -1.72836 119 132 184 38 2.35619 129 148 239 14 -2.45586 100 136 244 71 -2.57702 44 100 209 14 -2.25653 23 91 198 38 1.02593 56 124 229 27 -2.38183 39 108 205 14 0.211093 47 115 198 65 1.35544 113 184 252 36 2.29744 136 217 255 106 -2.0724 36 123 179 31 0.965252 51 143 222 3 -1.89255 41 135 232 21 -1.23412 18 112 219 25 0.321751 33 118 228 13 -0.942 38 104 216 6 -1.10715 53 101 197 38 1.22426 112 144 210 89 2.04952 202 226 255 0 0 
211 222 255 118 -1.7401 82 100 171 44 1.29865 102 133 242 69 -2.16277 24 71 199 17 0.868539 18 86 217 19 1.15257 25 106 233 8 -2.08994 15 104 219 21 0.785398 28 123 227 10 0.291457 31 129 223 28 1.13839 57 159 241 22 3.14159 53 164 234 25 -1.85459 26 140 211 28 0.244979 29 142 228 13 0.394791 29 143 243 5 -0.643501 22 137 247 8 -1.5708 20 127 242 16 -1.26791 20 109 223 23 0.172191 45 116 214 18 -1.5708 53 103 175 122 1.43121 187 227 255 0 0 
182 197 255 88 -1.84599 85 108 194 8 -1.21203 52 90 214 25 -2.81984 23 79 220 10 1.3734 15 91 233 6 1.10715 11 101 236 20 0.643501 17 120 237 11 1.03038 22 135 239 5 1.76819 23 143 238 8 -1.10715 12 139 224 30 0.507098 25 156 235 14 0.832981 36 168 245 9 -1.35213 27 158 239 13 -0.226799 22 152 241 8 -1.05165 12 142 243 14 -0.211093 14 136 242 5 0.380506 28 137 242 19 -1.77829 31 119 213 2 -0.463648 58 122 193 86 1.32582 156 207 255 0 0 
149 170 252 58 -1.60527 79 108 207 43 -2.20971 21 64 197 21 1.02225 20 80 228 14 0.832981 15 94 239 19 1.26492 23 118 251 10 2.9442 20 129 237 7 0.404892 16 139 231 14 0.737815 15 153 236 17 1.03038 25 170 249 2 -2.03444 23 170 244 8 0.358771 27 174 242 2 1.5708 35 177 242 15 -0.927295 23 163 232 10 0.291457 26 163 243 13 -1.17601 15 149 233 13 -0.566729 17 140 226 13 -1.41815 24 127 206 25 0.785398 70 146 212 44 1.32035 127 190 248 0 0 
146 167 252 82 -1.42549 51 80 184 24 3.05845 28 74 212 20 0.996491 26 89 241 7 1.8491 19 101 243 7 0.404892 11 111 237 19 1.31347 23 140 239 7 1.1659 21 153 236 10 0.851966 19 165 241 5 1.03038 17 173 243 8 1.05165 24 183 245 5 -1.19029 20 179 237 18 0.632749 38 190 245 11 -1.39094 29 178 235 10 -0.197396 25 173 239 7 -0.982794 25 165 236 16 -1.44644 18 146 221 4 0.785398 40 148 220 11 1.66146 79 158 221 37 1.43647 131 195 253 0 0 
159 181 255 120 -1.36202 27 58 157 37 1.75778 39 85 223 5 0.785398 22 87 239 16 1.50838 24 111 245 9 3.03094 14 120 235 19 1.0839 24 144 239 11 1.39094 26 162 240 4 2.03444 20 170 240 7 0.876058 19 181 240 13 0.367174 22 190 237 8 1.10715 32 199 242 10 -0.197396 37 195 243 6 -0.463648 34 190 243 8 -1.44644 24 181 237 8 -1.10715 21 170 234 15 -1.5708 22 148 226 8 -0.124355 44 144 222 27 0.657889 90 161 228 41 2.02357 141 198 255 0 0 
190 209 255 150 -1.51087 26 54 141 86 0.588003 47 92 220 12 3.05845 27 91 233 7 2.1588 15 105 230 19 1.41419 20 131 239 11 1.10715 23 148 240 13 2.57486 21 161 238 12 1.07145 23 176 243 15 1.97569 30 196 249 5 -0.785398 24 197 235 16 0.999459 40 212 248 6 -1.24905 38 202 249 16 -0.519146 30 191 245 12 -0.426627 21 186 241 12 -1.65394 20 170 234 23 -0.308053 37 155 232 13 1.344 77 165 241 23 -1.39861 82 144 204 76 1.30683 171 219 255 0 0 
208 223 255 88 -1.38892 108 130 201 95 -0.388319 44 85 194 9 1.98902 28 92 217 13 1.72345 20 110 228 27 0.86217 23 138 243 17 -2.78282 8 138 229 25 1.21203 23 167 246 2 -2.67795 15 171 237 24 1.44644 34 199 254 3 2.81984 31 206 246 8 2.19105 38 214 251 6 2.03444 46 216 255 19 -2.53931 33 202 255 17 -1.5708 15 184 246 14 2.25653 42 191 255 33 -2.25021 51 159 231 40 0.35299 97 171 235 28 -2.89661 117 167 213 96 0.829487 202 240 255 0 0 
233 243 255 15 -1.43824 205 224 255 128 -1.5006 52 88 172 127 0.0863985 38 97 197 33 1.5708 47 132 234 23 -2.56522 14 123 221 21 1.12842 21 147 235 13 1.49402 23 164 244 7 2.55359 20 173 242 19 1.15257 31 195 254 7 -2.9997 28 198 246 13 2.40878 35 209 252 7 -1.1659 32 200 248 6 2.24554 39 202 255 34 -2.29505 16 173 236 33 -0.0302938 35 170 232 40 0.962107 107 199 255 65 -2.22649 87 147 193 118 0.815329 197 236 255 8 0.519146 214 241 255 0 0 
243 250 255 8 -1.69515 225 239 255 13 -0.837981 197 224 255 116 -1.53633 58 105 173 133 0.0974348 44 117 197 28 0.607802 39 135 219 21 2.6168 32 149 230 6 1.89255 26 157 236 19 1.94169 33 179 251 14 2.9305 29 185 251 8 -2.62245 20 184 243 23 1.26274 44 208 255 21 -2.42276 37 195 243 14 -1.91382 32 180 227 46 0.694738 74 206 255 29 -2.75472 86 194 242 32 -1.9513 90 164 200 104 0.72425 187 234 255 23 0.54042 220 248 255 10 0.71883 240 255 255 0 0 
248 253 255 2 0.785398 243 253 255 15 -1.63736 217 234 255 19 0.714091 210 245 255 97 -1.66331 89 146 201 92 -0.284226 40 120 183 80 0.35299 46 148 220 18 3.08609 30 150 226 11 1.22203 26 162 240 11 2.11122 28 175 249 11 2.11122 32 188 253 12 -3.05845 35 190 246 11 -2.87534 44 189 235 33 0.933248 89 216 255 61 -2.57611 79 180 218 45 0.0886559 106 184 213 92 0.701625 189 245 255 12 1.14417 223 255 255 1 3.14159 243 255 255 12 -2.64225 247 252 243 0 0 
251 255 249 4 -2.89661 249 255 253 1 0.785398 246 253 255 13 -2.19959 223 241 255 10 0.0996687 202 243 255 39 -1.49402 139 203 238 77 -1.01493 46 133 190 89 0.261326 46 154 226 12 3.05845 29 154 236 11 2.11122 27 166 246 9 2.72337 26 175 241 12 3.14159 33 178 233 28 1.32582 82 207 252 64 -2.36718 65 163 193 100 0.69346 163 228 242 42 0.785398 214 255 255 13 -2.67795 217 251 255 5 1.03038 235 255 255 11 -2.03444 244 245 243 11 0.661043 255 252 245 0 0 
249 255 243 5 0.785398 253 255 249 8 -1.5708 247 247 247 9 0.785398 247 253 255 6 -1.73594 225 249 255 6 -0.165149 203 247 255 21 -1.33705 157 221 255 77 -1.31019 59 143 201 87 0.0802868 43 149 220 13 2.57486 36 158 228 5 2.9442 31 164 222 19 1.62338 61 186 231 36 -2.39464 63 160 196 111 0.772741 171 239 255 22 0.847817 223 255 255 12 -1.5708 227 247 242 10 1.0637 236 254 255 4 -0.785398 240 250 250 7 0.588003 255 253 252 2 0.785398 255 255 251 0 0 
253 255 251 1 3.14159 255 255 252 1 -1.5708 255 253 254 1 -1.5708 255 251 255 1 1.5708 247 254 255 2 -1.5708 233 252 255 6 -1.10715 209 244 255 9 -1.0122 180 234 255 91 -1.48311 62 143 188 77 0.169413 61 156 205 19 2.88427 60 164 207 24 -2.84615 68 158 192 101 0.939106 180 240 255 18 0.785398 219 252 255 5 2.76109 243 255 255 7 -1.8491 244 249 248 9 0.785398 251 255 255 0 0 251 255 255 0 0 255 255 255 0 0 255 255 254 0 0 
252 255 251 1 1.5708 255 255 252 1 -2.35619 255 253 254 1 -1.5708 255 252 253 1 0.785398 255 254 254 1 1.5708 250 255 255 4 -1.5708 235 250 255 5 -1.03038 212 244 255 23 -1.31561 165 219 252 86 -1.26375 68 138 175 38 0.0263097 66 140 174 81 1.20627 154 217 245 41 0.989416 218 252 255 6 -2.24554 234 246 255 5 2.11122 249 252 255 12 2.97644 255 254 255 2 3.14159 255 255 255 0 0 255 255 255 0 0 255 255 255 0 0 255 255 255 0 0 
250 255 250 1 3.14159 254 255 251 0 0 255 253 254 0 0 255 253 254 0 0 255 254 251 1 2.35619 255 255 255 3 -2.81984 250 253 255 2 -2.35619 236 249 255 3 -1.5708 214 243 255 70 -1.58508 131 173 210 66 -0.120624 120 166 200 98 0.792592 197 237 255 10 0.927295 226 246 255 7 -0.588003 236 244 251 10 -0.380506 237 240 244 16 0.785398 251 253 253 2 0.785398 255 255 255 0 0 255 255 255 0 0 255 255 255 0 0 255 255 255 0 0 
249 255 249 0 0 252 255 251 0 0 255 254 253 0 0 255 253 253 0 0 255 253 250 0 0 255 252 251 0 0 255 250 255 0 0 245 248 255 0 0 225 240 255 0 0 210 237 255 0 0 201 233 255 0 0 213 242 255 0 0 239 252 255 0 0 248 254 255 0 0 249 253 254 0 0 251 255 255 0 0 255 255 255 0 0 255 255 255 0 0 255 255 255 0 0 255 255 255 0 0 
