187 204 255 99 -3.00111 173 197 255 119 2.89661 204 241 255 84 -2.98623 193 237 230 21 0.380506 206 250 227 6 -2.46685 207 245 223 15 0.132552 215 240 236 7 0.404892 223 239 245 8 0.950547 237 246 250 20 -2.89661 234 242 241 6 2.97644 235 246 236 18 -1.13095 214 231 217 29 0.616297 226 247 239 3 2.55359 221 248 245 5 0.643501 220 249 254 3 -2.1588 217 244 254 6 -2.81984 221 240 253 3 1.5708 227 243 255 49 -1.55039 178 197 202 52 1.53235 230 249 252 0 0 
88 94 213 57 -2.56815 57 72 165 67 1.96788 119 151 194 97 1.97031 211 252 255 27 -2.4837 198 238 236 16 1.38545 219 253 253 11 -2.60117 218 240 255 34 3.11219 225 239 255 26 -2.40878 210 223 237 28 0.321751 223 235 241 15 1.24905 238 252 250 11 -3.05093 233 251 250 10 -1.27934 218 238 249 19 2.65469 221 246 255 25 -3.02216 215 244 255 19 -2.7707 208 237 251 13 0.298499 219 241 253 4 1.10715 227 246 253 48 -1.467 180 199 202 50 1.51087 229 251 249 0 0 
38 25 207 12 -2.35619 29 27 176 50 1.3734 79 100 182 111 1.26899 185 218 255 8 1.81578 195 229 255 3 1.5708 202 229 255 84 -2.77867 175 191 255 94 2.98168 194 207 255 108 2.87212 226 245 255 65 -2.94119 215 237 255 7 -2.9997 214 237 253 13 1.41815 225 246 255 62 -2.64225 192 209 255 95 3.13107 189 210 255 113 3.10621 190 220 255 79 2.83571 216 249 255 21 -2.80492 219 244 254 7 1.5708 230 253 255 50 -1.49097 182 205 201 48 1.48766 228 255 246 0 0 
28 9 212 12 0.96007 38 31 198 73 1.42124 109 128 225 85 0.986051 180 211 255 20 0.507098 190 219 255 96 -2.23093 116 137 222 96 -2.66869 72 85 195 42 3.07029 76 89 195 88 2.22787 150 171 239 112 2.73787 196 221 255 32 2.88904 204 228 255 48 -2.0161 158 179 247 110 -2.45267 88 98 199 66 -2.88196 67 81 183 65 2.46447 107 132 206 101 2.23787 192 221 255 96 3.00699 216 241 255 12 2.07014 234 255 255 50 -1.59079 184 209 205 45 1.59301 229 255 249 0 0 
35 24 204 14 1.8491 47 49 197 130 0.993454 154 180 255 55 0.86217 194 228 255 69 -1.84712 126 152 246 123 -2.1543 21 39 162 11 3.14159 21 28 185 10 -1.0637 10 20 174 29 0.809784 33 53 170 117 1.73315 149 174 255 51 2.78282 169 189 255 125 -2.09887 61 75 205 62 -2.23043 12 15 177 19 -0.207496 8 11 173 37 0.879459 37 50 182 48 1.82077 91 110 201 115 2.04603 208 228 255 18 2.1294 231 253 255 50 -1.65063 181 206 210 44 1.61622 225 251 251 0 0 
32 35 169 93 1.2558 120 133 243 97 0.865518 192 223 255 17 -0.868539 175 211 255 116 -1.64823 56 79 188 47 -1.82598 6 19 171 24 0.726642 19 22 214 12 2.64225 21 28 221 21 -2.11935 3 21 182 87 1.52485 88 112 255 52 3.08396 93 110 255 97 -2.13048 12 21 202 10 0.927295 22 20 226 1 2.35619 25 22 226 13 -2.57486 19 23 202 7 2.26553 34 44 175 147 1.44813 198 212 255 22 1.79427 229 247 255 48 -1.59163 181 201 212 43 1.54754 224 246 252 0 0 
65 89 149 169 0.810393 186 216 255 27 0.912908 205 245 255 35 -1.91957 168 205 255 120 -1.43714 44 65 180 16 -1.38545 23 32 200 15 -2.12245 2 6 215 11 0.54042 5 8 230 6 -0.463648 0 12 214 32 1.22982 28 44 244 26 3.02672 32 43 255 43 -2.52134 9 14 237 1 1.5708 15 11 244 14 -2.45586 10 2 233 10 -0.0996687 13 5 224 30 1.30163 52 51 215 123 1.61954 195 203 255 26 1.5708 230 245 255 46 -1.52735 184 201 214 43 1.50114 227 246 254 0 0 
187 219 238 33 0.764125 209 243 255 8 -2.08994 198 238 250 5 -1.3734 188 223 255 132 -1.45765 49 68 183 39 -0.749699 15 22 195 5 1.03038 12 13 231 7 2.86329 7 10 245 5 2.76109 4 15 243 9 -2.43297 0 9 237 7 -0.982794 0 0 237 10 1.19029 6 8 250 10 -1.3734 3 0 240 12 1.24905 20 10 246 8 -2.78282 22 11 233 15 1.50423 50 43 210 135 1.25604 198 202 255 32 1.02514 235 246 255 45 -1.5708 190 203 217 43 1.61727 233 247 255 0 0 
217 247 252 9 -2.58299 210 241 250 9 -2.92292 204 238 251 15 2.53605 208 236 255 118 -1.61314 83 97 210 79 -0.731878 23 26 195 9 -2.58299 9 5 224 9 0.418224 4 3 243 2 0 0 5 242 5 1.5708 0 11 247 7 -0.876058 0 4 242 8 1.44644 8 11 249 13 -2.5128 7 5 235 6 0 16 9 224 11 0.54042 29 22 213 58 1.8491 97 94 233 119 1.06207 219 223 255 11 1.22203 237 248 255 47 -1.69777 190 202 214 46 1.59253 236 248 255 0 0 
212 240 241 6 -1.40565 204 233 237 16 -2.76109 197 224 238 17 1.80189 210 231 255 54 -1.55228 149 159 255 130 -1.16893 20 22 177 40 0.298499 23 16 227 3 -2.1588 10 5 244 2 -0.785398 1 4 243 10 1.76819 5 15 253 12 -2.18152 0 5 242 5 -2.2143 0 2 234 9 1.98902 16 14 234 4 1.32582 29 25 220 20 -1.71969 20 19 169 137 1.23755 160 166 255 72 0.765793 225 235 255 6 0.165149 233 245 249 42 -1.6421 191 203 207 43 1.33705 233 245 251 0 0 
215 240 244 23 -1.26274 193 218 222 13 2.7468 198 220 231 22 1.34732 216 235 255 6 -0.674741 207 217 255 132 -1.5405 66 68 198 86 -0.33993 27 19 214 7 0.141897 19 9 240 7 -2.26553 2 2 238 7 0.694738 4 7 245 7 -2.1588 0 3 236 6 -0.896055 0 0 224 17 0.950547 23 17 230 8 3.14159 33 29 202 28 1.49949 72 81 179 166 0.964493 219 235 255 6 0.674741 234 251 254 8 -1.81578 231 248 235 29 -1.60527 201 217 210 38 1.02593 234 249 245 0 0 
224 247 249 41 -1.59518 183 206 208 22 1.5708 205 228 230 22 1.52537 225 245 255 5 -1.9513 216 230 255 55 -1.78947 155 160 255 118 -1.07685 41 35 200 53 -0.208465 19 11 218 5 1.5708 13 11 237 5 -1.03038 5 4 238 3 0.588003 7 7 237 6 0.165149 13 12 230 5 -0.785398 20 12 213 10 1.9513 40 38 187 131 1.1719 172 187 249 68 0.75448 228 251 255 12 -2.89661 232 255 240 9 -2.27942 227 250 228 8 -1.21203 219 239 227 27 0.811034 239 255 250 0 0 
221 248 244 40 -1.74404 183 209 203 24 1.19781 208 232 224 19 1.7274 227 248 249 15 -1.8314 208 227 248 14 1.22777 217 228 255 108 -1.52453 98 101 223 99 -0.68573 24 23 193 37 0.212938 22 20 226 10 -2.63449 11 9 235 8 2.52134 16 13 243 9 -3.03094 21 16 231 14 -2.1588 21 14 195 70 1.19029 97 98 220 143 0.994421 227 244 255 19 -2.24554 220 245 235 7 0.404892 224 253 228 2 0.785398 226 255 230 9 1.0122 234 255 248 4 -2.03444 229 251 249 0 0 
212 241 238 24 -1.52915 190 217 213 11 1.66146 205 229 221 18 1.40565 223 246 241 7 -0.982794 217 238 240 14 1.22777 225 243 255 37 -1.81578 179 194 255 109 -1.21736 67 75 199 83 -0.4744 18 19 199 21 -0.141897 8 6 219 5 2.49809 11 6 229 3 3.14159 16 12 215 24 1.10715 49 50 202 135 1.03795 178 185 255 48 0.668289 219 236 255 7 2.55359 228 252 240 6 -0.321751 225 251 237 5 1.19029 228 255 246 6 2.97644 227 249 255 54 -2.1487 181 200 221 0 0 
211 239 246 26 -1.38081 187 213 220 17 2.11122 206 228 233 19 1.26492 227 248 249 7 -0.694738 222 245 241 6 3.14159 218 243 247 11 1.66146 220 248 255 67 -1.70433 142 166 238 110 -0.965252 41 52 196 54 -0.537285 8 10 199 11 0.348771 12 7 216 19 0.785398 29 30 212 85 1.21203 120 131 245 109 0.901753 218 234 255 16 -2.14213 215 232 251 23 0.755104 234 253 255 10 -2.49809 223 244 255 5 -2.60117 218 236 255 26 -2.08525 193 206 255 100 -1.92723 98 108 172 0 0 
216 242 254 40 -1.5458 178 202 214 31 1.27934 212 233 241 20 1.92379 233 254 255 18 -1.91009 216 239 234 11 0.463648 217 245 239 7 0.404892 215 246 249 5 1.3734 213 240 255 107 -1.60816 98 112 214 106 -0.645381 31 35 178 20 0.35299 36 36 196 31 1.89255 70 73 212 145 0.94655 197 210 255 12 0.785398 213 232 255 17 0.74542 234 250 255 12 -2.35619 225 241 255 4 -2.35619 214 233 255 11 -1.39094 198 213 255 48 -1.97031 151 157 254 151 -2.17342 25 26 140 0 0 
221 243 254 32 -1.5708 189 212 220 14 1.5708 203 228 232 20 1.5708 225 249 249 1 -1.5708 224 248 246 2 1.5708 224 250 250 3 -1.5708 219 245 252 1 0 219 239 255 18 -1.5153 199 212 255 131 -1.41815 69 75 146 74 -0.300477 47 51 130 150 0.97911 174 179 248 55 0.86217 218 229 255 13 1.344 233 248 255 12 -2.18152 225 242 255 3 -1.24905 216 237 255 10 0.197396 208 231 255 32 -1.50838 170 186 255 116 -1.85733 56 56 200 40 -2.2687 24 17 186 0 0 
223 244 252 32 -1.53956 191 213 218 14 1.49949 203 228 230 20 1.5708 223 250 247 1 -2.35619 222 249 246 2 2.03444 224 249 251 2 -2.03444 224 245 253 0 0 226 242 255 1 1.5708 228 239 255 79 -1.50759 151 158 191 60 -0.14889 142 148 183 104 0.825917 219 226 255 20 0.463648 226 237 255 3 1.89255 228 244 255 5 -2.76109 226 245 253 6 1.10715 224 248 255 7 -0.982794 208 234 255 67 -1.68964 134 153 244 108 -1.8314 27 27 181 13 2.7468 30 22 207 0 0 
224 246 252 32 -1.53956 192 215 217 13 1.5708 203 229 229 19 1.5708 222 249 245 1 -1.5708 221 248 244 2 1.5708 223 250 247 1 -1.5708 224 246 251 0 0 226 243 255 6 1.40565 233 245 255 25 -1.92957 211 219 248 19 0.104877 213 221 251 29 0.954499 237 245 255 13 -2.30361 225 238 255 1 -0.785398 223 239 255 7 0.876058 229 248 255 7 1.4289 228 255 255 18 -1.84174 202 232 255 88 -1.36678 109 132 200 94 -1.21572 17 22 154 60 0.703231 54 51 214 0 0 
225 247 252 0 0 192 215 217 0 0 203 230 227 0 0 222 249 245 0 0 221 249 243 0 0 223 250 246 0 0 224 246 251 0 0 227 245 255 0 0 224 237 255 0 0 230 239 255 0 0 230 238 255 0 0 228 237 255 0 0 226 239 255 0 0 228 245 255 0 0 230 250 255 0 0 223 252 255 0 0 221 253 255 0 0 142 169 225 0 0 64 72 191 0 0 112 111 255 0 0 
