231 252 244 7 -0.141897 234 249 245 6 1.10715 248 251 255 3 1.89255 255 253 255 7 -2.35619 255 245 255 6 -0.674741 255 242 250 12 0.785398 255 252 255 5 -2.35619 255 250 252 5 0.785398 255 254 255 7 -2.55359 253 250 252 4 -0.244979 255 247 254 3 1.24905 255 249 255 1 -2.35619 255 246 255 5 -2.9442 255 245 255 39 -3.06482 255 241 255 20 2.7886 255 248 255 15 -2.88099 255 242 255 5 0.927295 255 247 255 7 3.14159 255 251 255 6 -2.81984 255 252 253 0 0 
242 255 251 5 -1.5708 240 251 248 3 0.588003 249 251 252 1 -1.5708 252 249 251 7 2.44685 255 253 255 2 3.14159 255 253 255 5 -2.2143 255 250 251 4 1.5708 255 255 255 6 -1.73594 251 248 250 6 1.10715 255 251 255 6 -2.46685 255 243 255 1 1.5708 255 241 255 30 -2.97644 255 233 255 56 -2.46963 237 196 233 46 2.7651 255 213 250 57 2.94763 255 224 255 34 2.72918 255 239 255 44 -3.00606 255 237 255 15 3.07502 255 244 255 8 0.785398 255 254 255 0 0 
250 255 251 2 -1.10715 248 254 249 3 -0.321751 251 252 248 7 -1.1659 246 245 241 12 0.844154 253 255 247 5 -2.9442 250 255 246 2 -2.67795 247 255 244 5 0.643501 250 255 251 5 -2.76109 254 250 255 3 -0.588003 255 241 255 11 3.05093 255 233 255 61 -2.64876 254 198 255 53 -2.77845 246 173 246 49 -2.38476 217 135 217 13 2.84309 224 138 222 37 1.92643 255 176 253 68 3.11219 245 185 246 88 2.87733 255 216 255 30 2.33294 255 249 255 14 -2.70918 251 249 249 0 0 
255 255 254 1 3.14159 255 255 254 5 -2.9442 255 254 253 2 -2.03444 255 253 249 5 -0.927295 248 251 242 5 0.380506 248 254 243 5 1.19029 251 255 249 12 -2.64225 249 249 249 7 2.1588 255 247 255 25 -2.46685 255 221 255 93 -2.67795 236 167 240 70 -2.77951 225 133 228 27 -2.95848 233 120 234 23 -2.65908 229 105 229 47 3.05669 236 107 236 36 -2.55359 209 92 209 15 -1.70335 176 88 178 88 1.75267 246 188 247 56 2.58299 255 232 255 14 1.13839 255 253 255 0 0 
255 251 255 4 -1.81578 255 247 253 3 1.5708 255 250 255 5 2.76109 255 253 255 8 -2.89661 255 252 253 1 -2.35619 255 251 252 13 -2.5128 246 243 245 44 3.11887 254 238 255 10 -1.3734 255 218 255 80 -1.59579 194 126 197 40 -2.5128 191 88 193 14 1.8491 221 90 224 34 3.11219 235 83 236 44 -2.14622 206 41 206 21 1.80454 229 61 228 15 2.58994 228 74 229 35 -2.17455 182 57 183 60 1.1292 214 128 216 85 1.77048 255 231 255 22 3.00606 255 244 255 0 0 
255 246 255 3 -0.982794 255 242 255 2 -0.785398 255 239 255 41 -3.11721 255 237 255 39 3.01408 255 241 255 39 -2.85982 255 230 255 54 -2.29135 218 187 218 56 2.15387 255 229 255 30 -2.66324 255 204 255 111 -1.61581 179 81 181 32 0.154997 207 72 206 30 -0.551655 207 45 205 29 0.386876 230 47 227 18 -1.5708 217 26 215 15 2.17634 230 39 228 1 0.785398 224 44 223 17 1.5708 227 71 226 25 2.66071 214 100 214 80 1.73389 255 203 255 74 2.82832 255 238 255 0 0 
255 244 255 5 -2.49809 255 239 255 48 -1.932 234 188 234 72 3.1277 242 185 240 62 3.04512 253 188 250 57 -2.98499 248 177 244 56 -2.45586 212 139 212 54 1.91009 255 185 255 59 3.00682 255 185 255 92 -2.21861 232 100 230 30 -3.10827 250 87 246 17 -2.06075 250 63 243 16 -1.87368 242 41 234 27 -1.82447 217 13 210 45 0.532844 238 37 232 3 3.14159 233 40 227 6 -1.73594 220 38 216 34 0.702257 217 76 215 36 2.53087 198 125 197 100 1.12937 255 230 255 0 0 
255 235 255 20 -2.2143 255 215 255 101 -1.71969 174 107 176 20 2.56729 197 110 196 16 2.39965 219 115 216 6 2.46685 228 115 225 11 -1.03038 218 104 218 29 2.79857 234 110 233 22 2.63875 254 115 252 64 -2.3013 218 60 214 22 1.24905 255 72 247 22 -2.57828 253 52 245 27 -2.43297 241 31 231 22 1.00748 255 50 250 19 -1.77829 237 33 229 24 0.0831412 236 38 228 21 1.4289 253 60 247 34 -1.68791 196 41 192 98 1.27155 246 164 246 46 1.89935 255 224 255 0 0 
255 219 255 21 -1.12842 254 193 255 131 -2.25385 173 79 174 51 0.315616 207 83 206 18 1.29985 239 93 235 32 2.66425 255 103 255 55 -2.22868 215 59 213 21 0.982794 235 76 232 27 -2.69407 226 62 223 11 2.96174 236 60 231 5 -1.3734 241 49 234 17 -0.950547 234 30 226 24 0.668289 253 44 242 10 0.291457 254 48 244 22 2.7367 255 60 248 19 -1.31347 235 43 228 17 2.19105 247 56 243 10 -3.04192 225 70 221 53 1.19029 231 149 231 79 0.93737 255 228 255 0 0 
255 224 255 112 -1.71395 180 106 182 44 0.737815 234 120 234 30 -2.00547 228 78 225 16 -1.75614 228 52 223 12 2.18152 245 57 240 5 2.76109 245 60 240 19 -1.46592 224 42 220 9 0.218669 224 45 220 32 0.44976 242 57 237 32 3.01724 253 57 247 21 -2.90785 253 49 245 17 2.78282 255 54 252 37 -2.29965 229 28 221 42 0.969723 255 67 252 50 -2.41169 220 36 214 30 0.478352 230 51 226 32 1.09345 236 95 234 79 1.81272 255 200 255 16 2.57026 255 223 255 0 0 
255 207 255 62 -1.58692 220 136 218 36 -2.69014 232 102 226 22 -0.945311 237 69 229 20 -1.5708 233 38 225 12 1.48766 252 45 243 12 2.29744 255 57 249 12 -1.40565 238 48 233 28 2.25653 255 72 252 47 -1.54952 210 25 205 20 0.819867 232 36 226 17 0 235 34 229 28 -0.106736 232 30 227 21 1.5708 252 52 247 36 -0.823841 216 29 215 36 0.99783 238 66 238 15 3.00904 229 76 229 7 -0.694738 201 87 201 82 1.44944 250 192 250 42 1.05457 255 242 255 0 0 
255 207 255 94 -1.49647 188 103 183 33 2.03444 249 115 239 31 -1.69912 241 68 230 22 -2.13411 239 37 228 12 0.244979 248 35 238 19 1.77829 255 57 254 32 -1.66427 220 29 218 53 0.878462 255 72 255 44 -2.25972 224 38 221 27 0.708626 249 52 244 14 0.885067 255 61 255 38 -2.20912 232 29 228 46 1.44109 255 78 255 53 -2.50182 232 50 234 11 -0.348771 214 56 217 33 0.743756 219 92 221 2 -0.463648 195 108 196 120 0.885653 255 220 255 19 0.785398 255 244 255 0 0 
255 217 255 116 -1.5708 170 92 163 56 0.810393 239 114 230 39 -1.64757 223 59 214 23 0.214061 246 51 237 28 -0.479519 238 34 231 20 1.81578 253 56 248 13 0.367174 253 64 250 30 -2.37945 228 45 225 15 1.63736 245 59 242 10 2.55359 255 60 255 23 -1.08828 242 37 236 3 -0.588003 238 35 234 26 -0.114877 230 35 227 22 1.39094 240 64 241 11 2.11122 230 87 234 18 0 205 105 207 80 1.14623 255 195 255 35 1.06919 255 241 255 3 -0.321751 255 248 253 0 0 
255 221 255 78 -1.36592 202 135 196 66 -0.0151504 229 114 223 13 -1.93797 239 86 233 13 0.566729 255 79 255 55 -2.25399 228 31 223 38 1.3633 255 71 255 39 -2.28489 229 43 227 16 3.14159 229 44 224 7 1.8491 239 49 234 32 2.22649 255 70 255 43 -2.40534 249 39 241 22 1.89255 255 61 255 46 -2.57155 232 41 228 12 1.32582 228 61 231 37 1.13095 241 110 244 52 2.85014 226 147 226 61 1.17227 255 220 255 24 0.785398 255 248 255 5 -2.49809 255 250 251 0 0 
255 242 255 27 -1.68145 255 206 255 74 -1.29985 215 114 212 26 0.114877 241 101 238 39 -1.51956 222 49 217 26 0 231 42 227 9 2.72337 231 47 231 29 -0.761013 211 28 210 29 0.493941 229 41 224 11 -1.75065 223 27 217 18 0.86217 248 35 238 10 -2.76109 245 30 235 11 -1.83705 229 22 220 25 0.7299 234 47 227 33 0.827041 239 82 240 34 -1.21203 182 67 184 96 1.18642 241 178 240 61 0.946773 255 243 255 4 -1.32582 255 245 255 5 2.11122 255 254 255 0 0 
255 243 255 5 -0.785398 255 232 255 66 -1.48014 225 150 224 59 -0.358771 226 116 222 43 -0.350728 227 89 224 49 -0.785398 199 49 197 74 0.475695 233 82 232 22 -0.722979 221 65 219 21 -0.71883 212 49 208 17 0.174672 223 48 215 10 -0.927295 223 34 215 21 0.141897 230 36 220 18 0.632749 236 49 228 24 1.05165 246 76 242 17 2.23677 246 99 245 36 -2.92292 213 108 213 89 1.52588 255 220 255 16 1.13417 255 249 255 8 -1.92957 254 244 250 11 0.785398 255 254 255 0 0 
255 252 255 3 -2.55359 255 246 255 16 -1.44644 255 221 255 40 -1.10715 238 177 235 50 -0.428264 226 150 222 62 -0.0644268 227 141 225 67 -0.223477 214 124 213 71 -0.224711 203 105 201 78 -0.167254 196 88 194 105 -0.0760436 197 75 193 92 0.0759406 213 76 208 80 -0.0374824 215 69 211 69 0.115427 225 76 220 24 -0.0831412 219 75 217 15 -2.35619 201 69 200 37 1.0122 212 115 212 112 0.955707 255 232 255 5 1.03038 255 250 255 3 1.24905 255 254 255 1 -1.5708 255 254 254 0 0 
250 252 252 4 2.35619 255 253 255 7 3.14159 255 248 255 8 -1.69515 255 236 255 7 -0.694738 255 228 255 11 0 255 225 255 15 -0.785398 255 212 255 18 -0.512389 252 200 253 28 0.558599 255 211 255 22 -1.1659 255 185 255 31 -0.159913 255 174 255 36 -0.390607 255 157 253 53 -0.759088 222 118 219 73 -0.53103 183 81 182 98 0.205395 201 102 200 117 0.713235 255 190 255 43 0.769006 255 240 255 4 0.785398 253 253 253 2 0.785398 255 255 255 0 0 255 255 255 0 0 
238 253 245 6 -0.165149 239 250 247 7 0.982794 252 252 255 1 -0.785398 255 249 255 1 0 255 246 255 1 0 255 245 255 6 -1.24905 255 239 255 6 -0.165149 255 237 255 9 0 255 235 255 7 0.141897 255 233 255 8 -0.244979 255 227 255 10 -0.982794 255 216 255 21 -0.652847 255 202 252 28 -0.141897 249 199 247 36 0.365201 255 214 255 29 0.690446 255 238 255 5 2.76109 255 249 255 2 0.785398 255 255 255 0 0 255 255 255 0 0 255 255 255 0 0 
239 255 249 0 0 240 255 248 0 0 248 255 255 0 0 252 252 255 0 0 254 251 255 0 0 255 252 255 0 0 253 250 255 0 0 255 253 255 0 0 255 249 255 0 0 255 249 255 0 0 255 242 255 0 0 255 243 255 0 0 255 241 255 0 0 255 244 255 0 0 255 249 255 0 0 251 242 252 0 0 255 254 255 0 0 255 255 255 0 0 255 255 255 0 0 255 255 255 0 0 
