9 33 209 20 -1.81578 0 14 185 35 0.927295 33 45 205 8 -2.08994 34 37 195 15 2.17634 58 47 211 45 2.07364 100 86 252 36 -2.12065 65 56 220 44 -0.913721 23 22 185 17 0.74542 25 37 197 8 -0.358771 14 35 194 6 -1.40565 3 30 188 22 1.5708 27 53 207 7 -1.1659 29 46 196 13 -1.7976 25 32 183 24 2.23909 52 45 209 23 -2.3259 39 30 187 9 2.1294 45 46 180 17 -3.08284 41 46 178 2 2.67795 40 41 191 31 -1.44247 7 8 166 0 0 
7 28 203 20 0.291457 18 37 202 10 0.291457 32 43 194 16 -2.35619 29 33 176 14 0 38 31 176 44 1.3423 84 73 219 20 2.32173 96 89 234 49 -1.50965 40 40 186 11 2.48055 36 47 198 23 -2.69717 19 37 190 9 -0.785398 8 30 185 25 1.3734 35 56 207 27 -2.64517 29 46 186 28 -2.05032 13 20 159 38 0.486899 40 35 180 48 -0.124355 38 30 171 30 -0.132552 30 31 159 26 0.566729 40 44 176 9 0.86217 46 46 194 29 3.00453 48 47 203 0 0 
32 49 219 12 -2.81984 34 49 205 30 -2.47195 25 38 168 22 0.661043 50 56 169 78 -0.0512372 53 53 159 105 0.1807 76 72 177 97 0.334737 104 104 212 103 -0.633793 38 41 156 112 -0.0446132 22 32 163 55 0.333244 35 48 188 22 -0.404892 22 37 183 4 -1.5708 18 35 175 18 -0.110657 23 38 161 68 0.326359 54 62 175 104 0.312632 95 94 204 102 -0.235545 73 70 180 95 -0.12565 57 56 172 95 -0.0210495 52 51 179 72 -0.39585 20 17 163 27 0.912908 40 36 191 0 0 
29 41 195 17 -1.92957 19 31 167 32 0.785398 50 63 167 108 0.746457 133 144 224 71 0.312901 164 170 237 58 0.120109 175 177 241 58 0.402655 196 198 255 41 -0.869942 159 163 244 88 -0.825377 85 92 195 90 -0.143452 65 75 192 31 -1.27934 33 43 167 17 2.19105 47 59 177 69 0.703946 99 111 207 101 0.582553 162 171 251 55 0.643501 202 206 255 35 -0.944053 175 175 251 53 -0.226799 158 159 250 68 -0.450661 124 124 232 103 -0.853785 43 40 166 70 -0.141897 31 27 163 0 0 
32 43 171 14 2.06474 50 62 170 97 0.96007 139 153 225 92 0.732014 210 223 255 19 0.674741 231 239 255 3 2.1588 238 245 255 6 -0.674741 232 239 255 3 2.81984 229 235 255 35 -1.59936 187 193 255 102 -1.1506 86 95 175 83 -0.631454 35 43 132 113 0.741947 112 123 205 100 0.869705 195 206 255 35 0.438337 217 226 255 11 1.03038 234 239 255 3 2.55359 236 240 255 3 -0.588003 227 234 255 24 -1.65394 197 204 255 78 -1.32582 118 122 211 89 -0.753663 55 58 156 0 0 
34 43 147 76 1.67567 114 124 211 99 1.20146 215 229 255 9 1.0122 232 245 255 9 -2.58299 236 245 249 10 1.47113 250 255 254 12 -1.65394 238 243 244 9 0.321751 237 243 254 8 1.10715 240 245 255 69 -1.65753 166 172 219 75 -0.439843 130 137 192 110 0.552841 190 197 246 57 0.871604 237 248 255 13 -2.13753 233 240 255 5 0.197396 240 244 249 12 0.674741 246 252 255 8 -2.08994 232 242 255 6 -0.463648 222 234 255 30 -1.3734 188 198 252 98 -1.16189 96 105 168 0 0 
31 41 125 120 1.46288 157 166 234 66 1.18751 228 237 255 11 -2.67795 230 239 253 10 0.380506 242 247 246 12 0.726642 254 255 248 17 -3.02448 254 255 245 2 -1.5708 250 252 246 4 -0.463648 243 246 254 7 0.785398 244 249 255 6 -1.24905 236 240 255 3 0.321751 237 243 255 3 0 241 248 251 3 0.321751 247 251 246 6 1.73594 255 255 251 6 -2.03444 249 251 245 3 1.5708 241 255 248 3 -0.982794 231 250 253 9 2.81984 233 247 255 103 -1.59991 128 141 173 0 0 
50 54 135 132 1.66146 185 191 255 51 2.59121 219 227 255 16 1.19029 243 248 255 3 2.1588 255 254 255 18 -1.68145 241 239 231 21 0.785398 255 255 242 15 3.00904 255 255 244 7 -2.9997 255 255 249 2 2.35619 255 255 255 5 -2.11122 248 248 254 5 0.197396 249 251 252 3 0 251 254 245 4 -0.785398 252 252 240 4 1.81578 255 254 245 3 -0.982794 253 252 242 5 1.19029 245 255 247 14 -1.5708 224 244 239 9 1.78947 231 245 255 113 -1.66784 117 130 156 0 0 
39 38 132 101 1.41214 141 142 222 96 2.21637 225 229 255 51 3.00519 239 242 255 12 2.89661 251 249 255 8 -3.01724 255 251 252 15 -1.3734 244 238 231 15 0.694738 255 250 239 6 0.674741 255 252 245 1 0.785398 255 252 249 3 2.1588 255 254 255 6 -2.97644 255 253 254 0 0 255 255 248 7 -1.4289 254 249 240 9 2.27942 255 254 250 9 -2.81984 255 250 251 3 1.24905 247 254 255 19 -2.17308 222 235 249 14 0 219 228 255 122 -2.19959 118 127 171 0 0 
54 48 159 27 1.8693 81 80 174 93 2.02487 173 173 237 64 2.34521 224 227 255 7 1.4289 240 239 255 14 0.785398 255 253 255 7 -2.26553 254 250 245 5 0.643501 255 254 245 4 3.14159 255 253 246 2 -2.35619 255 250 247 5 -0.197396 255 247 250 5 1.03038 255 252 255 11 3.05093 255 255 251 14 -1.71269 250 242 235 9 0.418224 254 244 244 9 0.86217 255 249 255 11 -2.23184 232 237 255 9 1.5708 234 241 255 91 -1.90643 145 149 208 116 -2.22807 51 54 122 0 0 
40 35 164 39 -0.177596 35 34 144 89 1.1172 120 125 200 107 2.11759 220 226 255 68 2.90718 244 248 255 9 -2.58299 245 249 254 7 2.7367 255 255 249 5 -1.9513 253 251 241 7 0.2783 255 250 247 5 1.5708 255 253 255 5 -2.60117 255 248 255 9 -1.98902 248 240 247 10 1.3734 255 253 252 3 -0.982794 255 251 246 4 0.244979 255 251 250 6 -1.10715 243 241 253 7 -2.86329 229 231 255 25 -2.1588 199 203 255 152 -2.16061 68 69 155 32 -2.20188 41 41 135 0 0 
72 69 214 26 -0.262995 67 69 194 22 -0.722979 57 65 154 88 1.98902 145 155 215 103 2.3288 228 237 255 36 -3.03094 231 239 255 8 1.5708 246 251 254 4 2.03444 255 255 252 10 -2.63449 254 249 250 2 0 254 248 253 7 -2.86329 252 244 255 3 -0.982794 249 241 251 12 0.896055 255 255 255 12 -3.05845 254 254 254 21 3.14159 252 253 255 16 -1.87368 231 231 255 14 -0.68573 210 211 255 107 -2.11759 109 111 199 89 -2.39554 44 44 150 57 1.37684 98 98 212 0 0 
89 94 247 45 -2.78537 77 83 220 89 -2.277 14 25 129 48 1.23606 66 79 157 110 1.62529 183 195 253 88 2.76952 224 233 255 45 3.00904 237 244 255 3 -1.24905 239 245 252 7 0.982794 248 251 255 9 -1.68145 243 242 246 11 0.661043 250 248 254 5 0.54042 251 251 255 12 -2.18152 239 242 246 10 -1.27934 228 231 239 22 0.785398 242 243 255 14 3.14159 235 237 255 100 -2.27834 146 151 226 123 -2.17225 37 41 143 17 1.92957 50 51 171 43 1.54754 91 92 220 0 0 
41 49 210 34 -2.04726 12 22 170 17 2.78282 23 35 159 26 1.10715 52 65 169 36 1.91009 94 104 191 98 2.36339 171 179 246 97 2.57644 231 237 255 53 3.14159 238 243 255 6 2.97644 244 248 255 5 2.9442 247 252 255 3 1.5708 251 254 255 12 -2.29744 241 245 250 3 3.14159 239 244 253 9 0.321751 238 243 255 17 -2.19105 221 223 255 83 -2.4837 163 165 230 131 -2.47519 71 75 170 49 -2.25509 26 30 148 27 0.992894 45 48 183 30 -2.04915 17 18 162 0 0 
20 32 198 32 -1.25875 0 3 163 54 0.669043 28 41 187 8 3.14159 35 44 178 27 -2.09887 18 22 147 63 1.11419 82 84 192 89 1.99928 172 174 252 113 2.7135 226 229 255 73 3.1142 234 240 255 6 1.89255 243 251 255 8 -2.52134 240 247 250 4 -1.5708 234 242 249 14 0.982794 243 250 255 34 -2.65164 223 227 255 123 -2.54014 150 147 219 123 -2.3447 54 51 150 9 -1.89255 35 38 153 15 0.551655 36 41 173 10 -0.643501 26 30 179 24 -2.08994 3 6 164 0 0 
30 43 205 18 3.03094 34 46 206 18 -1.91009 20 30 184 7 -0.876058 18 25 176 18 1.5708 41 42 192 8 -1.69515 38 38 174 16 1.19029 60 61 171 80 1.87294 144 147 228 111 2.42614 221 229 255 63 3.12572 226 236 255 39 3.09036 228 240 255 5 2.2143 232 243 255 50 -2.59776 202 212 255 127 -2.37841 112 116 187 79 -2.39189 55 52 155 19 -2.88427 44 41 164 23 0.308053 42 46 178 17 2.96692 40 46 189 36 -2.33659 12 15 173 60 0.844154 56 58 222 0 0 
17 30 176 17 0.950547 33 43 191 53 -0.112728 27 35 188 28 -0.400241 18 23 178 17 1.51204 36 39 197 21 -3.09401 37 40 192 17 -2.06075 26 29 167 52 0.327738 44 52 173 99 1.22373 140 152 253 115 2.92386 167 181 255 79 2.64425 205 222 255 86 -2.71401 169 185 255 132 -2.53892 94 106 202 76 -2.35619 38 47 158 46 -0.328553 23 25 155 54 0.720554 56 58 200 52 -2.47886 20 24 172 9 -0.558599 13 18 170 42 1.13839 51 56 211 39 -1.00407 18 23 180 0 0 
31 41 182 57 1.53572 88 98 240 33 -1.60109 55 61 214 36 -1.73594 19 23 182 21 -0.233743 14 16 180 21 0.588003 26 29 191 43 1.66355 70 75 228 4 0.244979 71 80 221 53 -1.66486 18 32 158 68 1.62955 86 104 219 59 2.63286 115 135 244 95 -2.37841 49 68 179 32 -2.46685 31 44 166 45 1.30454 75 84 217 20 -1.10715 57 62 207 46 -1.41978 9 14 166 24 0.756835 25 31 184 20 0.244979 30 35 190 44 1.24905 72 77 232 17 -2.06075 57 62 217 0 0 
31 43 185 54 1.60782 85 96 240 58 -2.44033 49 54 209 23 -2.75327 40 43 205 23 -0.348771 32 34 199 33 -0.302885 22 24 188 51 1.51204 73 78 233 36 -2.92292 65 74 218 59 -2.06474 13 27 157 37 0.558599 33 50 170 20 2.52693 46 64 177 36 -2.4926 24 42 157 18 1.13095 41 55 181 41 1.47354 82 92 229 43 -2.66774 62 69 216 48 -2.3417 27 32 185 21 1.12842 45 50 205 20 -0.0499584 44 49 204 20 1.3734 64 69 224 27 -2.88792 57 62 217 0 0 
29 41 183 0 0 40 50 197 0 0 27 32 187 0 0 62 65 227 0 0 64 65 233 0 0 25 27 192 0 0 37 42 199 0 0 37 46 190 0 0 45 58 190 0 0 16 33 154 0 0 17 35 150 0 0 32 49 166 0 0 45 58 186 0 0 43 53 191 0 0 28 34 183 0 0 36 40 195 0 0 65 70 225 0 0 48 53 208 0 0 37 42 197 0 0 31 36 191 0 0 
