162 175 189 4 -1.10715 158 171 185 49 0.554308 182 197 213 8 2.35619 187 203 219 9 -2.72337 183 199 216 2 3.14159 181 199 216 5 -0.380506 179 197 214 25 0.283794 186 204 221 15 0.197396 189 208 223 19 0.418224 197 216 229 5 -0.927295 195 213 224 6 -0.321751 193 212 219 16 0.436627 203 219 226 3 -1.89255 200 217 220 3 -0.321751 201 216 219 8 0 199 216 219 6 0.321751 199 218 223 2 1.10715 200 219 226 2 0.463648 201 220 227 2 -0.785398 199 218 225 0 0 
164 177 191 45 0.927295 200 213 227 38 -2.5244 176 192 205 10 0.291457 179 194 210 10 0.291457 181 197 213 27 0.253674 188 204 220 24 0.756835 205 221 237 8 -2.89661 203 220 233 7 2.26553 209 226 239 15 -2.67795 202 220 231 5 -2.9442 202 219 228 8 2.19105 209 227 234 9 -1.98902 202 218 224 2 2.67795 205 220 223 6 0.674741 209 224 226 2 -2.03444 207 222 224 3 -0.982794 200 219 224 4 0.785398 202 221 228 2 0.463648 203 222 229 2 -0.463648 202 221 228 0 0 
189 205 217 29 -2.30861 167 183 195 29 0.712358 186 202 214 17 0.174672 189 205 218 30 0.715744 209 225 238 23 -3.05485 207 223 235 12 -2.35619 198 214 226 9 0.110657 199 216 225 12 -0.244979 198 213 222 8 0.244979 200 216 223 18 -0.0554985 201 215 221 8 1.44644 209 224 227 19 -2.7707 204 217 219 27 2.84309 212 226 225 37 -3.08759 210 224 223 36 3.11382 211 224 226 5 -0.380506 205 221 227 2 1.5708 205 222 231 1 2.35619 206 223 232 1 2.35619 207 224 233 0 0 
169 185 197 27 0.811034 189 205 217 17 0.904827 203 219 231 9 1.46014 214 229 238 36 -2.33659 188 203 212 26 0.463648 202 215 223 16 0.571337 211 225 231 6 0.674741 217 229 233 10 -2.42276 210 222 226 12 1.73594 223 235 237 22 -2.23184 205 217 217 14 -2.30861 194 207 205 16 -1.19029 181 192 190 12 -0.244979 178 189 187 1 -2.35619 177 188 185 47 2.05331 217 229 229 28 -2.89661 205 221 228 1 0.785398 204 221 230 2 2.67795 205 222 231 4 3.14159 205 222 231 0 0 
188 204 216 16 0.785398 200 216 228 5 0.785398 206 221 230 21 -2.22364 189 205 212 39 0.623199 216 228 234 2 1.10715 219 230 234 18 3.14159 221 231 231 22 -2.7367 214 222 221 7 -2.9997 213 222 219 9 0 215 222 217 15 -1.97569 201 208 203 5 1.5708 206 213 208 13 -2.40878 197 204 199 21 -2.28963 181 188 183 22 -1.43527 157 167 161 36 1.59857 191 202 200 51 2.7038 208 221 229 2 -1.10715 202 218 230 1 -1.5708 201 217 229 1 3.14159 201 217 229 0 0 
200 216 228 10 0.380506 204 221 230 17 -2.31622 193 209 216 40 0.767856 223 238 241 18 -2.70175 218 230 232 28 -2.50508 205 213 212 6 -2.67795 204 211 206 11 2.67795 210 217 210 18 2.1588 227 232 223 43 -2.79086 212 218 207 19 -2.72337 204 210 199 10 -0.507098 199 205 194 13 -1.41815 186 191 182 3 2.81984 185 193 183 26 -1.60924 159 167 157 10 -1.47113 146 155 152 71 1.74057 209 223 229 3 -1.89255 202 218 230 2 -2.35619 200 216 228 1 2.35619 201 217 229 0 0 
209 228 236 25 -2.35619 192 210 217 36 0.883125 222 238 244 22 -2.23184 208 221 223 14 -1.71269 197 208 205 7 0 201 209 202 7 -1.4289 197 203 192 8 0.62025 204 208 196 17 -1.98321 190 193 178 17 0.489957 198 201 185 19 1.5708 217 220 204 20 -2.49809 205 208 193 20 -2.07789 185 189 177 11 0.266252 186 192 181 24 -1.69515 162 168 157 26 -2.11759 134 144 138 81 1.55845 208 222 228 7 -2.55359 200 217 226 5 -2.9442 199 216 225 5 2.9442 200 217 226 0 0 
191 210 218 26 1.05634 215 233 240 11 -2.23184 208 225 228 8 -0.785398 206 220 219 5 -2.11122 206 216 210 6 -2.03444 203 211 201 7 -0.141897 206 210 198 10 -2.1588 199 202 186 11 0.54042 207 209 190 9 -2.27942 200 202 183 3 1.89255 203 205 186 6 -1.73594 195 199 180 5 2.49809 198 201 186 13 -2.19959 185 189 177 36 -1.82249 148 154 143 11 -2.35619 135 145 139 74 1.71836 202 217 220 44 -3.07352 195 213 220 15 -3.07502 194 211 220 8 2.78282 197 215 222 0 0 
204 223 230 8 0.358771 208 227 232 4 2.03444 214 231 234 15 -1.31019 203 217 216 15 -2.81984 203 213 207 8 2.67795 210 218 207 14 -1.49949 200 205 190 11 0.661043 209 213 194 12 -2.18152 201 203 183 3 -0.588003 200 201 181 3 1.89255 202 204 184 9 -1.98902 191 195 176 6 -0.165149 190 193 178 12 -1.65394 176 180 168 34 -1.80189 140 146 135 17 -2.47562 124 135 127 41 1.7635 158 173 175 42 2.48875 179 199 204 29 2.93757 185 204 211 18 2.8023 191 211 216 0 0 
212 231 238 7 -1.8491 206 225 230 10 1.76819 218 235 238 34 -1.62955 188 202 201 26 0.0767719 193 205 199 28 2.66207 210 220 208 18 -2.81984 207 214 199 20 -2.67795 202 206 187 2 3.14159 204 206 186 6 -1.73594 198 201 179 4 3.14159 196 201 180 10 3.04192 195 201 182 9 -2.1294 187 192 177 22 -2.13411 166 173 160 45 -2.05424 124 132 121 5 -1.19029 114 127 119 24 2.4733 122 140 141 36 2.12065 148 170 175 29 2.47755 166 188 193 29 2.42923 185 207 212 0 0 
211 229 236 7 -1.1659 204 223 228 10 1.19029 216 233 236 9 -2.43297 214 228 227 49 -1.63194 168 180 174 21 1.23412 190 202 190 25 -2.90605 187 197 181 25 2.8578 196 205 185 22 3.09617 199 206 185 25 -2.78282 190 197 176 19 -2.83571 182 191 171 12 2.64225 186 197 177 19 -2.24554 171 181 165 28 -1.39409 142 152 139 19 -2.0577 123 135 123 28 -1.97104 92 108 101 15 1.89255 100 121 123 27 1.49686 123 147 153 20 1.92379 142 166 172 27 2.01832 167 191 197 0 0 
214 232 239 10 -2.55359 208 227 232 3 -0.321751 209 226 229 4 -0.463648 209 225 224 42 -1.13839 173 187 183 21 -2.55359 163 177 166 7 -0.694738 160 173 159 20 0.463648 171 183 165 20 -3.09163 171 181 164 11 -2.79282 166 178 158 30 3.07502 168 180 162 25 2.9442 171 184 168 33 3.08106 171 186 172 43 -1.8491 129 143 131 22 -1.00748 108 124 113 33 -2.50404 85 102 98 25 1.03709 100 123 125 18 1.5153 112 141 146 14 1.8491 128 154 161 23 1.74299 149 178 183 0 0 
205 223 230 8 0.785398 211 230 235 1 0 213 230 233 12 1.81578 227 242 244 76 -1.74242 152 169 166 58 0.207496 166 182 175 42 2.97644 174 190 179 69 -2.71019 147 162 148 13 2.5128 155 170 156 29 -2.23484 132 148 131 21 0.336675 139 154 140 5 -0.643501 134 151 138 27 0.992894 156 173 162 45 -2.7367 138 155 146 69 -2.1508 78 97 88 25 0.927295 94 115 112 11 2.11122 97 124 128 13 1.344 107 136 143 14 1.6421 122 149 159 26 1.64757 147 176 183 0 0 
211 229 236 10 3.04192 212 230 237 5 -0.785398 210 226 232 3 2.55359 212 230 231 6 -2.24554 207 226 223 87 -1.42247 122 139 135 71 -0.197396 110 127 118 41 0.58138 133 150 139 1 0.785398 134 152 139 21 2.35619 149 167 154 67 -3.00806 138 158 146 55 2.99715 146 166 154 87 -2.74417 110 131 122 62 -2.91599 96 117 109 5 -2.11122 89 112 104 1 -2.35619 87 109 107 20 1.21781 98 127 132 10 0.982794 106 135 144 13 1.2723 119 147 158 26 1.49402 145 174 183 0 0 
201 218 227 18 0.982794 216 234 241 15 -2.35619 205 224 229 5 0.197396 206 225 228 12 1.24905 218 239 237 34 -2.08635 190 209 206 54 -1.13194 141 162 154 31 -0.362544 130 151 142 18 -0.938047 115 136 127 40 -1.1401 78 100 88 51 0.0587558 79 103 93 34 -0.54042 61 84 76 48 -0.295441 46 70 62 89 0.513606 90 113 108 5 -2.60117 87 110 105 7 1.1659 90 116 116 21 1.02225 104 132 139 7 1.5708 108 138 149 11 1.30454 119 148 162 25 1.287 143 173 184 0 0 
211 228 237 6 -1.89255 205 223 230 7 0.785398 210 228 235 3 3.14159 210 229 234 9 -1.5708 201 220 223 12 0.96007 211 231 232 43 -1.70944 168 189 187 43 -0.736257 139 160 157 46 -0.193211 130 152 147 12 -0.244979 127 149 144 18 -1.68145 108 131 126 4 -0.463648 106 129 125 18 1.46014 122 146 144 44 -2.0844 83 107 105 14 0.343024 86 112 112 20 0.819867 99 126 130 8 0.950547 103 132 141 13 0.837981 111 140 154 16 1.19029 126 155 169 28 1.17056 152 181 195 0 0 
211 227 234 1 0.785398 212 228 235 3 -1.24905 207 225 232 3 1.5708 210 228 235 2 -2.35619 207 226 234 3 -1.5708 204 223 230 5 -1.19029 199 219 224 17 -1.08084 184 204 209 44 -1.29865 142 161 164 56 -0.304992 125 145 146 55 -0.218669 112 133 134 51 -0.0782711 108 129 131 44 -0.135528 100 122 127 38 -0.078784 95 119 125 32 0.154997 98 124 131 26 0.226799 102 129 139 22 0.502843 112 140 151 16 0.436627 119 146 160 23 1.03038 139 166 180 20 1.17227 158 185 199 0 0 
212 228 235 5 2.9442 213 229 236 4 -2.03444 207 224 233 1 2.35619 208 225 234 2 3.14159 207 225 236 2 -2.67795 206 224 235 1 1.5708 207 226 234 11 -1.48014 196 215 222 6 -0.165149 196 214 221 20 -0.996491 179 198 203 23 -0.694738 163 183 188 28 -0.400241 150 172 178 32 -0.380506 138 159 167 35 -0.258771 125 150 160 38 -0.0263097 124 147 162 37 0 122 148 162 34 0.174672 127 154 168 24 0.165149 131 158 172 25 0.674741 147 174 188 21 0.851966 163 190 204 0 0 
207 223 230 8 2.62245 211 227 234 3 -2.1588 206 223 232 0 0 206 223 232 1 0 205 223 234 1 0.785398 206 224 235 3 2.55359 208 227 235 7 -2.1588 202 221 228 4 2.03444 207 225 232 11 -2.11122 197 216 221 7 -1.2925 189 209 214 12 -0.610726 180 202 208 17 -0.489957 172 193 201 18 -0.270947 163 188 198 20 -0.0996687 161 184 199 19 -0.156602 156 182 196 15 -0.260602 151 178 192 16 0 151 178 192 17 0.62025 161 188 202 17 0.868539 174 201 215 0 0 
200 216 223 0 0 209 225 232 0 0 206 223 232 0 0 207 224 233 0 0 206 224 235 0 0 203 221 232 0 0 204 223 231 0 0 200 219 226 0 0 201 219 226 0 0 199 218 223 0 0 199 219 224 0 0 195 217 223 0 0 190 211 219 0 0 183 208 218 0 0 180 203 218 0 0 171 197 211 0 0 167 194 208 0 0 165 192 206 0 0 172 199 213 0 0 183 210 224 0 0 
