61 249 255 33 -2.37747 29 228 244 12 0.674741 20 238 254 5 2.49809 12 243 255 7 -2.1588 2 238 250 2 -0.785398 0 237 248 11 0.54042 1 244 253 4 -2.35619 0 240 251 3 -2.1588 2 235 249 16 0.785398 21 245 255 23 -2.50657 13 231 247 8 0.950547 16 239 253 3 -0.588003 2 240 251 7 2.35619 0 247 255 4 -0.785398 0 244 253 6 -2.81984 0 242 250 4 -0.463648 7 239 243 6 1.24905 16 245 248 8 -2.19105 9 238 241 17 1.39612 24 255 255 0 0 
25 228 241 14 0.885067 30 240 252 6 -1.89255 14 236 248 9 0.321751 13 239 251 1 0 15 239 251 7 2.1588 21 245 255 7 -1.5708 12 238 250 16 -0.124355 10 236 248 15 0.785398 23 246 255 21 -2.09559 8 227 241 18 0.588003 23 236 251 5 1.5708 26 241 255 10 -1.9513 9 233 245 19 0.748378 17 247 255 12 -1.24905 5 235 246 16 0.519146 14 243 254 4 -1.5708 16 239 247 2 -0.463648 15 239 244 1 0.785398 12 241 245 2 2.03444 11 243 247 0 0 
7 245 246 5 0 9 244 246 5 1.3734 21 247 252 9 -2.58299 27 240 247 5 -1.76819 32 232 245 18 0.558599 49 240 255 76 3.02372 60 248 255 101 -3.0724 50 243 255 27 -2.72709 30 234 245 20 0.35299 33 242 252 11 -2.67795 30 236 247 7 0.141897 34 236 249 17 0.463648 48 242 255 29 3.03851 54 245 255 87 -3.11861 52 243 255 80 -3.06673 45 238 252 4 -0.463648 34 237 250 2 -0.785398 23 237 248 3 -0.321751 11 238 247 4 -0.463648 4 237 245 0 0 
3 251 251 13 -2.84309 10 245 247 5 -2.35619 27 236 244 12 0.165149 50 232 251 19 0.674741 82 238 255 206 -2.73416 12 152 189 82 -2.94657 0 134 174 96 2.3489 64 205 242 170 2.9465 82 244 255 103 -2.92712 53 224 246 19 0.674741 64 236 255 11 1.10715 79 244 255 90 -2.72225 56 202 237 173 -2.81984 10 144 184 78 3.07758 17 149 189 111 2.36256 84 230 255 186 -3.12009 59 232 255 3 -2.81984 36 237 254 2 3.14159 19 240 254 4 2.35619 13 245 255 0 0 
3 235 241 19 0.257324 24 236 247 13 2.09887 69 240 255 5 1.3734 104 235 255 259 -2.30447 0 31 94 47 0.605545 0 51 128 40 -0.0748599 0 46 127 37 -0.916714 0 18 95 121 0.948638 31 125 184 140 2.40666 114 223 255 84 3.11779 113 226 255 82 -1.90404 42 145 200 173 -2.38476 0 18 90 82 0.398522 0 46 126 31 0.128323 0 50 130 33 -1.04058 0 27 95 186 1.28293 84 220 255 168 3.14159 50 229 255 18 -0.0554985 23 234 254 7 0.588003 13 241 255 0 0 
29 251 255 27 -2.27942 29 224 244 26 0.866302 90 233 255 176 -1.85143 0 50 113 23 1.03038 2 56 151 32 1.02514 46 75 190 29 -2.38058 33 51 176 18 1.35213 47 71 190 76 -1.68867 0 5 100 137 0.976745 62 124 208 121 2.63369 118 184 255 246 -2.34187 0 3 94 107 0.877244 47 78 187 22 -2.51611 43 60 180 10 -1.27934 33 50 171 8 0.950547 18 67 167 42 -1.47584 0 44 102 187 1.44247 86 243 255 88 -2.99493 38 237 255 7 -1.8491 13 234 254 0 0 
16 231 246 14 1.4289 51 238 255 46 -1.52735 48 179 229 113 -1.84788 0 55 137 25 1.84381 24 62 188 10 -1.9513 28 40 194 7 0.785398 39 40 208 5 1.5708 44 47 209 10 1.9513 47 66 203 69 -1.72889 0 3 126 41 -0.169101 0 0 117 72 1.07036 29 58 187 11 -0.348771 36 45 196 8 1.69515 47 50 209 18 -2.70175 36 41 203 9 0.708626 26 60 190 23 -1.87885 0 61 133 74 1.6517 16 152 188 76 1.87602 48 233 255 8 -0.244979 25 235 255 0 0 
22 232 248 14 1.5708 57 239 255 79 -1.54549 22 146 200 86 -1.38474 0 44 136 28 1.6065 24 53 192 1 -0.785398 37 38 212 2 3.14159 39 31 225 5 0.197396 40 33 224 4 2.35619 43 43 213 18 -1.9614 24 31 188 19 -0.714091 11 18 175 51 0.880996 51 56 219 18 -2.1294 35 34 214 8 -2.03444 27 24 210 18 1.0122 43 41 225 8 -1.81578 22 47 193 21 -1.61838 0 52 130 57 1.58834 4 127 165 104 1.49402 61 240 255 12 -2.29744 29 235 255 0 0 
23 234 244 16 1.32582 61 243 255 66 -1.78294 40 164 212 107 -1.24025 0 44 131 31 1.24905 30 53 192 9 -2.72337 38 35 211 7 1.97569 42 34 235 8 -2.19105 35 25 232 3 -0.321751 37 28 222 5 1.19029 44 35 222 7 0.785398 51 40 227 8 -2.78282 44 36 227 16 -2.4859 27 24 224 10 0.588003 33 30 230 6 2.46685 43 36 227 7 -1.4289 27 44 194 21 -1.33705 0 50 129 66 1.5708 13 134 173 98 1.10715 55 231 255 5 0.643501 35 239 255 0 0 
24 239 248 2 -2.03444 43 231 250 18 -1.05841 70 202 242 130 -1.3463 0 58 134 13 1.00407 21 49 174 2 2.03444 35 35 201 13 0.394791 35 31 227 1 2.35619 36 27 238 3 -0.588003 39 25 233 8 2.03444 49 33 241 8 -1.21203 43 24 233 8 -1.92957 31 16 227 18 0.708626 33 30 239 8 -1.81578 25 25 225 14 0.785398 45 40 223 14 -2.9305 34 52 193 27 -1.93797 0 53 126 110 1.52537 50 180 215 67 0.795924 56 237 255 22 -1.79427 12 220 240 0 0 
10 239 250 8 1.32582 40 242 255 8 2.62245 86 236 255 149 -1.57751 0 72 132 103 0.029118 13 56 159 40 2.76563 44 56 198 8 -1.81578 32 36 214 5 1.9513 37 34 234 12 -2.35619 32 20 232 17 1.03038 49 33 251 25 -2.55359 35 17 240 11 0.909753 40 29 246 6 -2.46685 25 30 235 5 0.927295 33 40 227 14 -1.91382 35 32 195 21 0.0475831 22 49 170 30 -2.76726 0 63 126 174 1.06091 79 232 255 8 -0.519146 40 234 255 11 3.14159 22 239 255 0 0 
4 241 254 2 -0.463648 22 236 253 10 1.3734 69 239 255 46 -1.8314 62 182 228 145 -1.25558 0 27 110 86 0.629645 31 63 182 46 -2.9694 27 42 198 24 -0.0831412 28 30 214 9 1.24905 41 31 237 15 -1.70335 26 13 229 21 0.71883 40 25 246 3 -0.982794 32 26 237 4 1.32582 27 38 230 11 -2.79282 24 42 209 19 0.674741 49 62 200 67 -2.34567 0 30 128 105 1.33044 36 154 205 103 0.799096 69 243 255 29 -2.30861 20 226 244 23 0.482513 15 241 254 0 0 
2 243 255 2 -2.67795 15 239 255 6 -2.46685 41 230 251 12 1.24905 85 233 255 113 -1.60618 8 106 170 132 -0.514451 0 27 122 62 1.47432 45 75 206 65 -2.78103 31 41 202 20 0.197396 39 36 222 4 0.785398 44 34 234 11 3.14159 42 34 235 13 -2.84309 34 33 226 10 -0.927295 17 35 202 27 0.942 36 67 206 59 -2.15417 0 27 135 37 2.45026 0 66 139 211 0.782054 84 234 255 19 -1.94169 31 227 245 19 1.46592 31 250 255 18 -1.62629 2 234 245 0 0 
0 242 254 4 -1.5708 5 236 250 5 1.3734 29 238 254 4 1.32582 58 235 255 10 2.55359 96 231 255 174 -1.63965 0 44 117 159 -0.0314362 0 23 131 60 1.28568 48 70 206 57 -2.91349 42 47 210 12 -1.07145 34 31 207 12 -0.165149 31 29 205 19 0.856706 40 49 213 5 2.76109 35 61 199 41 -2.42505 0 45 153 59 -2.24818 0 11 89 273 0.834454 109 227 255 12 -2.41495 56 233 255 10 -2.1588 19 232 247 19 0.968509 22 251 255 25 -2.86858 10 245 255 0 0 
5 244 249 5 -2.49809 4 240 246 10 0.507098 14 243 252 7 -2.26553 24 233 249 3 0.982794 52 228 255 4 -0.785398 83 212 255 147 -1.53 0 51 134 151 -0.0990129 0 23 135 67 0.816967 46 62 198 55 -3.05093 46 54 198 11 -3.05093 44 53 197 5 -2.60117 35 55 186 38 -2.46685 2 41 145 34 -1.83705 0 20 97 250 0.774099 90 209 255 13 0.837981 68 230 255 5 -1.76819 31 233 250 8 1.44644 21 245 255 22 -2.03444 0 226 237 26 0.463648 4 239 249 0 0 
7 240 242 10 1.3734 15 250 253 10 -2.1588 2 241 246 1 0.785398 10 239 250 4 1.81578 34 237 255 2 3.14159 62 228 255 2 -2.03444 101 213 255 120 -1.5458 8 83 162 139 -0.383177 0 23 120 88 0.458572 18 58 164 27 2.95848 21 65 166 39 -2.35619 0 41 132 51 -0.0587558 0 47 118 232 0.730575 99 212 255 7 0.785398 68 228 255 3 0 40 237 253 3 -1.24905 16 237 251 5 -0.643501 4 236 248 14 1.4289 18 250 255 17 -2.19105 4 236 247 0 0 
14 240 245 2 2.35619 12 243 247 3 -2.55359 5 241 247 1 -2.35619 6 238 249 3 1.24905 18 238 254 1 1.5708 38 234 255 2 2.35619 69 229 255 7 2.26553 98 229 255 102 -1.64907 15 122 173 126 -0.559439 0 54 106 133 0.0300661 0 58 110 130 0.401871 0 113 158 167 0.789618 96 237 255 23 -2.54154 61 230 255 6 0.463648 41 239 255 6 -2.81984 20 241 255 8 3.14159 7 242 255 5 -2.11122 0 238 253 3 2.55359 8 239 253 5 2.2143 15 243 255 0 0 
21 237 243 6 0.165149 17 239 244 2 0 8 239 247 1 0.785398 3 240 250 2 0.785398 7 241 253 2 -0.463648 17 237 253 1 -0.785398 33 233 252 3 1.5708 54 233 254 13 1.7976 87 242 255 45 -2.02464 53 201 225 31 -0.291457 40 193 214 59 0.978099 79 244 255 25 -2.35619 43 229 247 15 0.876058 39 244 255 13 -2.40878 16 237 251 7 -2.55359 1 234 248 13 0.394791 3 239 255 5 -1.3734 0 233 251 2 0.785398 12 235 250 4 1.10715 21 238 253 0 0 
41 240 249 9 -0.321751 31 238 246 4 -0.244979 14 239 248 2 1.10715 5 242 252 2 1.5708 2 244 255 2 -2.03444 2 241 254 2 -1.10715 9 238 252 4 0 19 236 251 5 -0.927295 31 229 247 9 1.15257 46 238 255 6 -1.73594 40 233 247 3 -0.588003 32 232 245 10 1.5708 33 243 255 8 -2.03444 15 237 249 7 -0.785398 3 232 245 16 1.05165 13 246 255 10 -2.49809 12 239 255 5 -0.927295 16 233 252 3 0.588003 28 235 251 7 0.694738 37 240 255 0 0 
57 247 255 0 0 40 241 250 0 0 19 239 249 0 0 5 242 252 0 0 0 244 254 0 0 0 244 255 0 0 0 244 255 0 0 6 242 254 0 0 18 237 251 0 0 27 240 254 0 0 27 239 250 0 0 18 234 245 0 0 19 241 253 0 0 13 243 254 0 0 7 241 253 0 0 5 239 251 0 0 21 241 255 0 0 26 236 253 0 0 39 240 255 0 0 51 245 255 0 0 
