16 0 191 18 -0.588003 6 0 163 12 -1.07145 0 7 114 4 -2.67795 0 15 92 12 -2.89661 0 11 89 15 -2.12245 0 0 76 10 -0.71883 0 0 75 15 0.463648 2 0 76 11 -1.48014 0 0 52 18 0.110657 0 0 49 11 0 0 0 52 9 1.15257 2 0 73 17 1.68791 12 4 111 16 2.00742 20 9 149 28 1.89255 42 26 198 35 1.97203 69 57 235 27 2.43297 86 83 239 69 -2.22297 29 31 179 39 -2.2296 1 0 153 3 0.588003 3 0 157 0 0 
31 15 206 48 -0.399515 12 5 170 36 -0.610726 0 1 115 22 -0.463648 0 0 90 15 0.0665682 0 0 92 21 0.141897 0 0 98 45 -0.0222186 0 0 103 57 -0.104877 0 0 93 44 0.135528 11 0 86 24 -0.205395 6 0 72 18 -0.390607 0 0 64 11 0.266252 0 0 73 12 1.24905 3 0 102 13 1.93797 9 4 133 24 2.03444 26 16 176 32 2.20188 48 39 209 30 -3.04192 42 41 199 53 -2.36953 3 5 159 10 -2.76109 1 0 159 19 1.19991 21 16 179 0 0 
75 61 249 34 -1.6588 39 34 203 31 -1.73071 8 15 148 15 -1.3734 0 4 125 13 0.566729 3 8 137 30 1.09244 34 31 171 28 0.400241 50 37 189 38 -0.522403 35 19 167 31 -0.463648 26 11 139 22 -0.563316 16 5 115 21 -0.652847 3 0 90 16 -0.244979 0 0 82 8 0.358771 0 0 89 7 1.97569 0 0 108 15 2.03444 5 6 140 19 2.24554 15 16 168 25 -2.69549 0 3 162 14 -2.45586 0 0 157 23 0.576375 4 4 172 22 1.06795 24 23 193 0 0 
70 60 244 54 -2.42104 32 28 201 37 -2.48751 9 12 164 13 -2.57486 0 7 154 11 1.10715 12 12 172 39 1.3932 53 47 218 18 1.5708 74 61 243 24 -1.61244 56 37 216 23 -1.39861 36 19 182 22 -0.688924 24 12 154 21 -0.71883 12 6 123 18 -0.708626 0 0 100 10 -0.927295 0 0 88 3 1.24905 0 0 95 11 0.909753 0 0 120 8 0.463648 0 0 138 3 2.81984 0 0 153 30 0.80865 6 10 182 47 0.0849018 12 13 187 33 -0.274167 5 5 177 0 0 
27 21 200 30 -2.16797 2 0 173 6 -2.46685 0 0 165 9 1.24905 2 3 177 15 0.876058 14 11 197 34 1.21203 46 41 234 18 1.2315 66 56 252 20 -1.17227 51 38 230 26 -0.394791 44 30 215 27 -0.577902 31 21 188 21 -0.817645 19 12 157 21 -1.14794 0 0 123 15 -0.965252 0 0 97 19 0.486899 0 2 106 36 0.2783 0 7 128 38 -0.182168 0 0 135 34 0.805803 7 11 176 48 1.40565 53 56 231 14 -0.832981 44 45 219 46 -1.41978 0 1 170 0 0 
12 8 173 18 -2.35619 0 0 163 4 2.03444 0 0 175 16 1.50838 12 8 197 14 1.49949 22 19 218 27 1.2723 48 45 244 20 1.21781 67 66 255 12 -0.244979 68 64 253 31 -0.362544 60 53 242 35 -0.705568 41 32 213 28 -0.885067 22 13 183 23 -1.03038 4 0 150 17 -0.286051 0 3 128 47 0.605545 26 32 151 62 0.209974 37 42 171 64 -0.331554 13 16 161 42 0.211093 17 17 187 50 1.65063 65 65 243 40 -2.7886 53 53 223 63 -2.21115 2 4 168 0 0 
4 3 143 13 -2.98894 0 0 150 7 1.71269 2 0 173 16 1.38545 13 8 199 21 1.2925 29 28 224 28 1.09128 52 56 245 27 1.07437 76 86 255 17 0.904827 92 101 255 21 -0.652847 82 85 255 37 -1.03499 54 50 233 30 -1.13613 31 20 206 18 -0.982794 18 8 184 25 0.7299 38 33 186 60 0.937163 87 84 229 53 0.244979 100 96 245 62 -0.694738 57 53 212 50 -0.813169 14 12 186 29 0.569313 30 28 202 22 -2.45267 18 17 180 34 -2.23184 0 0 147 0 0 
0 0 111 12 2.18152 3 3 133 21 2.59304 9 3 168 19 1.26492 22 15 202 30 1.19646 43 42 235 25 1.61077 65 72 253 23 1.18248 85 102 255 23 1.03038 107 124 255 11 -1.30454 99 108 255 38 -1.51821 65 65 243 32 -1.31824 39 29 219 10 -0.588003 37 24 210 35 1.2579 74 64 230 65 1.50934 139 132 255 26 2.79604 148 140 255 61 -2.10004 93 85 252 47 -1.63454 41 35 212 27 -1.20362 15 10 185 19 -1.15257 0 0 154 5 -0.643501 0 0 146 0 0 
0 2 81 10 -3.04192 0 0 96 35 1.74057 20 14 161 24 1.77619 37 30 205 16 1.87368 46 44 228 35 1.6563 76 82 255 25 1.69023 99 116 255 12 2.07014 110 130 255 13 -2.03444 101 114 255 32 -1.4158 73 77 242 30 -1.3734 48 41 222 15 -0.260602 48 37 217 36 0.844154 78 69 233 40 1.10715 116 107 255 3 1.24905 119 108 255 25 -1.76819 92 81 251 34 -1.5708 53 43 227 29 -1.2598 23 17 194 23 -1.26274 3 3 157 9 -1.5708 0 0 140 0 0 
0 0 58 3 2.1588 0 0 77 36 1.59857 20 14 145 25 1.85459 37 29 190 21 2.1588 48 42 221 36 1.87531 76 79 254 24 1.99742 96 110 255 14 2.25653 107 124 255 5 -2.9442 108 122 255 31 -1.41088 81 88 237 24 -1.01649 65 62 225 27 0.183111 73 66 230 40 0.54042 96 91 244 31 0.64987 117 109 255 6 -0.463648 114 103 255 20 -1.67046 92 79 254 25 -1.53082 60 51 238 30 -1.67046 28 24 203 29 -1.43373 3 4 156 13 -1.344 0 0 133 0 0 
0 0 52 7 0.588003 0 0 70 30 1.47113 19 11 128 20 1.96932 29 20 170 26 2.32917 41 31 207 39 2.01198 71 67 246 28 2.1786 93 98 255 18 2.20355 106 117 255 9 1.89255 117 129 255 23 -1.5708 97 106 239 15 -0.463648 94 97 235 27 0.496423 108 110 248 23 0.482513 121 121 255 11 0 121 119 255 11 -1.39094 110 102 255 17 -1.85685 91 79 255 30 -1.87172 57 46 238 30 -2.28654 32 27 210 30 -1.80003 6 7 157 18 -1.62629 0 0 128 0 0 
3 3 57 1 2.35619 1 0 69 19 1.62338 12 7 112 12 2.29744 14 6 143 23 2.11122 27 16 186 38 1.88442 59 51 228 31 2.06261 85 84 248 26 2.11759 106 112 255 12 1.89255 120 129 255 9 -1.89255 113 123 247 9 0.321751 118 126 250 14 0.737815 129 135 255 2 2.67795 130 134 255 14 -2.45586 121 121 255 20 -2.07789 102 96 255 24 -2.1251 81 70 250 45 -2.05424 37 27 217 17 -2.52134 27 21 198 26 -2.03444 7 10 149 21 -2.01317 0 0 118 0 0 
4 0 60 7 2.9997 1 0 68 13 1.96559 6 2 97 8 2.52134 6 0 122 20 1.86225 19 7 167 34 1.74547 47 36 212 31 1.99222 73 68 237 36 1.99742 104 106 255 14 2.06474 119 125 255 3 1.89255 122 132 255 5 2.11122 129 136 255 10 -2.85014 126 131 255 21 -2.76109 116 120 255 26 -2.83189 106 108 255 30 -2.37945 83 81 254 35 -2.17455 56 49 230 38 -2.11566 27 15 197 8 -1.69515 20 14 175 23 -2.01522 3 7 126 20 -2.18546 0 0 95 0 0 
0 0 52 4 0.785398 0 0 60 10 1.47113 1 0 81 6 2.03444 0 0 106 20 1.81578 15 4 154 27 1.82447 36 25 195 29 2.01952 60 51 225 43 1.87784 99 96 255 19 1.77829 118 122 255 15 3.07502 119 125 255 28 -3.07029 117 121 255 39 -2.80371 104 105 255 39 -2.80371 87 90 249 36 -3.00359 81 81 251 40 -2.65597 58 60 238 40 -2.33865 33 30 209 23 -2.50657 29 18 188 20 -2.18546 18 9 153 28 -2.1786 0 1 99 17 -2.31622 0 0 70 0 0 
0 0 48 11 0.0906599 0 0 53 9 0.708626 0 2 67 4 1.5708 0 0 89 18 1.84174 8 1 138 22 1.89255 23 13 179 28 1.9255 48 38 212 50 1.70989 97 89 255 8 1.44644 103 102 255 25 -2.66071 91 90 246 36 -2.83708 80 75 244 43 -2.84142 63 59 238 37 -2.81984 48 44 233 33 -2.99122 39 40 228 34 -2.81984 25 31 214 33 -2.50404 12 14 186 16 -2.70497 23 11 165 29 -2.33181 10 0 120 26 -2.32917 0 0 70 11 -2.48055 0 0 46 0 0 
4 13 56 5 -2.60117 0 8 58 9 -0.110657 0 3 67 9 -0.110657 0 0 84 24 0.726642 1 0 124 18 1.89255 15 7 161 33 2.00742 43 32 202 60 1.83996 101 88 255 44 -2.77761 83 76 240 49 -2.63252 59 53 214 38 -2.65469 41 32 202 27 -2.88792 33 24 198 31 -2.85014 22 15 190 26 -2.9516 13 13 181 26 -2.9516 7 12 169 33 -2.90376 6 9 148 30 -2.7367 10 1 121 26 -2.35619 1 0 81 14 -2.35619 0 0 47 3 -2.55359 0 0 32 0 0 
0 10 49 13 0.942 3 17 70 8 -3.01724 2 5 90 10 2.2143 8 6 112 9 -2.1294 0 0 111 10 1.67046 6 0 134 28 1.39409 33 19 177 34 1.92957 65 48 215 38 -2.68944 49 33 194 33 -2.67795 34 21 173 29 -2.75472 25 14 154 26 -2.7468 15 7 137 23 -2.92753 10 6 125 21 -2.90785 5 5 113 20 -2.49809 0 0 92 8 -2.78282 0 0 79 4 -2.35619 1 0 67 10 -1.5708 0 0 45 3 -1.89255 0 0 33 3 2.1588 0 0 31 0 0 
0 15 64 5 -1.03038 0 5 69 3 0.321751 0 0 93 31 0.291457 3 0 112 19 -0.207496 0 0 103 16 1.81578 13 10 126 14 2.30861 24 13 153 21 2.69922 33 19 167 31 -2.74925 23 8 153 22 -2.57828 13 0 132 16 -2.62245 6 0 112 12 -2.35619 0 0 93 6 -2.67795 0 0 83 5 3.14159 0 0 76 4 -2.03444 0 0 65 2 0.785398 1 2 58 7 0 7 6 50 11 -1.30454 0 0 32 5 -0.927295 0 0 26 5 0.785398 0 0 29 0 0 
3 12 80 8 -2.52134 0 2 83 28 1.3597 24 22 128 40 -0.0499584 22 19 129 38 -0.785398 0 0 92 10 1.86225 5 6 104 10 2.9442 7 3 116 9 -3.03094 6 0 119 8 -2.89661 6 0 111 11 -2.48055 0 0 99 6 -2.67795 0 0 86 6 -1.73594 0 0 75 2 -0.785398 0 0 72 3 0.982794 0 0 74 0 0 0 0 71 7 1.71269 8 7 69 5 -2.2143 10 8 54 11 -1.39094 0 1 35 4 -0.785398 0 0 30 5 0.643501 2 1 33 0 0 
0 2 79 0 0 4 6 94 0 0 64 61 171 0 0 49 46 156 0 0 0 0 86 0 0 0 0 87 0 0 0 0 98 0 0 0 0 100 0 0 0 0 92 0 0 0 0 81 0 0 0 0 78 0 0 0 0 72 0 0 0 0 71 0 0 0 0 74 0 0 0 0 71 0 0 5 3 69 0 0 12 10 56 0 0 3 4 38 0 0 3 2 36 0 0 7 6 38 0 0 
