248 248 248 9 0.785398 255 254 255 8 3.14159 255 250 255 12 -2.64225 255 241 255 46 -3.01189 255 232 255 122 -3.05167 248 220 250 115 2.99356 255 236 255 145 -3.12091 255 235 255 42 3.09401 255 240 255 7 1.4289 255 250 255 6 -2.46685 253 248 255 4 0.463648 255 249 255 7 -1.71269 255 238 255 60 -3.00904 254 226 255 135 -2.88765 227 187 229 77 2.59673 255 227 255 150 3.08166 255 240 255 78 -3.05209 250 239 255 10 0.851966 255 251 255 2 -2.03444 254 252 251 0 0 
255 253 255 12 -2.41495 252 243 253 6 -0.463648 255 236 255 74 -2.55732 217 192 220 85 -1.84426 139 106 143 86 -0.0348696 137 101 145 93 -0.151015 122 87 131 123 0.940219 218 189 228 82 2.56369 255 239 255 61 3.1252 255 243 255 5 1.03038 255 249 255 8 -2.78282 255 245 255 95 -2.37841 198 175 203 88 -2.03949 125 91 131 83 0.378294 163 117 170 72 -0.648996 117 72 128 131 0.661709 189 159 202 91 2.1131 255 242 255 73 3.14159 255 248 255 2 2.03444 255 254 255 0 0 
253 240 254 10 0.71883 255 245 255 100 -2.35619 196 168 204 19 -0.104877 199 161 209 34 0.887087 230 183 245 5 2.49809 235 184 251 35 -1.91957 200 152 218 51 -0.950547 154 113 170 64 0.961338 202 171 216 89 2.32446 255 240 255 70 -3.05609 255 236 255 120 -2.58123 195 170 204 48 -2.26819 164 128 175 79 0.514451 208 161 223 29 0.386876 224 166 244 9 2.92292 226 168 246 73 -1.87531 147 105 166 54 1.28996 194 164 207 101 2.35619 255 242 255 45 -3.07502 255 243 255 0 0 
255 244 255 74 -1.81578 196 169 203 21 2.01317 220 181 233 2 2.67795 227 176 244 10 0.0996687 233 171 253 7 -0.785398 228 165 251 10 1.0637 235 175 255 35 -1.59936 199 143 218 45 -1.70335 148 104 165 56 1.51728 201 163 215 52 -2.32917 163 127 174 36 0.192048 171 132 184 84 0.844154 238 190 255 22 -3.00606 240 181 255 28 -2.05032 221 149 249 21 -2.59304 208 138 238 48 -2.39965 168 112 193 37 -1.21516 127 85 146 100 1.40074 225 191 231 73 2.7331 252 224 253 0 0 
254 220 255 69 -2.01522 194 154 202 32 0.939717 226 173 240 14 2.0032 242 180 255 21 -2.95337 243 170 255 5 -1.19029 240 164 255 31 3.04512 241 168 255 67 -2.50404 200 131 222 36 -1.68145 160 100 178 22 0.881872 174 120 190 54 0.669043 206 155 222 41 0.716542 235 180 253 15 -1.50423 223 160 246 8 0.785398 234 160 255 50 -2.5099 208 124 242 36 -2.21979 179 95 213 16 1.38545 188 118 219 37 -2.16621 153 94 174 18 0.938047 163 118 174 115 1.9144 255 232 255 0 0 
229 185 238 14 -1.71269 217 169 228 6 2.97644 223 163 241 2 -2.35619 226 155 248 21 2.05527 251 169 255 44 -2.13411 215 129 241 28 -2.35619 195 110 218 12 0.96007 201 123 224 19 -1.94169 181 108 200 46 1.39861 224 157 242 22 1.5708 244 179 255 10 -2.85014 241 175 255 13 -2.30361 234 160 255 60 -2.40267 197 115 228 14 -2.25653 190 99 226 8 -0.519146 186 95 222 8 -1.81578 172 91 207 4 0.244979 170 99 195 35 -1.59936 129 75 142 140 1.48529 255 219 255 0 0 
231 179 243 18 -1.84174 214 158 229 20 2.89661 225 158 243 18 -2.55359 220 143 240 8 2.52134 230 145 250 42 -2.20482 198 109 219 8 2.08994 205 116 225 11 -2.79282 199 114 218 5 -2.49809 195 113 212 38 1.3633 229 152 249 37 2.8113 239 164 255 2 -0.785398 237 161 255 62 -2.3225 193 111 223 5 -2.11122 192 104 222 7 2.35619 200 106 230 13 -1.93797 185 93 218 2 -1.5708 180 92 216 4 -1.81578 172 93 202 22 -1.61622 145 83 159 119 1.63792 255 208 255 0 0 
227 172 241 37 -1.07145 196 137 212 20 2.63449 210 142 231 6 -2.81984 213 136 234 23 -2.56522 205 119 227 13 -1.72345 196 104 217 3 3.14159 198 104 215 10 2.85014 199 108 217 9 1.78947 206 119 223 7 -2.44685 198 114 219 49 1.5708 245 163 255 69 -2.39699 198 114 226 10 -2.49809 194 106 223 9 -2.27942 188 98 217 8 0.62025 195 103 222 11 -2.35619 185 95 215 3 -1.24905 181 90 217 5 -2.2143 171 91 204 29 -1.80765 139 73 154 124 1.59499 255 204 255 0 0 
244 191 255 72 -1.26215 176 119 194 29 2.28315 204 136 225 18 -2.1294 193 114 217 7 2.35619 203 115 228 22 -2.48055 193 100 215 11 -2.48055 188 93 207 17 0.702257 199 105 216 5 2.11122 202 111 220 8 3.01724 201 112 221 9 -2.92292 197 109 222 6 -2.46685 192 105 219 4 -1.5708 189 99 218 6 1.73594 195 106 223 12 -2.24554 185 97 210 2 2.67795 185 98 212 7 -1.71269 176 89 211 9 -1.0122 162 86 194 25 -1.65063 132 73 148 139 1.4633 255 217 255 0 0 
255 216 255 110 -1.50725 154 103 171 31 1.44247 190 126 215 13 -2.13753 184 109 213 8 -1.44644 182 97 213 5 -1.5708 182 89 210 17 1.08084 201 104 224 6 -2.24554 196 101 216 11 3.14159 196 102 213 1 0 194 102 213 2 1.10715 194 103 218 1 1.5708 193 104 221 5 -1.5708 188 98 217 1 -0.785398 186 98 215 4 -2.03444 182 96 208 3 0.588003 182 99 208 6 -2.97644 177 96 212 26 -2.54317 157 87 187 12 -2.46685 144 90 159 143 1.12277 255 225 255 0 0 
255 228 255 113 -1.50893 154 110 169 64 0.316824 180 121 205 25 -3.02216 182 110 216 13 -2.40878 178 94 218 5 0.643501 187 94 225 5 2.60117 193 99 224 15 -2.2143 185 88 209 14 0.982794 197 102 216 3 3.14159 195 103 214 2 2.67795 194 103 218 6 2.97644 193 104 221 9 -2.72337 188 100 218 5 -2.35619 182 97 213 2 0.463648 183 99 211 8 -1.05165 172 94 201 17 -1.80189 150 79 182 16 -0.185348 142 83 168 68 1.9158 200 158 213 90 0.754158 255 225 255 0 0 
255 240 255 59 -1.58774 210 176 223 88 -0.84134 151 99 176 12 1.65394 168 102 203 8 2.52134 179 99 222 10 -2.49809 180 90 220 6 -2.97644 182 89 217 9 2.58299 191 96 217 3 0.321751 194 99 214 1 2.35619 193 101 214 3 -0.982794 190 97 212 8 -0.244979 184 95 212 14 0.0713075 184 96 214 8 0.244979 182 99 215 5 2.49809 185 103 215 21 -2.38844 165 92 194 10 2.85014 161 101 189 47 -2.05331 111 67 134 167 1.15257 255 229 255 7 2.44685 255 239 255 0 0 
255 244 255 1 0.785398 255 240 255 126 -1.62629 146 103 168 87 0.0688565 158 99 190 25 2.98294 169 94 209 5 -2.35619 170 86 212 6 -2.67795 173 83 206 17 1.15839 192 100 219 17 -2.96692 191 98 213 4 1.32582 195 102 217 8 2.78282 198 104 222 13 2.84309 198 108 227 13 -2.7468 190 103 223 17 -2.52134 178 95 211 11 -2.23184 167 88 197 9 -1.24905 153 86 178 41 -0.221314 133 85 157 50 1.91118 174 142 191 116 0.748829 250 228 255 18 0.558599 255 242 255 0 0 
255 250 255 7 -1.2925 255 238 255 32 -1.44644 230 194 246 112 -1.21824 129 78 158 65 0.394791 161 95 197 31 -2.95041 162 84 199 13 0.837981 178 93 209 13 -2.5128 175 84 199 15 1.43824 192 99 214 12 -2.71497 187 93 211 2 -2.35619 185 90 211 5 1.03038 186 95 218 7 -1.1659 176 89 209 3 -2.1588 169 89 202 1 0.785398 168 94 196 35 2.23677 189 129 213 68 -1.83705 111 73 131 191 0.900134 254 232 255 11 2.11122 255 249 255 0 0 255 253 255 0 0 
255 255 251 5 -1.9513 255 246 255 4 0.785398 255 238 255 85 -1.55903 187 144 209 102 -0.695982 129 69 157 51 0.717012 170 98 198 35 -2.85554 167 85 190 5 1.5708 177 88 197 8 2.89661 181 89 202 5 2.35619 185 91 210 3 1.89255 188 91 219 10 2.63449 189 96 224 21 -2.55359 174 87 209 6 3.14159 170 91 200 32 -0.741947 146 75 168 41 0.88848 170 116 186 76 1.19516 228 197 242 39 0.678662 244 231 253 22 0.785398 255 252 255 6 -2.81984 255 253 252 0 0 
255 255 247 3 3.14159 255 251 254 2 0.463648 255 243 255 8 -2.08994 255 229 255 106 -1.56136 164 115 183 112 -0.352553 130 71 152 35 0.74542 161 91 182 26 -3.02672 164 84 185 7 2.26553 173 85 198 12 2.53087 180 90 210 7 -2.44685 174 83 210 6 -2.46685 168 81 203 13 3.14159 162 85 196 35 1.00623 189 122 214 57 -2.78689 165 108 183 39 1.03907 192 150 205 108 0.746457 255 234 255 13 0.837981 255 250 255 6 -1.73594 251 248 250 8 0.785398 255 255 252 0 0 
254 251 246 7 0.785398 255 254 255 9 -2.58299 255 244 255 4 -0.463648 255 237 255 7 -0.141897 255 231 255 119 -1.5792 147 106 163 114 -0.247097 127 71 146 48 0.380506 150 83 175 20 3.09163 154 77 188 12 1.99742 167 84 206 17 -2.9105 161 81 200 12 -1.40565 146 74 181 32 1.5708 173 114 199 44 -1.82124 124 78 144 86 0.671144 175 138 188 128 0.824053 255 239 255 3 1.5708 255 248 255 0 0 255 252 255 1 1.5708 255 255 255 0 0 255 255 254 0 0 
255 255 251 9 -2.1294 249 247 246 10 0.71883 255 251 255 1 0.785398 255 250 255 9 -1.98902 255 238 255 11 -0.661043 253 226 255 94 -1.46481 166 124 179 117 -0.410466 123 70 144 90 0.177875 144 77 176 24 -3.09995 145 73 180 22 2.41861 160 89 192 45 -2.82683 141 80 170 22 1.89255 156 111 174 77 0.480887 187 154 198 107 0.745945 255 233 255 13 0.566729 255 245 255 3 1.89255 255 252 255 0 0 254 254 254 1 1.5708 255 255 255 0 0 255 255 255 0 0 
250 254 242 6 2.24554 255 255 249 0 0 255 255 252 8 -2.62245 255 250 251 4 1.10715 255 252 255 6 -1.73594 255 243 255 4 1.32582 255 240 255 66 -1.5405 210 167 218 118 -0.959379 118 61 136 149 0.0402467 124 64 148 95 -0.115276 113 54 134 113 0.195662 132 81 148 164 0.630136 223 187 231 66 0.764125 255 240 255 5 2.11122 255 250 255 5 -1.5708 254 248 253 5 0.927295 255 253 255 0 0 254 254 254 1 1.5708 255 255 255 0 0 255 255 255 0 0 
244 251 236 0 0 253 255 247 0 0 248 251 242 0 0 255 255 249 0 0 255 254 253 0 0 255 247 253 0 0 255 246 255 0 0 255 239 255 0 0 255 215 255 0 0 219 163 234 0 0 223 169 238 0 0 255 218 255 0 0 255 238 255 0 0 255 240 255 0 0 255 252 255 0 0 255 253 252 0 0 255 254 254 0 0 254 254 254 0 0 255 255 255 0 0 255 255 255 0 0 
