254 254 254 1 0 254 254 254 5 2.9442 255 255 255 2 -1.5708 253 253 253 2 1.5708 255 255 255 5 -1.76819 250 250 250 7 0.785398 255 255 255 2 -2.03444 253 253 253 2 0.463648 254 254 254 1 -2.35619 253 253 253 2 0.785398 255 255 255 4 -1.81578 251 251 251 4 1.5708 255 255 255 5 -1.5708 250 250 250 7 0.785398 255 255 255 10 -2.55359 249 249 249 8 0.785398 255 255 255 2 -2.35619 253 253 253 1 1.5708 254 254 254 0 0 254 254 254 0 0 
255 255 255 6 -1.5708 249 249 249 6 2.03444 255 255 255 3 -2.55359 253 253 253 46 3.11986 254 254 254 166 3.13557 255 255 255 190 -3.13633 254 254 254 176 3.13591 255 255 255 72 -3.11382 253 253 253 2 1.10715 255 255 255 3 -2.81984 254 254 254 7 -2.7367 251 251 251 158 3.11628 255 255 255 255 3.14159 255 255 255 255 -3.10631 246 246 246 239 3.10395 255 255 255 218 -3.13242 253 253 253 23 3.14159 253 253 253 2 0.463648 254 254 254 1 2.35619 255 255 255 0 0 
255 255 255 12 -2.29744 246 246 246 10 0.588003 252 252 252 154 -2.84642 207 207 207 238 -2.61985 88 88 88 86 -2.87127 65 65 65 65 2.94119 78 78 78 130 2.20971 183 183 183 193 2.76588 254 254 254 201 -3.13164 252 252 252 84 -3.08214 247 247 247 290 -2.58226 93 93 93 127 -2.32287 0 0 0 4 0 0 0 0 7 1.5708 7 7 7 30 1.80003 37 37 37 195 1.73006 230 230 230 224 3.02995 255 255 255 91 -3.11962 253 253 253 3 -0.982794 250 250 250 0 0 
247 247 247 11 0.785398 255 255 255 203 -2.30762 104 104 104 146 -2.35136 0 0 0 5 1.03038 5 5 5 5 -2.35619 1 1 1 1 -2.35619 0 0 0 7 0.404892 3 3 3 50 1.63072 53 53 53 126 2.00265 168 168 168 234 -2.34713 1 1 1 5 1.76819 6 6 6 6 -2.81984 4 4 4 5 -2.35619 0 0 0 1 0 0 0 0 7 0.982794 6 6 6 3 2.81984 7 7 7 157 1.61535 164 164 164 184 2.62447 255 255 255 2 3.14159 255 255 255 0 0 
255 255 255 137 -1.5708 118 118 118 164 -2.3519 1 1 1 8 0.244979 3 3 3 3 -2.55359 1 1 1 1 -2.35619 0 0 0 8 0.950547 7 7 7 7 -1.8491 0 0 0 0 0 0 0 0 4 1.32582 4 4 4 5 -2.35619 0 0 0 4 0 0 0 0 0 0 0 0 0 5 0.197396 1 1 1 5 0.643501 4 4 4 1 -1.5708 3 3 3 4 -2.35619 0 0 0 5 0.927295 4 4 4 249 1.58284 253 253 253 5 2.76109 255 255 255 0 0 
255 255 255 253 -1.57475 2 2 2 7 1.8491 9 9 9 12 -2.35619 0 0 0 9 0 0 0 0 7 0.694738 5 5 5 5 3.14159 5 5 5 7 -2.35619 0 0 0 9 0.110657 1 1 1 2 -0.463648 0 0 0 4 1.5708 4 4 4 4 -1.81578 0 0 0 8 0.62025 5 5 5 5 3.14159 5 5 5 3 -2.81984 4 4 4 5 -2.35619 0 0 0 8 0.358771 3 3 3 3 -2.55359 1 1 1 247 1.53033 248 248 248 7 0.2783 250 250 250 0 0 
254 254 254 254 -1.59048 0 0 0 6 0 0 0 0 9 1.15257 9 9 9 9 -2.81984 6 6 6 6 -1.40565 0 0 0 0 0 0 0 0 9 1.46014 9 9 9 10 -2.55359 3 3 3 3 -1.5708 0 0 0 3 1.5708 3 3 3 4 1.5708 7 7 7 9 -2.35619 0 0 0 2 1.5708 2 2 2 2 -0.785398 0 0 0 8 1.10715 8 8 8 11 -2.35619 0 0 0 12 1.07145 11 11 11 270 1.12701 255 255 255 11 -2.11122 245 245 245 0 0 
249 249 249 243 -1.54611 6 6 6 101 -0.0197994 4 4 4 4 -1.81578 0 0 0 8 0.950547 7 7 7 8 -2.19105 0 0 0 3 0.321751 1 1 1 1 -0.785398 0 0 0 3 1.5708 3 3 3 3 -2.1588 0 0 0 3 1.5708 3 3 3 3 -2.1588 0 0 0 1 0 0 0 0 4 1.32582 4 4 4 1 3.14159 4 4 4 4 -2.03444 0 0 0 6 1.5708 6 6 6 121 1.6121 127 127 127 176 0.761403 249 249 249 6 1.10715 255 255 255 0 0 
255 255 255 148 -1.59106 107 107 107 180 -0.612538 3 3 3 2 2.03444 5 5 5 4 -2.35619 2 2 2 1 2.35619 3 3 3 1 -2.35619 2 2 2 2 -2.35619 0 0 0 8 0.124355 1 1 1 1 -2.35619 0 0 0 8 0.124355 1 1 1 0 0 1 1 1 5 0 1 1 1 2 2.03444 3 3 3 5 -0.197396 2 2 2 2 -2.35619 0 0 0 5 0.197396 1 1 1 275 1.17545 255 255 255 10 -2.85014 252 252 252 4 -1.5708 248 248 248 0 0 
252 252 252 3 1.24905 255 255 255 253 -1.5708 2 2 2 253 0 2 2 2 2 -2.67795 1 1 1 3 0.321751 2 2 2 2 -2.35619 0 0 0 8 1.5708 8 8 8 11 -2.35619 0 0 0 8 1.5708 8 8 8 10 -2.42276 1 1 1 5 1.5708 6 6 6 8 -2.35619 0 0 0 13 0.628796 8 8 8 10 -2.2143 0 0 0 5 1.5708 5 5 5 102 1.61978 107 107 107 202 0.750447 245 245 245 12 0.610726 252 252 252 3 1.89255 255 255 255 0 0 
253 253 253 2 0.785398 255 255 255 1 3.14159 255 255 255 255 -1.59432 0 0 0 240 0.0166651 4 4 4 5 -2.35619 0 0 0 2 0 0 0 0 10 0 0 0 0 0 0 0 0 0 2 0 0 0 0 5 0.197396 1 1 1 1 -0.785398 0 0 0 11 1.5708 11 11 11 14 -2.45586 2 2 2 3 -0.588003 0 0 0 0 0 0 0 0 342 0.841241 255 255 255 5 3.14159 255 255 255 8 -2.67795 251 251 251 4 0.463648 253 253 253 0 0 
255 255 255 1 -1.5708 254 254 254 10 -2.63449 249 249 249 10 -0.982794 240 240 240 240 -1.51253 0 0 0 232 0.00862048 2 2 2 8 1.81578 10 10 10 14 -2.35619 0 0 0 8 0.244979 2 2 2 3 2.1588 5 5 5 3 -1.5708 2 2 2 2 -1.5708 0 0 0 4 0 0 0 0 5 1.5708 5 5 5 7 -2.35619 0 0 0 268 1.01378 228 228 228 32 0.741947 250 250 250 4 -0.785398 247 247 247 11 0.785398 255 255 255 0 0 255 255 255 0 0 
255 255 255 10 -1.5708 245 245 245 14 0.785398 255 255 255 1 -1.5708 254 254 254 23 -1.87885 232 232 232 232 -1.4848 0 0 0 255 0 0 0 0 8 1.5708 8 8 8 11 -2.35619 0 0 0 5 1.03038 5 5 5 5 -2.60117 2 2 2 2 2.35619 4 4 4 5 -2.35619 0 0 0 11 0 0 0 0 182 0.890073 142 142 142 151 0.813428 252 252 252 3 0.321751 253 253 253 2 0.785398 255 255 255 0 0 255 255 255 10 -2.42276 248 248 248 0 0 
255 255 255 3 3.14159 255 255 255 3 3.14159 255 255 255 8 -1.5708 247 247 247 9 0.558599 252 252 252 4 0.785398 255 255 255 255 -1.62173 0 0 0 255 0 0 0 0 3 0.982794 3 3 3 3 -1.24905 0 0 0 5 0 0 0 0 1 0 0 0 0 15 0.785398 11 11 11 131 0.909088 115 115 115 185 0.781596 246 246 246 12 0.785398 255 255 255 1 3.14159 255 255 255 2 3.14159 255 255 255 8 -1.81578 247 247 247 9 0.785398 254 254 254 0 0 
252 252 252 3 0 252 252 252 3 1.5708 255 255 255 1 3.14159 255 255 255 1 3.14159 255 255 255 13 -1.5708 242 242 242 18 0.785398 255 255 255 253 -1.5787 2 2 2 119 0.0168051 4 4 4 4 2.89661 5 5 5 4 -2.03444 1 1 1 10 1.67046 11 11 11 136 0.634717 92 92 92 222 0.77266 247 247 247 11 0.785398 255 255 255 7 -2.9997 254 254 254 1 -0.785398 253 253 253 2 0 253 253 253 2 0.463648 254 254 254 1 0.785398 255 255 255 0 0 
255 255 255 3 -1.5708 252 252 252 3 0.588003 254 254 254 1 0 254 254 254 1 0.785398 255 255 255 0 0 255 255 255 2 -1.5708 253 253 253 132 -1.55565 121 121 121 180 -0.734462 0 0 0 4 0.785398 3 3 3 3 -1.89255 0 0 0 181 0.730765 121 121 121 184 0.781567 251 251 251 5 0.785398 255 255 255 8 -2.08994 248 248 248 9 0.785398 255 255 255 0 0 255 255 255 0 0 255 255 255 2 3.14159 255 255 255 7 -1.71269 248 248 248 0 0 
255 255 255 0 0 255 255 255 0 0 255 255 255 0 0 255 255 255 0 0 255 255 255 0 0 255 255 255 0 0 255 255 255 0 0 255 255 255 252 -1.5708 3 3 3 117 -0.0085468 2 2 2 151 1.06882 135 135 135 167 0.772741 252 252 252 4 0.785398 255 255 255 4 -2.03444 251 251 251 5 0.785398 255 255 255 3 3.14159 255 255 255 2 3.14159 255 255 254 2 -1.5708 253 254 252 1 2.35619 254 255 253 1 1.5708 255 255 254 0 0 
255 255 255 0 0 255 255 255 0 0 255 255 255 0 0 255 255 255 0 0 255 255 255 0 0 255 255 255 0 0 255 255 255 0 0 255 255 255 135 -1.5708 120 120 120 140 -0.326255 75 75 75 254 0.785398 255 255 255 0 0 255 255 255 4 -2.67795 253 253 253 2 1.10715 255 255 255 3 -1.5708 252 252 252 2 0.463648 253 253 253 2 0.785398 255 255 254 3 -1.5708 252 253 251 2 2.03444 254 255 253 1 2.35619 255 255 254 0 0 
255 255 255 0 0 255 255 255 0 0 255 255 255 0 0 255 255 255 0 0 255 255 255 0 0 255 255 255 0 0 255 255 255 0 0 255 255 255 2 -1.5708 253 253 253 2 2.35619 255 255 255 0 0 255 255 255 9 -2.72337 251 251 251 3 1.89255 254 254 254 1 2.35619 255 255 255 1 -1.5708 254 254 254 6 2.97644 255 255 255 0 0 255 255 254 10 -2.76109 251 252 250 9 2.92292 253 254 252 9 2.92292 255 255 254 0 0 
255 255 255 0 0 255 255 255 0 0 255 255 255 0 0 255 255 255 0 0 255 255 255 0 0 255 255 255 0 0 255 255 255 0 0 255 255 255 0 0 251 251 251 0 0 255 255 255 0 0 246 246 246 0 0 250 250 250 0 0 253 253 253 0 0 255 255 255 0 0 248 248 248 0 0 255 255 255 0 0 245 246 244 0 0 242 243 241 0 0 244 245 243 0 0 248 249 247 0 0 
