255 255 255 6 -2.03444 251 252 243 6 -0.321751 249 255 232 17 2.9105 253 255 226 63 -3.10986 251 255 217 111 -3.06069 242 255 205 118 3.0739 250 255 219 105 -3.09401 245 254 221 12 1.73594 255 255 245 11 -2.48055 250 249 245 9 0.785398 255 253 255 5 3.14159 255 255 255 4 -1.5708 253 254 244 16 2.95624 255 255 237 91 -3.0213 245 255 215 74 3.11457 247 255 217 80 3.10411 248 255 230 38 3.14159 248 253 238 11 2.48055 255 255 249 10 3.14159 255 255 252 0 0 
254 255 242 4 2.35619 255 255 241 55 -2.67795 232 241 208 85 -2.6311 190 203 159 108 -2.66142 140 156 103 52 -2.83189 124 140 86 32 2.44293 145 159 111 112 2.08994 243 254 216 162 3.11074 248 254 231 66 3.00606 255 255 245 7 -2.35619 252 253 244 5 1.76819 255 255 248 64 -2.82477 237 242 221 154 -2.65772 165 173 142 70 3.05609 171 184 138 83 -3.09344 167 181 133 90 2.62381 210 222 186 119 2.89661 239 248 221 43 3.00295 245 251 232 10 1.86225 255 255 245 0 0 
251 255 221 46 -1.91957 207 220 174 59 -2.14011 157 173 120 90 -2.37182 94 111 54 41 -0.0972532 90 108 47 153 0.0587558 99 117 56 141 -0.0708034 89 106 49 159 -0.0502721 81 96 45 165 0.656801 182 193 153 118 2.50657 252 255 226 67 -3.12667 251 255 228 62 -2.05602 196 205 172 146 -2.42405 100 111 71 89 -0.0561208 95 108 62 143 -0.048912 88 104 50 156 0 88 105 48 149 0.0536398 96 112 58 108 1.22281 198 212 164 120 2.74872 244 255 215 35 2.76632 255 255 233 0 0 
235 252 195 62 -1.8314 175 192 135 118 -2.36218 92 109 52 68 0.681606 135 152 95 161 0.732815 243 255 205 6 -0.463648 240 255 203 18 0.439843 248 255 212 36 -1.37875 212 225 179 131 -1.25385 87 99 57 192 0.533302 185 196 156 82 2.67795 222 233 193 173 -2.23741 86 97 57 189 0.574826 189 201 159 75 0.710069 238 251 207 18 0.339293 244 255 211 13 -0.566729 237 253 200 104 -1.43699 133 150 93 122 -0.383528 87 104 47 127 1.32582 211 226 175 69 2.50962 252 255 219 0 0 
219 237 178 128 -1.50838 91 107 53 55 1.78947 145 159 111 156 0.776389 255 255 226 7 -2.1588 249 255 225 10 0.927295 255 255 235 4 -2.67795 255 255 235 4 -2.67795 253 255 233 4 0 253 255 231 142 -1.57784 111 119 88 135 0.029621 115 124 91 174 0.837981 245 254 221 12 0.0831412 246 254 223 14 0.68573 255 255 235 0 0 255 255 236 4 -2.03444 251 255 228 5 -0.785398 247 255 216 129 -1.60179 118 134 81 110 0.341805 155 170 119 103 2.1079 244 255 208 0 0 
227 244 187 148 -1.68516 79 94 43 186 1.26089 255 255 228 12 -2.64225 251 255 231 4 1.5708 255 255 242 2 -0.785398 253 254 244 4 -0.463648 251 252 243 6 1.10715 255 255 247 5 -1.5708 252 255 239 7 -0.876058 246 252 229 17 -0.950547 232 238 213 32 0.896055 255 255 238 0 0 255 255 241 10 -2.9442 255 255 243 2 -1.10715 253 254 245 2 0.785398 255 255 245 12 -1.48766 243 251 221 25 -0.982794 222 233 193 123 -1.32582 102 115 71 131 1.61657 233 247 199 0 0 
210 226 172 76 -1.31947 136 149 103 112 1.35598 246 254 223 7 0.785398 251 255 236 7 0.982794 255 255 252 5 3.14159 255 254 255 3 -1.5708 254 250 255 3 1.24905 255 255 255 1 3.14159 255 255 249 5 -2.9442 255 255 244 4 -1.32582 252 255 237 5 1.76819 255 255 244 10 -1.5708 247 249 237 12 0.844154 255 255 251 1 -2.35619 255 251 255 1 1.5708 255 253 255 1 0.785398 255 255 247 7 -2.44685 254 255 235 156 -1.54516 98 104 73 139 1.49898 237 245 208 0 0 
229 243 195 71 -1.30209 160 172 130 91 1.49402 251 255 231 7 0.588003 255 255 243 3 -1.89255 252 250 250 5 1.03038 255 253 255 2 -1.5708 255 250 255 1 2.35619 255 252 255 4 -1.81578 252 250 249 7 0.785398 255 255 249 10 -2.55359 251 253 241 7 0.982794 255 255 247 2 -1.5708 255 255 249 1 3.14159 255 253 253 2 0 255 250 255 2 1.10715 255 253 255 6 -1.73594 253 250 245 5 1.5708 255 255 243 151 -1.70335 108 113 86 129 1.43876 236 242 211 0 0 
248 255 218 81 -1.50915 167 177 141 92 1.3206 255 255 238 24 -3.01724 254 255 242 3 0.321751 255 254 250 8 2.89661 255 253 255 3 -1.5708 254 250 255 3 0.321751 255 251 255 2 2.03444 255 255 255 12 -2.35619 248 247 243 11 0.661043 255 255 249 2 0.785398 255 255 249 6 -2.67795 254 253 249 4 0.785398 255 255 255 1 -1.5708 255 252 255 6 3.14159 255 254 254 5 -1.3734 253 253 239 15 -1.76819 238 241 219 127 -2.05891 125 130 103 146 1.04911 252 255 228 0 0 
253 255 231 63 -1.53906 190 197 170 69 0.672478 233 238 217 51 2.66071 255 255 245 10 -1.76819 247 247 241 11 1.03038 255 255 255 0 0 255 253 255 5 -2.49809 254 250 255 6 -1.10715 248 244 249 12 0.785398 255 254 255 1 3.14159 255 255 255 6 -1.5708 251 249 248 6 1.10715 255 255 254 0 0 255 255 255 9 -2.35619 250 248 248 9 0.785398 255 255 251 9 -1.5708 250 252 232 72 -1.55691 178 183 154 72 2.86329 198 203 174 67 0.879853 250 255 226 0 0 
255 255 243 11 -1.66146 244 247 232 58 -1.34656 187 189 177 73 1.19283 255 255 246 43 -3.09511 253 253 247 4 1.10715 255 255 254 4 -2.03444 253 250 252 5 0.785398 255 253 255 2 3.14159 255 253 255 2 -2.67795 255 251 255 1 1.5708 255 253 255 5 -2.60117 254 250 255 4 0.785398 255 254 255 7 -1.5708 250 248 248 9 0.785398 255 255 254 13 3.14159 255 255 247 10 -2.2143 249 255 227 164 -2.08617 106 116 80 158 0.996803 239 247 216 22 0.847817 255 255 234 0 0 
254 254 248 4 0.785398 255 255 251 43 -1.66355 214 215 206 34 -0.0587558 212 213 203 56 2.28133 255 255 246 1 3.14159 255 255 247 6 2.81984 255 255 252 2 -1.5708 255 253 253 1 3.14159 255 251 255 1 1.5708 255 252 255 4 -1.32582 252 248 254 7 2.44685 255 253 255 0 0 255 255 255 2 3.14159 255 255 251 14 -2.06474 244 245 235 14 0.493941 251 255 236 83 -1.66689 168 176 145 60 2.73014 192 201 168 80 0.872894 254 255 234 4 2.35619 255 255 238 0 0 
255 255 254 5 -2.2143 253 252 248 5 -1.03038 248 249 240 73 -1.50241 175 177 165 108 0.818066 254 255 241 110 -3.09617 249 252 236 8 1.32582 255 255 245 3 -1.5708 254 255 246 5 2.9442 255 254 250 2 1.10715 255 255 255 11 -1.91957 246 244 244 15 0.785398 255 255 254 9 -2.92292 255 255 247 5 -1.19029 250 253 237 7 1.5708 255 255 240 14 -1.8491 243 250 223 201 -2.4405 113 120 93 179 0.820956 244 250 225 14 0.493941 251 255 236 8 0.785398 255 255 244 0 0 
254 251 253 2 1.10715 255 254 253 5 -2.49809 253 254 245 5 -0.785398 249 252 237 105 -1.49475 144 148 129 137 0.89378 251 255 235 117 3.09036 255 255 242 15 -2.58994 249 252 237 10 0.71883 255 255 248 8 -2.78282 253 252 248 4 1.10715 255 255 252 9 -1.5708 248 248 242 12 0.844154 255 255 245 9 -2.35619 250 255 233 5 0.54042 253 255 231 219 -2.2982 89 97 66 184 0.912128 235 241 218 24 1.10715 255 255 244 0 0 255 255 247 5 -2.9442 255 255 247 0 0 
255 251 255 3 -2.1588 252 249 251 7 0.785398 255 255 251 3 3.14159 255 255 247 28 -1.89255 230 234 215 99 -1.29663 134 139 118 147 0.837981 244 248 229 124 3.03714 255 255 245 10 -2.1588 248 249 239 11 0.661043 255 255 249 4 2.67795 255 255 251 4 -2.89661 255 255 248 12 -2.64225 250 253 237 8 0.62025 255 255 236 209 -2.35619 107 115 84 111 1.01504 202 210 179 64 0.752443 244 251 230 15 0.785398 255 255 247 6 -2.24554 250 252 246 4 0.244979 251 252 248 0 0 
253 249 255 5 0.927295 255 253 255 5 -2.60117 254 251 253 6 -1.24905 248 248 242 12 0.844154 255 255 244 24 -1.5708 233 239 214 113 -1.49132 120 128 97 132 1.43425 251 255 229 143 3.09966 255 255 240 18 -2.8023 251 255 236 2 1.10715 253 255 240 8 -1.81578 245 249 230 14 0.982794 255 255 240 214 -2.3661 107 114 87 70 0.998603 166 173 146 120 0.761873 249 255 232 8 1.21203 255 255 245 4 -1.5708 251 253 247 5 0.643501 254 255 253 1 0 254 254 254 0 0 
254 254 254 4 -1.32582 250 249 253 6 0.674741 254 250 255 1 0 254 253 255 2 2.67795 255 255 245 15 -1.8314 242 252 216 104 -1.45592 140 154 100 39 -2.26553 110 125 68 136 1.3187 242 253 207 141 3.05669 254 255 223 46 -3.11986 253 255 225 10 2.9442 255 255 227 223 -2.41309 104 115 77 52 0.908067 145 153 122 148 0.813962 253 255 240 1 -0.785398 252 253 244 7 0.785398 255 255 252 0 0 255 255 254 0 0 255 255 255 0 0 255 255 255 0 0 
255 255 255 8 3.14159 255 254 255 0 0 255 250 255 3 -2.1588 252 249 255 3 -0.321751 253 255 241 4 0.244979 254 255 227 141 -1.54952 115 131 70 138 0.211599 144 163 94 47 -2.00615 101 117 56 111 1.2802 208 222 168 110 2.81984 243 255 207 215 -2.3398 88 98 55 72 0.765793 136 148 106 163 0.746457 247 255 224 8 0.950547 254 255 244 3 1.89255 255 255 254 3 3.14159 255 255 255 0 0 255 255 255 0 0 255 255 255 0 0 255 255 255 0 0 
247 246 248 11 0.785398 255 254 255 2 -1.5708 253 250 255 2 1.5708 255 254 255 6 3.14159 255 255 247 5 3.14159 255 255 234 14 -2.45586 250 255 211 126 -1.49949 124 141 77 123 0.0730406 133 150 86 33 -1.13417 103 120 57 47 -0.214061 93 107 53 102 0.476747 140 151 105 158 0.838918 255 255 230 7 -2.55359 252 255 233 1 0.785398 253 255 243 2 2.67795 254 253 249 4 0.785398 255 255 254 0 0 255 255 255 0 0 255 255 255 0 0 255 255 255 0 0 
255 254 255 0 0 255 254 255 0 0 253 251 255 0 0 249 249 249 0 0 252 254 242 0 0 246 254 224 0 0 255 255 223 0 0 247 255 201 0 0 147 165 98 0 0 149 167 100 0 0 184 199 141 0 0 246 255 210 0 0 250 255 226 0 0 253 255 236 0 0 251 252 242 0 0 255 255 252 0 0 255 255 254 0 0 255 255 255 0 0 255 255 255 0 0 255 255 255 0 0 
