255 248 251 7 0.785398 255 251 255 16 -2.4859 236 238 255 5 -0.380506 225 232 255 87 -3.11861 218 225 255 134 -2.92373 187 192 255 109 3.00359 209 204 255 112 2.96333 233 228 255 134 3.1043 245 241 255 44 3.09617 247 248 255 9 -2.72337 243 245 255 2 -2.03444 237 239 255 26 -2.91479 228 222 255 134 -2.97035 203 195 255 118 -3.10771 197 192 255 128 2.97772 218 218 255 154 3.07029 231 237 255 125 3.10161 240 247 255 12 -2.89661 245 246 255 3 0.588003 251 249 255 0 0 
255 251 255 15 -2.12245 240 235 255 8 1.5708 238 237 255 156 -2.49681 135 138 199 59 -2.24818 82 86 167 17 -0.358771 76 77 168 27 0.44752 93 87 182 8 -2.78282 94 88 170 95 1.47634 194 190 249 116 2.81712 233 232 255 44 3.05093 235 237 255 45 -2.49809 204 205 255 169 -2.41446 88 83 168 9 -2.1294 78 70 170 13 -1.7976 63 57 158 24 -0.244979 57 55 145 46 1.04896 101 102 170 119 1.71388 224 227 255 148 3.06069 243 244 255 5 2.76109 250 250 255 0 0 
242 239 255 5 -1.76819 231 228 255 137 -2.12245 104 101 181 12 -2.64225 89 86 195 13 0.528074 89 88 216 14 2.9305 92 87 226 21 -1.8491 74 66 203 22 0.661043 92 84 209 24 -1.81578 73 66 171 104 1.41669 176 173 255 85 3.00134 186 186 255 159 -2.30734 65 65 165 9 1.24905 69 66 192 9 -0.708626 61 54 199 19 0.822418 73 65 220 10 -2.42276 68 59 210 4 3.14159 73 65 196 14 -2.06474 67 61 162 155 1.56434 231 230 255 122 3.14159 235 238 255 0 0 
232 234 255 76 -1.70162 151 151 215 84 -2.41495 84 81 190 19 1.0839 92 89 228 20 -1.92379 68 65 221 18 0.632749 77 74 237 8 2.78282 83 78 237 16 -2.4859 77 70 221 2 -1.10715 79 71 212 2 2.35619 81 75 210 12 -2.24554 67 67 197 9 -1.0122 55 57 195 20 0.682317 63 64 222 3 3.14159 61 59 232 13 -2.57486 53 48 233 5 -2.60117 53 45 229 3 -0.982794 57 46 216 5 -1.19029 61 51 187 32 1.38545 102 101 181 126 1.93513 225 228 255 0 0 
215 219 255 135 -1.88555 80 83 164 21 0.817645 86 85 211 1 1.5708 78 79 231 5 2.60117 76 79 241 15 -2.26553 64 66 231 2 -0.785398 65 64 227 8 0.519146 71 68 231 7 -2.35619 69 62 227 6 -0.674741 64 58 223 3 1.5708 61 61 227 7 2.7367 61 63 235 7 -2.1588 50 54 236 10 -2.28963 40 45 232 6 -0.165149 37 43 232 8 0.519146 46 47 235 3 -1.24905 54 44 228 3 -2.81984 62 52 206 19 -1.62338 53 49 150 142 1.57784 199 200 255 0 0 
169 172 247 72 -1.55691 92 93 191 8 3.01724 82 81 221 7 -2.55359 71 70 234 6 -2.81984 64 67 236 11 0 62 66 238 3 1.89255 69 69 239 15 -2.58994 64 61 231 5 1.19029 71 63 240 14 -2.45586 60 53 234 4 -1.5708 51 48 234 8 0.785398 52 54 243 10 -2.07789 39 43 238 5 1.5708 40 49 243 8 3.14159 40 50 241 8 -2.89661 42 49 236 13 -2.57486 44 41 227 1 2.35619 54 48 213 20 -1.96932 45 43 162 111 1.45421 160 162 255 0 0 
168 168 255 82 -1.72993 84 81 191 3 1.89255 76 72 221 5 -0.785398 65 61 234 16 1.13417 75 73 255 21 -2.55359 63 61 245 9 -1.5708 57 53 232 13 0.566729 66 60 237 10 -2.2143 60 52 229 4 0.463648 60 53 234 3 2.55359 57 53 242 8 -2.52134 47 47 241 4 -1.32582 39 41 243 4 -2.35619 34 39 238 3 0 34 43 230 5 -1.19029 31 39 222 5 0.54042 36 42 225 6 -1.24905 35 41 208 2 1.10715 48 51 189 67 1.77982 119 122 244 0 0 
155 153 249 76 -1.13655 83 78 193 12 2.41495 82 74 229 4 -2.89661 74 65 245 10 -1.76819 59 53 242 6 2.03444 63 58 249 6 2.81984 68 62 247 14 -2.35619 60 53 234 4 0.463648 64 56 233 6 -2.24554 57 50 231 2 -1.10715 52 46 235 3 1.5708 49 47 243 8 -1.69515 38 37 241 4 0.785398 41 41 243 3 -2.81984 42 44 232 5 -2.76109 40 44 227 8 3.14159 38 43 228 8 -2.08994 36 40 212 14 -1.13839 34 36 178 92 1.6898 131 133 255 0 0 
189 185 255 112 -1.3734 74 69 184 13 1.2723 78 70 225 5 2.9442 72 63 244 13 -2.13753 57 48 242 7 0.404892 59 51 246 2 -1.10715 60 51 238 8 0.519146 66 57 238 16 -2.76109 62 52 229 2 3.14159 60 51 231 4 -2.35619 53 46 233 2 1.10715 52 46 241 17 -2.9105 44 39 244 8 -2.78282 43 36 241 3 -0.982794 42 37 230 5 -1.3734 39 33 222 10 0.380506 43 35 229 3 1.89255 51 44 219 34 -2.06075 32 27 160 122 1.50532 159 156 255 0 0 
213 212 255 128 -1.49283 80 78 178 63 0.063407 75 68 213 14 -3.07029 67 58 232 5 2.60117 64 58 243 3 -1.5708 61 54 243 5 2.35619 67 59 243 22 -2.19628 49 43 222 13 0.528074 58 50 227 4 -2.89661 55 49 228 6 2.97644 53 48 233 16 -1.87368 35 30 223 23 0.214061 40 32 233 9 0.86217 47 38 242 11 -2.79282 48 37 231 7 2.55359 54 41 233 15 -2.67795 47 33 229 12 -1.48766 40 29 199 7 -0.876058 45 40 155 175 1.23466 216 214 255 0 0 
225 231 255 75 -1.54414 144 149 224 101 -0.799286 63 61 185 8 1.5708 63 59 214 9 1.0122 66 63 232 7 -1.8491 56 55 229 5 -1.3734 52 50 223 17 0.41241 59 57 231 9 -1.15257 49 47 223 11 -0.266252 46 43 223 6 0.321751 44 44 228 12 1.40565 56 55 243 25 -2.66071 46 40 235 10 -1.5708 38 30 225 11 0.0906599 44 30 225 18 -0.218669 42 27 219 10 0.927295 50 35 227 16 -2.62245 47 38 195 49 1.8603 105 106 197 154 0.826471 224 230 255 0 0 
232 241 255 7 -0.982794 221 228 255 144 -1.6055 68 67 170 91 0.141897 72 70 206 30 3.10827 66 66 220 21 -0.188221 58 58 224 33 0.302885 67 67 237 7 -0.694738 62 60 236 14 -0.141897 58 57 237 23 -0.348771 48 49 231 40 -0.0499584 44 47 229 28 -0.479519 31 33 217 52 0.212432 44 43 231 16 0.0624188 50 42 233 40 0.197396 64 49 240 17 -1.92957 51 36 218 36 -0.339293 41 28 196 12 -2.46685 40 33 160 203 0.956843 215 220 255 15 0.965252 233 243 255 0 0 
245 252 255 15 -1.63736 225 229 255 51 -1.21203 166 166 244 122 -1.08517 47 46 162 72 0.805004 92 89 234 39 2.964 92 91 255 47 -2.79998 74 71 247 25 3.02216 76 71 255 40 2.9927 80 77 255 40 2.89059 88 88 255 59 -2.85175 68 74 251 43 2.84142 81 87 255 52 -2.66947 60 60 244 33 2.31455 90 84 255 72 -2.59174 59 45 230 27 2.06722 91 75 240 73 -2.26904 42 32 156 128 1.18019 170 165 244 77 0.83989 236 238 255 10 0.71883 249 253 255 0 0 
253 253 247 4 1.81578 251 251 255 9 -1.89255 232 229 255 115 -1.50134 106 104 194 119 -0.313835 59 56 182 5 0.197396 52 49 202 5 0.927295 53 45 222 12 -1.24905 37 30 217 13 0.566729 41 37 226 8 -1.10715 31 30 216 14 -0.141897 26 31 210 8 1.10715 35 39 217 1 0 39 38 218 14 -1.49949 30 24 201 14 0.885067 48 38 204 10 -1.19029 47 38 172 40 1.44644 98 94 176 175 0.769271 229 228 255 18 0.86217 251 252 255 15 -1.8314 240 242 236 0 0 
255 249 247 3 0.588003 255 249 255 3 0.588003 249 244 255 9 -1.78947 227 227 255 146 -1.55025 71 70 166 130 -0.00769216 63 58 189 12 2.71497 62 52 219 12 -2.71497 52 41 227 1 0 48 41 230 8 2.89661 47 43 232 13 -2.09887 31 33 218 7 0.694738 38 39 221 5 3.14159 42 39 218 9 -2.43297 41 38 201 6 1.10715 56 54 184 15 -2.49809 56 57 148 229 0.779225 226 232 255 9 1.0122 244 248 255 8 -2.89661 249 250 254 5 0.785398 255 255 254 0 0 
255 251 252 2 1.5708 255 252 255 3 -2.1588 250 247 255 4 -1.81578 237 237 255 20 -1.21781 210 209 255 143 -1.45165 60 56 157 152 0.0328829 60 50 187 8 2.19105 60 48 214 17 -2.60117 44 35 216 5 0.54042 43 36 225 5 2.9442 43 37 226 10 -2.55359 38 34 213 4 -0.463648 43 38 197 8 2.67795 53 51 181 11 -0.909753 51 54 145 231 0.797593 224 231 255 3 0.982794 236 245 255 6 -0.896055 238 245 248 13 0.837981 255 254 255 8 -1.5708 249 247 247 0 0 
255 252 253 2 0 255 252 254 2 -2.35619 247 250 255 5 0.785398 246 251 255 9 -1.89255 235 236 255 11 -0.661043 223 221 255 152 -1.51821 66 59 150 158 -0.0189851 56 45 172 30 0.374334 56 43 211 18 -2.75099 44 30 218 5 -0.643501 42 27 215 12 0.610726 55 41 207 26 -2.5948 50 41 161 45 0.433953 76 73 153 205 0.792295 225 229 255 7 0.876058 237 243 255 5 1.03038 247 252 255 0 0 252 254 255 1 1.5708 255 255 255 0 0 255 255 255 0 0 
255 254 255 4 -1.5708 253 251 251 5 0.785398 251 255 255 3 -1.5708 245 252 255 4 0.785398 250 252 255 8 -1.92957 238 239 255 2 -1.5708 231 229 255 133 -1.56328 91 85 172 140 -0.244979 44 37 172 91 0.154319 53 44 201 39 3.06482 58 46 206 41 -2.45928 39 28 162 122 0.41988 100 94 175 171 0.793662 227 229 255 9 0.785398 237 243 255 8 0.519146 245 251 255 2 0.785398 252 254 255 0 0 254 254 254 1 1.5708 255 255 255 0 0 255 255 255 0 0 
255 255 252 0 0 255 255 252 5 3.14159 251 255 254 1 3.14159 250 255 254 4 -2.35619 248 252 253 7 -2.35619 242 245 253 8 -0.124355 235 241 255 9 0.218669 230 236 255 80 -1.60828 138 145 224 137 -0.986818 18 25 122 173 0.0577392 29 34 133 203 0.617966 154 157 238 79 0.811941 221 227 255 18 0.512389 237 244 255 7 1.97569 248 253 255 1 -1.5708 249 254 255 5 3.14159 252 254 255 0 0 254 254 254 1 1.5708 255 255 255 0 0 255 255 255 0 0 
255 255 251 0 0 252 252 246 0 0 250 255 251 0 0 247 254 249 0 0 245 249 244 0 0 251 255 254 0 0 246 255 255 0 0 229 240 255 0 0 216 230 255 0 0 192 208 255 0 0 199 209 255 0 0 211 221 255 0 0 239 250 255 0 0 236 245 249 0 0 248 254 255 0 0 245 249 250 0 0 252 254 255 0 0 254 254 254 0 0 255 255 255 0 0 255 255 255 0 0 
