255 253 254 8 -1.5708 251 244 247 8 0.463648 255 246 254 5 0.197396 255 246 255 9 -2.43297 245 236 255 6 2.03444 247 242 255 26 -3.06482 240 241 255 48 3.0378 245 249 255 76 -3.11528 245 251 255 53 -3.02887 242 246 247 3 1.5708 253 248 250 5 3.14159 254 247 252 8 -1.32582 245 238 245 11 1.39094 252 251 255 8 -1.81578 239 247 240 4 -0.463648 235 246 236 14 0.493941 249 250 248 6 -2.97644 250 248 248 3 3.14159 252 248 247 4 0.244979 253 249 248 0 0 
255 255 251 8 3.14159 255 254 253 1 0.785398 255 252 255 13 -2.19959 244 238 255 2 -1.5708 237 231 255 33 -2.61138 214 211 255 196 -3.01913 183 187 235 172 -3.00789 159 166 209 129 2.97898 183 191 220 130 2.77387 234 241 255 125 -3.12559 239 239 255 7 1.4289 247 245 255 44 -2.96174 241 235 255 100 3.07171 245 244 255 129 -3.12609 237 246 255 68 3.03901 246 254 255 30 -2.7367 239 242 246 9 0.218669 245 244 246 7 1.5708 254 252 252 8 -1.92957 246 244 244 0 0 
248 251 236 12 0.785398 255 255 249 8 -1.92957 245 246 250 4 -2.35619 235 237 255 36 -2.14376 195 196 252 270 -2.39805 3 7 85 41 0 0 4 94 58 0.348771 11 25 113 49 0.571337 40 58 129 55 0.927295 89 106 163 128 1.8309 222 231 255 168 -2.9139 189 193 241 202 -2.81984 127 128 179 118 -2.95416 105 106 157 108 2.56638 162 166 214 152 2.82814 211 217 252 158 2.98368 243 248 255 22 -2.81984 241 244 249 9 0.418224 247 248 252 5 2.60117 250 252 253 0 0 
253 255 244 5 -2.49809 248 255 246 8 -1.32582 237 241 252 21 -1.14794 208 213 252 238 -2.06075 0 0 69 66 1.02012 34 40 145 42 0.336675 35 50 172 11 0.661043 37 58 179 45 0.404892 57 82 186 22 -1.66146 40 63 155 31 -0.222082 42 56 144 72 -2.00991 0 0 77 39 0.305879 0 0 91 41 0.0730406 5 3 93 34 0.146012 8 11 92 54 0.694738 47 53 112 167 1.85483 217 224 249 92 2.89139 245 253 255 10 -1.47113 237 243 248 9 1.46014 248 252 255 0 0 
244 255 245 5 0.643501 245 254 255 3 -2.81984 241 245 255 142 -1.71865 91 95 154 87 -2.34007 15 19 121 95 0.704096 65 74 202 32 -2.59594 36 54 195 41 1.34948 68 95 236 47 -2.56522 42 74 201 20 2.56729 57 85 209 74 -1.96867 0 13 143 11 0.266252 9 12 150 18 0.938047 29 25 168 6 -0.674741 29 24 157 42 0.314232 40 44 156 54 -1.47847 0 1 78 128 1.15572 120 132 166 149 2.2758 241 253 255 16 -2.4859 234 243 252 4 -0.463648 232 242 249 0 0 
246 255 255 4 -1.81578 239 249 255 19 -1.41419 216 223 255 181 -1.66444 28 32 97 75 1.92183 87 90 198 41 -1.20362 35 44 177 44 0.463648 43 62 207 10 -2.07789 27 54 199 12 -0.244979 22 55 188 49 -0.0204053 23 54 187 43 -0.736257 4 18 166 8 0.358771 13 18 175 57 0.156602 29 24 187 60 0.537587 61 58 211 58 -0.386876 38 46 170 24 -0.295441 36 50 138 35 -1.06919 19 34 73 200 1.73103 224 240 253 12 2.53087 235 247 255 2 -1.5708 235 246 254 0 0 
243 252 255 1 0 242 250 255 39 -1.77312 199 207 237 191 -1.42964 4 9 64 112 1.58865 105 110 201 14 -1.78189 80 89 206 25 -1.49097 43 61 192 19 2.72337 44 69 203 43 0.899652 74 107 230 25 -0.785398 58 89 212 53 -1.68352 12 31 166 80 0.70592 70 78 225 8 0.519146 77 79 234 35 1.94607 112 114 255 61 -2.11399 57 69 193 19 -2.4275 49 67 156 80 -1.68283 0 1 44 220 1.5163 213 229 246 17 1.28474 233 246 255 5 1.5708 240 252 255 0 0 
244 251 255 9 -1.5708 235 240 255 4 -2.03444 230 234 255 219 -1.57993 5 8 59 113 1.35786 107 108 196 49 -2.95994 86 93 204 55 -2.18894 30 43 171 58 1.996 75 97 227 39 2.46293 96 126 245 68 -2.48055 54 84 202 41 2.79695 75 94 223 41 -3.09285 77 88 226 76 -2.93141 64 68 216 56 2.89234 80 84 227 79 -2.67233 42 54 178 36 -2.94954 40 58 149 74 -2.22238 0 13 56 219 1.32251 218 233 252 15 0.927295 233 246 255 2 -0.785398 233 245 255 0 0 
248 251 255 13 -2.19959 237 238 255 11 -0.348771 231 230 255 193 -1.58634 33 30 86 71 0.557124 62 57 149 40 2.9442 58 58 176 37 -1.59782 10 16 151 46 1.63592 47 63 199 15 0.132552 44 71 192 27 -1.53378 19 45 163 46 0.260602 36 54 179 39 -1.96559 5 15 146 5 0.927295 13 16 155 2 -2.03444 12 14 152 2 -2.67795 11 18 141 16 -1.32582 1 12 104 42 1.88503 51 67 110 189 1.08828 228 242 255 10 0.507098 237 248 255 3 -1.5708 236 245 255 0 0 
243 247 248 11 0.785398 251 252 255 18 -1.5708 232 229 255 129 -1.45504 97 91 144 110 -0.605545 24 18 107 51 2.00859 58 58 172 40 -1.8693 7 14 147 64 1.52396 62 78 214 53 -2.91479 45 70 196 18 1.2315 64 88 212 53 -2.03444 21 39 164 25 -2.35619 10 19 146 1 0 15 17 147 3 -2.1588 16 17 139 8 0.62025 23 26 134 48 -2.39965 0 2 81 148 1.24905 145 156 194 115 0.883844 239 252 255 4 -1.5708 240 248 255 2 2.03444 244 250 255 0 0 
255 255 241 7 3.14159 255 255 248 5 -2.60117 248 248 255 53 -1.5708 188 187 227 184 -1.2731 2 1 75 138 0.424832 46 50 152 61 -2.74307 6 21 143 23 0.388319 7 28 160 46 1.50567 47 75 206 13 -1.2723 36 61 193 44 -1.93478 3 18 150 1 2.35619 13 20 147 3 -1.89255 19 19 135 10 2.55359 30 30 130 52 -2.32917 0 0 77 60 0.97362 51 57 110 195 1.02686 223 232 255 21 0.851966 244 252 255 7 -2.44685 241 248 255 4 1.32582 247 253 255 0 0 
252 254 234 6 0.321751 252 254 242 2 1.10715 252 251 255 2 2.67795 246 245 255 104 -1.55157 130 133 188 156 -0.940115 0 0 83 79 0.767543 30 47 158 20 -2.63449 10 32 162 47 1.42295 53 76 216 39 -2.1588 22 42 183 37 -2.33733 4 16 150 3 0.321751 15 21 140 14 -2.30861 15 16 114 28 -2.30624 1 1 77 58 0.578524 38 40 94 208 0.597336 159 163 198 111 0.798056 242 248 255 5 -2.35619 242 247 255 5 0.380506 246 250 255 3 0 247 250 254 0 0 
255 254 253 3 -1.24905 255 251 250 1 -0.785398 252 249 251 7 0.785398 250 251 255 14 -1.71269 227 232 255 161 -1.50876 53 62 125 156 -0.128323 17 32 132 15 1.5708 24 38 168 18 1.5153 38 50 198 45 -2.2012 3 13 161 7 0.2783 14 19 151 15 -2.2143 12 15 120 26 -2.30361 3 3 79 91 0.542303 57 58 109 227 0.748148 217 216 255 35 0.705568 244 244 255 2 -2.03444 244 246 255 5 1.03038 250 253 255 1 0 252 254 255 4 -2.89661 251 253 253 0 0 
255 253 255 6 -2.67795 254 250 255 4 0.785398 255 255 255 5 -2.76109 251 251 255 11 -2.96174 242 246 255 16 -1.32582 216 223 255 175 -1.51941 26 37 117 53 0.304001 35 43 156 28 -2.78689 20 26 161 7 -2.7367 19 23 158 23 -2.50657 14 15 129 33 -2.46218 1 2 88 155 0.509592 88 89 140 200 0.74317 231 231 255 21 0.785398 251 248 255 8 -2.52134 248 245 255 5 0.380506 250 251 255 4 0.785398 253 255 255 5 -2.11122 250 251 249 4 1.81578 254 255 251 0 0 
249 248 252 8 0.785398 255 254 255 13 -2.7468 254 249 251 9 -1.0122 244 240 245 15 0.965252 253 252 255 11 -1.75065 233 237 255 133 -1.50323 90 96 149 144 -0.445016 21 26 105 12 2.18152 27 29 131 21 -2.35619 14 13 116 22 -1.97569 0 0 80 223 0.681017 146 147 203 121 0.80865 243 244 255 3 1.24905 251 253 255 7 -1.5708 248 246 252 7 1.5708 255 254 255 0 0 255 255 254 3 -1.5708 252 253 249 3 -2.1588 249 251 245 7 0.694738 255 255 250 0 0 
255 254 255 13 -1.96559 243 242 244 15 0.927295 255 254 255 4 -1.5708 255 250 252 2 2.03444 255 251 255 3 3.14159 249 249 255 12 -1.5708 230 232 255 199 -1.51057 26 28 76 17 0.117109 25 24 90 36 -2.8899 17 15 81 250 0.703429 183 182 232 75 0.74768 237 239 255 5 1.3734 249 250 255 2 1.10715 253 255 254 7 -1.97569 248 249 247 7 1.2925 255 255 254 0 0 255 255 252 5 -1.76819 250 251 247 6 0.896055 255 255 251 1 3.14159 255 255 251 0 0 
252 250 250 5 0.380506 254 252 252 4 0.785398 255 255 255 14 -2.79857 252 249 251 5 0 250 249 251 5 2.49809 251 251 255 5 3.14159 248 249 255 194 -1.56049 52 53 73 56 -2.05032 2 1 27 265 0.956676 219 218 244 37 0.766532 247 246 255 3 -1.5708 244 246 255 7 0.785398 252 252 255 2 -2.35619 250 252 252 3 -0.588003 250 250 250 7 0.785398 255 255 255 2 -2.67795 254 255 253 0 0 254 255 253 0 0 254 255 253 0 0 254 255 253 0 0 
255 255 254 0 0 255 255 254 19 -2.31917 243 241 241 19 0.785398 255 255 255 13 -2.40878 246 245 247 9 0.218669 248 247 249 9 0.785398 253 254 255 222 -1.63378 31 31 37 248 0.546639 160 160 166 130 0.774529 251 251 255 2 -0.463648 250 251 255 2 2.03444 252 253 255 2 -1.10715 250 252 253 3 1.89255 253 255 255 0 0 255 255 255 2 -1.5708 253 253 253 1 0.785398 254 254 254 1 0 254 254 254 1 0 254 254 254 1 0 254 254 254 0 0 
255 255 254 13 -1.7976 244 242 241 14 1.07685 255 255 255 10 -1.67046 247 245 245 12 0.896055 255 254 255 11 3.14159 255 254 255 15 -2.03444 239 240 244 14 0.2783 243 244 248 11 1.03038 253 253 255 3 3.14159 253 253 255 5 -2.35619 249 250 254 4 1.5708 253 254 255 5 -2.2143 249 251 252 5 0.927295 253 255 255 2 3.14159 255 255 255 5 -2.9442 254 254 254 1 0.785398 255 255 255 0 0 255 255 255 0 0 255 255 255 0 0 255 255 255 0 0 
254 252 251 0 0 251 249 248 0 0 255 254 254 0 0 255 253 253 0 0 244 243 245 0 0 248 247 249 0 0 253 254 255 0 0 249 250 254 0 0 250 250 255 0 0 249 249 255 0 0 249 250 254 0 0 250 251 255 0 0 252 254 255 0 0 251 253 254 0 0 250 250 250 0 0 255 255 255 0 0 255 255 255 0 0 255 255 255 0 0 255 255 255 0 0 255 255 255 0 0 
