255 249 252 5 0.643501 255 251 255 66 -3.1113 252 246 255 122 -3.02734 234 229 255 122 -2.14751 126 122 164 133 2.64105 188 186 228 150 -2.8578 146 148 179 61 2.75807 171 171 201 135 2.70097 231 227 255 92 2.98894 247 240 255 3 -1.89255 247 239 255 5 -2.11122 242 234 255 169 -2.51584 141 133 170 128 2.76829 187 181 216 106 2.70326 232 229 255 93 -3.08788 225 226 247 138 3.00379 247 244 255 40 -3.01724 242 241 255 9 0.418224 246 248 255 12 2.71497 251 255 255 0 0 
255 250 255 68 -1.80521 190 183 198 86 -2.40534 130 122 145 88 2.65764 166 160 195 169 -2.02129 9 3 50 78 0.492211 43 41 87 64 0.77441 89 89 125 64 -2.41108 46 47 81 97 1.97031 140 134 175 104 1.67617 246 238 255 32 -2.9866 242 234 255 140 -1.73478 103 95 132 84 -1.30868 21 11 54 73 1.30932 91 83 124 57 0.997356 137 133 168 92 -2.58641 88 86 116 129 2.03444 206 203 229 91 2.63875 251 249 255 78 -2.93672 235 236 246 20 0.819867 250 253 255 0 0 
243 230 255 115 -1.48406 124 114 144 76 -1.21203 50 39 77 48 1.97031 90 82 129 50 -0.201317 76 70 125 26 0.546789 87 84 139 49 -1.61159 40 38 84 107 -0.312901 7 6 50 153 0.86358 125 121 170 84 1.76123 210 204 253 156 3.11596 216 207 255 170 -2.55685 124 112 164 94 -2.02023 39 26 82 97 1.01111 120 109 165 66 -1.21557 56 49 100 50 -0.588003 28 23 68 135 0.764568 126 119 156 48 1.36116 174 169 196 120 2.46815 249 249 255 79 3.14159 249 250 255 0 0 
249 235 255 137 -2.35107 149 136 180 118 -1.57927 28 16 68 145 0.892826 137 128 185 61 -2.51757 98 90 153 46 -2.90185 83 80 142 57 1.83705 138 137 193 78 -2.67795 105 102 157 65 3.12621 108 102 159 65 -2.08235 51 45 104 56 2.81984 72 61 123 7 1.5708 79 67 133 26 0.309703 87 73 144 86 2.47045 141 127 198 53 -2.21057 96 86 152 54 2.60431 126 117 174 54 3.03094 136 126 172 82 -2.37343 80 73 106 114 2.23873 170 167 189 74 1.53028 244 243 255 0 0 
150 135 186 4 -0.463648 146 132 186 95 -2.86617 117 103 167 68 -2.72337 85 74 144 41 -0.836202 51 43 114 33 2.52839 66 62 133 6 0 66 63 132 47 -0.681298 36 34 100 34 1.33971 72 68 133 91 -1.03411 0 0 55 88 0.945311 69 57 133 32 1.35544 101 88 168 85 -1.62955 16 2 84 96 1.20959 106 92 174 58 -1.67388 48 35 115 29 2.33181 70 58 130 37 3.11457 77 64 120 84 -0.953294 9 0 42 200 0.959252 175 167 198 70 1.4289 245 239 255 0 0 
152 138 192 98 -1.55039 53 38 99 12 0.244979 52 38 109 66 1.23483 112 101 174 91 -1.23516 22 15 90 110 0.492095 71 67 142 46 0.724866 102 98 174 72 -2.18944 43 39 115 84 1.03847 116 113 185 88 -2.14622 43 38 113 84 0.325496 72 60 148 32 0.655696 92 79 171 57 -2.22122 46 34 124 55 1.13966 96 84 172 74 -1.81578 24 12 100 66 0.060532 32 19 99 125 0.76293 124 110 174 33 -3.05093 124 112 162 83 2.35619 185 174 212 82 2.17558 253 245 255 0 0 
153 141 193 106 -0.972377 63 51 109 85 0.151765 72 61 131 81 1.06849 140 130 206 51 -2.76468 117 112 187 81 -3.01876 106 101 180 49 -1.94378 58 53 138 34 2.27305 84 79 164 44 -2.7279 66 63 143 69 0.887087 120 116 198 70 -2.74789 95 84 180 41 -1.64384 54 42 142 12 1.5708 67 56 149 16 2.57026 76 66 156 14 2.1588 88 79 166 39 2.3205 121 109 191 80 -2.6669 91 75 146 33 -1.04058 65 50 107 77 1.99424 138 126 168 101 1.86131 235 225 255 0 0 
211 204 249 65 -1.32209 146 139 190 71 -2.65908 111 100 168 31 -2.60664 92 83 156 52 -1.39942 36 31 106 53 1.55193 88 82 163 50 -1.63072 36 28 121 11 0.661043 41 35 130 74 1.12522 108 104 193 74 -2.30861 53 48 140 36 1.26629 88 78 184 46 -2.18855 52 39 147 16 -0.124355 50 41 138 18 2.1588 67 58 148 12 -0.610726 61 52 138 34 -2.66513 49 38 118 69 0.846546 108 92 163 80 -1.3078 33 18 76 113 0.710538 109 96 140 126 1.34697 232 221 255 0 0 
227 223 255 142 -1.59896 83 78 123 20 0.14889 84 76 137 56 2.78076 103 92 164 89 -2.40378 39 31 108 93 0.54956 85 77 164 47 -2.22267 45 35 135 30 1.80003 73 63 169 22 -2.41861 56 51 150 7 0.876058 62 55 159 42 -3.07029 59 49 163 11 0.463648 64 54 168 28 -1.6065 40 30 130 44 0.913721 77 68 158 48 -1.69515 30 23 104 75 0.935211 95 85 161 48 2.54784 131 113 182 88 -2.99493 121 103 162 30 2.58994 137 124 168 146 0.848118 247 237 255 0 0 
223 221 251 118 -1.58774 105 100 139 72 -1.2925 33 24 81 70 0.0996687 38 27 97 103 0.977446 121 111 188 61 -1.80003 57 47 137 21 -2.28963 38 26 132 21 1.19029 56 44 156 7 1.97569 61 52 162 41 -1.4017 18 11 122 58 0.992272 67 57 177 18 -0.339293 63 51 169 10 3.14159 65 57 158 13 2.98894 71 62 152 34 3.05359 75 69 148 35 -2.39617 57 47 117 22 -1.24905 43 27 91 52 1.21875 95 79 133 139 1.51331 234 223 255 11 1.83705 245 237 255 0 0 
223 220 245 98 -1.34552 125 122 154 101 -0.199337 105 96 147 60 -0.0831412 98 86 152 14 1.3597 109 96 174 80 -2.30361 45 32 124 25 0.235545 48 33 141 13 0.732815 55 39 156 17 1.62955 68 57 173 16 -1.63322 50 40 160 36 1.2315 84 73 197 33 -1.51026 53 41 161 20 -2.9927 54 43 147 20 -1.21781 37 28 118 48 0.229904 51 44 119 100 0.0897582 64 56 121 34 -0.294235 61 48 104 40 1.7976 103 90 136 150 1.0122 231 222 255 24 0.844154 249 243 255 0 0 
246 244 255 19 -1.31347 226 223 249 62 -1.21388 167 158 201 89 -0.761781 103 91 151 43 -1.73217 58 42 119 39 2.64425 74 58 146 24 -2.7686 61 44 147 9 -0.218669 54 40 152 22 0.881872 67 56 172 15 -2.9442 62 52 172 27 2.06722 86 75 197 73 -2.29857 33 22 138 27 1.04272 61 50 152 30 2.37945 85 76 162 66 1.83043 153 145 216 151 -2.74883 98 90 150 54 -1.88677 52 42 89 165 0.883792 183 172 210 70 1.13246 247 241 255 2 2.03444 249 245 255 0 0 
253 251 255 8 -2.89661 249 247 255 16 -1.5708 233 226 255 134 -1.56333 98 87 137 86 -0.95724 25 10 78 70 0.457278 52 37 118 79 0.293869 72 57 148 3 1.5708 70 59 156 12 -1.48766 54 43 153 5 -0.197396 51 41 155 19 -2.46685 39 29 143 13 0.628796 49 39 146 13 -1.96559 41 30 126 36 0.785398 70 61 142 65 -1.11395 15 7 72 65 1.67808 83 76 127 70 1.62788 158 149 189 83 0.691657 213 206 233 45 0.800782 248 242 255 5 -0.54042 245 241 252 0 0 
247 246 250 10 0.643501 251 250 255 15 -1.63736 238 230 253 85 -1.43055 151 140 180 98 -0.633297 90 76 134 101 0.446106 130 116 187 86 -2.47953 74 63 136 61 3.07611 72 64 147 16 -2.62245 61 52 149 31 -0.739975 36 29 133 20 0.750929 50 44 145 21 -0.380506 44 38 133 33 2.54539 68 59 146 33 2.10101 101 91 167 96 -1.7274 9 1 61 115 0.631349 81 74 119 144 1.26215 222 216 247 34 0.661043 245 241 255 6 1.40565 253 250 255 12 -2.89661 250 249 251 0 0 
255 255 254 6 -2.67795 252 251 253 2 -0.785398 252 245 255 18 -1.35213 232 223 250 49 -1.13417 185 172 218 121 -1.26988 66 53 109 77 -0.63832 14 6 66 51 1.68791 60 56 122 29 1.80765 86 79 164 57 -0.525584 53 48 139 19 1.46592 72 69 155 64 -1.06522 18 14 96 31 1.86225 53 44 124 47 2.43068 88 78 148 18 0.785398 104 97 148 53 0.363147 127 120 157 163 0.832981 249 246 255 6 -2.24554 246 245 255 9 -0.785398 241 240 242 19 0.785398 255 255 252 0 0 
251 249 248 6 0.896055 255 254 254 2 3.14159 255 252 255 2 -2.67795 253 247 255 30 -1.67046 221 212 245 91 -1.36274 129 119 162 114 -1.49201 10 4 51 124 0.41333 57 51 108 109 0.901753 139 132 205 108 -2.34966 60 54 131 48 1.52915 108 104 176 98 -1.77619 14 10 76 56 0.0535203 21 13 76 91 1.06795 104 96 149 99 0.526627 158 150 190 120 0.714927 238 234 255 8 1.05165 247 244 255 7 0.876058 253 253 255 0 0 255 255 254 12 -1.89255 243 245 239 0 0 
255 251 255 4 -2.89661 254 250 255 1 3.14159 252 250 255 2 -1.5708 250 246 255 8 -1.81578 240 235 255 100 -1.44152 138 132 163 98 -0.0915798 128 120 161 86 0.0464781 130 121 172 58 -1.46771 70 59 121 5 0.197396 71 60 123 45 2.52906 97 88 144 29 -2.40378 77 71 118 40 -0.226799 72 65 102 181 0.738557 195 190 219 72 0.863669 250 248 255 8 -1.44644 244 242 254 9 1.0122 252 252 255 2 2.67795 255 255 255 4 -1.81578 251 252 250 4 -2.03444 247 248 244 0 0 
251 247 253 6 0.321751 253 249 254 4 2.89661 252 251 253 4 -2.03444 246 248 249 9 0.785398 253 252 255 18 -2.1588 236 234 253 25 -0.982794 214 209 241 84 -1.12842 138 129 172 97 -0.647591 79 67 119 58 -0.773351 38 27 77 90 0.468574 79 70 113 41 1.4017 120 115 147 132 0.705356 209 204 225 56 0.671963 244 242 254 10 0.982794 253 252 255 6 -2.46685 249 251 252 4 0.244979 252 252 252 2 2.03444 254 255 253 5 -1.76819 249 250 248 3 -1.5708 246 247 245 0 0 
255 255 255 8 -1.92957 249 247 246 5 0.54042 250 252 246 5 1.76819 253 255 251 11 -2.11122 243 246 244 9 1.5708 250 252 255 5 2.9442 250 248 255 34 -1.80189 216 211 243 99 -1.26492 121 113 153 90 -0.0222186 119 111 151 92 -0.366394 86 81 113 207 0.710198 221 218 243 37 0.900275 253 251 255 11 -2.87534 250 251 255 3 -0.588003 248 250 250 5 1.5708 253 255 254 8 -2.62245 251 252 250 2 0.785398 253 254 252 4 -1.32582 249 250 248 4 -1.32582 245 246 244 0 0 
254 253 249 0 0 254 254 248 0 0 249 253 242 0 0 247 253 242 0 0 243 247 241 0 0 245 249 250 0 0 242 242 255 0 0 246 243 255 0 0 211 205 240 0 0 205 200 232 0 0 243 239 255 0 0 244 244 255 0 0 242 241 251 0 0 253 255 255 0 0 248 252 247 0 0 246 250 244 0 0 253 254 252 0 0 254 255 253 0 0 250 251 249 0 0 246 247 245 0 0 
