245 253 243 6 0.674741 246 255 249 1 -2.35619 238 255 249 8 -3.01724 226 254 254 4 2.35619 215 255 255 54 -3.01268 210 248 255 46 2.9694 237 254 255 49 -3.0399 239 250 254 7 -2.7367 236 248 248 7 0.2783 238 253 245 1 2.35619 243 255 240 5 2.11122 251 255 247 7 -1.97569 246 247 251 1 0.785398 253 243 255 26 2.91479 255 244 255 68 -3.0682 255 239 255 95 3.11002 255 246 255 36 -3.03094 255 247 250 3 -0.982794 239 249 243 7 0.785398 237 255 247 0 0 
242 255 253 2 -1.5708 234 255 252 8 -1.92957 214 248 247 17 2.9105 209 251 255 77 -2.4749 156 197 222 4 0.244979 162 195 228 17 2.85554 183 198 231 163 2.91296 229 236 255 151 3.06887 240 252 255 18 -2.8023 236 250 249 4 -0.244979 236 250 244 5 1.19029 245 253 252 4 -2.35619 245 245 255 70 -2.76109 227 214 240 61 -2.51757 199 173 209 68 -2.65847 171 140 177 121 2.60401 229 205 237 157 2.9243 255 244 255 81 3.14159 246 249 255 9 2.72337 243 255 255 0 0 
224 255 255 5 -1.9513 208 253 255 29 -2.30861 165 233 240 52 -2.27529 120 187 212 31 0.579074 151 192 247 39 -2.60987 141 164 239 172 -2.22011 13 24 106 50 1.0983 67 73 140 145 1.53633 219 228 255 71 2.9305 236 249 255 5 -2.49809 231 247 255 2 0 233 244 255 79 -2.17634 179 173 208 18 -2.50884 178 158 201 60 -2.25071 144 108 155 98 -2.27722 70 29 86 31 0.39234 70 39 106 108 1.40413 168 151 208 145 2.62584 237 233 255 38 2.87763 245 248 255 0 0 
202 255 255 25 -1.98092 169 233 244 42 -2.13932 113 196 217 22 1.06795 131 209 252 50 -2.11463 108 150 233 104 -2.10301 30 51 156 21 -2.65711 26 39 147 34 0.909753 60 73 159 81 1.03038 140 156 198 111 0.817235 227 243 255 3 2.1588 230 244 255 51 -1.99099 190 192 232 47 -2.31145 169 152 203 35 -1.8837 146 114 173 98 -2.30588 81 39 100 29 0.664046 96 53 126 8 0.124355 79 49 144 46 -2.17085 32 15 102 166 1.32872 196 190 239 113 2.73322 241 241 255 0 0 
169 248 255 36 -1.73594 130 209 228 2 -0.785398 121 203 238 31 -2.56252 107 175 240 84 -2.16209 50 89 197 85 -2.42276 1 28 149 44 0.737815 33 61 172 63 0.863888 86 119 199 136 0.868539 200 237 255 5 2.49809 214 243 255 27 -2.5128 209 218 255 82 -2.35619 167 153 211 18 -2.27942 172 134 200 107 -2.16397 90 42 114 17 1.15839 104 57 133 5 2.49809 95 57 147 51 -2.43934 43 17 134 33 0.999459 62 49 157 24 2.32763 83 81 147 174 0.915801 223 226 255 0 0 
156 239 255 30 -2.00547 128 207 240 32 -1.9797 98 168 227 46 -2.17085 64 121 206 120 -2.33865 0 24 137 46 1.07831 28 63 180 56 0.73544 68 109 201 129 0.823631 167 214 255 20 0.643501 184 235 255 30 -2.63449 183 220 248 65 -2.2143 158 157 207 16 -0.828849 169 136 203 85 -2.33141 126 69 144 37 -2.50884 106 44 128 11 0.463648 95 48 140 33 -1.90189 44 15 118 31 0.876058 48 37 153 7 -1.1659 32 35 139 171 0.96341 175 190 253 60 0.867566 221 243 255 0 0 
152 220 255 28 -1.71269 124 187 238 55 -2.25399 85 130 221 124 -2.26553 0 29 135 25 0.840897 4 49 152 80 0.855459 69 116 200 102 0.958474 160 212 255 33 0.743756 185 240 255 49 -2.46999 148 209 241 34 -2.25451 141 177 217 16 -3.01724 181 165 218 102 -2.21038 129 75 140 42 -2.25653 114 35 114 25 0.785398 123 49 143 17 -1.98321 74 32 143 9 -3.03094 48 35 145 13 0.528074 39 49 143 97 1.11628 116 146 217 113 0.80403 193 239 255 52 -2.62714 165 219 244 0 0 
159 208 255 61 -1.85133 100 144 215 118 -2.30235 10 45 149 5 2.9442 7 45 153 74 0.832981 57 109 192 80 0.979357 126 185 241 68 0.816316 185 244 255 48 -2.13595 151 203 226 18 -2.27942 139 182 225 31 -2.40162 139 155 208 54 -2.10808 134 101 158 73 -2.43297 109 46 115 12 1.32582 130 50 141 7 -1.4289 107 39 148 33 -2.57026 54 21 142 26 0.837981 47 48 158 42 1.08632 69 101 174 173 0.793528 181 236 255 50 -2.13148 129 201 225 17 1.39612 141 223 235 0 0 
158 180 255 131 -1.96969 30 57 147 32 -2.69183 3 40 144 76 0.822418 52 100 195 67 0.837981 102 163 219 101 0.743756 173 240 255 35 -2.43602 157 217 246 49 -2.57026 146 185 223 29 -2.14011 148 149 210 26 -1.76078 146 116 187 101 -2.31455 93 41 105 16 0.741947 109 47 125 14 0.785398 110 45 160 40 -2.03444 56 7 135 30 1.13613 60 40 163 23 1.91957 58 74 171 178 0.900426 177 232 255 26 -1.8805 138 218 241 20 -2.45928 116 209 224 2 2.67795 112 213 221 0 0 
112 126 214 100 -1.38118 4 28 116 75 1.0894 53 97 186 64 0.86217 94 153 225 98 0.95173 174 244 255 43 -2.27441 148 214 243 40 -1.92379 124 169 212 4 -0.244979 148 161 217 14 -1.71269 169 136 210 114 -2.23184 100 41 122 6 2.03444 113 46 127 22 0.404892 112 51 147 26 -2.40878 67 26 155 17 -2.85554 43 22 154 9 0.785398 34 40 147 195 0.807134 157 193 255 35 0.626743 155 230 255 56 -2.51929 110 205 224 7 2.9997 109 207 223 66 -2.90024 91 193 205 0 0 
126 151 223 97 -1.01111 36 71 137 93 0.914448 97 150 207 95 0.733593 151 219 255 12 -0.426627 140 218 254 24 -2.23909 134 196 236 33 -2.50404 147 163 229 11 -2.48055 170 148 226 112 -2.32476 120 62 140 31 -2.33398 110 35 121 31 1.31019 134 59 163 38 -2.17308 81 25 144 15 -1.63736 25 11 143 28 0.73544 21 38 155 155 1.04688 149 188 255 46 0.84593 168 234 255 63 -2.13272 93 186 225 19 0.305879 94 195 227 58 -1.77829 47 138 165 89 1.92434 138 222 247 0 0 
181 211 255 83 -1.20362 94 136 178 114 0.878298 168 229 255 15 0.260602 165 235 255 54 -2.53836 136 201 239 40 -2.2687 123 163 215 4 -0.463648 158 149 222 92 -2.19482 113 67 150 39 -2.39189 107 38 119 9 0.785398 116 41 133 20 0 98 34 153 23 -2.65908 61 24 150 7 1.71269 32 39 156 89 1.01694 85 127 216 128 0.752443 161 231 255 40 -2.30361 118 209 236 5 -2.9442 107 207 242 30 -2.16797 85 181 217 106 -2.34957 31 104 134 133 1.2894 167 233 255 0 0 
224 253 255 35 -1.62788 176 218 231 48 0.668289 183 249 255 82 -2.3989 127 189 219 12 -1.40565 135 168 217 5 -2.9442 159 160 220 73 -2.19262 125 95 160 64 -2.24554 95 39 114 22 0.404892 114 43 129 22 1.06795 122 59 161 51 -2.21819 44 16 139 12 0.844154 30 30 146 57 1.27102 77 98 179 170 0.806142 179 235 255 38 -2.0932 116 214 238 17 -2.65164 96 210 227 13 -1.344 93 191 221 101 -2.18071 28 105 137 36 1.62629 89 142 163 158 0.794326 212 255 255 0 0 
232 255 247 6 0.896055 227 255 255 69 -1.7005 136 188 200 61 0.114254 145 189 218 29 -2.45115 153 160 210 53 -2.32988 139 114 176 72 -2.22819 105 53 117 11 1.91957 124 59 134 7 -2.9997 120 52 147 25 -2.1045 75 29 136 12 -2.97644 32 30 143 19 1.15257 27 58 151 206 0.853785 180 229 255 19 -2.31917 148 226 249 40 -2.33865 92 202 220 17 0.62025 100 212 232 99 -2.30659 53 131 160 27 -1.5708 49 102 129 201 0.830981 219 253 255 9 -2.81984 227 252 255 0 0 
249 255 251 8 -1.44644 235 247 247 2 0.463648 224 245 255 77 -1.46727 151 163 191 84 -0.400241 135 121 169 46 -1.54906 109 68 129 45 -2.75699 117 45 115 8 1.44644 125 48 132 8 -0.950547 93 37 144 29 -2.35619 45 19 127 22 0.909753 31 48 135 178 0.96099 152 206 255 17 0.41241 138 228 252 43 -2.40534 95 205 217 13 1.2723 106 214 238 84 -2.14568 51 138 170 39 -0.177596 81 126 159 161 0.741567 215 236 255 10 0.380506 228 245 248 6 0.674741 237 251 245 0 0 
255 255 252 7 -1.8491 248 247 249 7 1.97569 250 252 255 8 -2.19105 246 240 255 110 -1.58898 145 124 163 146 -0.654445 70 28 81 154 0.169413 114 48 113 27 0.44752 119 56 136 51 -2.45179 54 21 118 19 0.822418 40 41 132 122 1.04155 123 160 222 89 0.737815 161 231 255 48 -2.11836 103 201 211 9 0.785398 104 211 215 37 -1.54378 74 167 188 63 0.222082 111 177 202 103 0.785398 222 246 255 1 0 241 246 255 1 -0.785398 244 250 249 6 1.24905 251 255 249 0 0 
255 253 250 8 -1.81578 250 244 245 8 0.62025 255 246 255 4 -2.03444 251 239 255 12 0.726642 255 243 255 53 -1.75728 212 185 228 111 -1.12715 114 81 132 161 -0.333469 51 27 85 102 0.195491 44 49 112 74 1.00509 84 117 173 153 0.799222 174 235 255 52 -2.50575 136 210 236 21 -2.71874 131 205 217 22 0.0454233 137 208 212 54 0.455451 168 231 235 39 0.694738 209 254 255 4 2.89661 235 252 255 0 0 247 251 252 0 0 247 252 250 1 -1.5708 248 252 246 0 0 
255 252 248 1 0.785398 255 252 251 6 -2.46685 253 246 249 9 0.785398 255 250 255 16 -2.39965 249 237 255 7 0.694738 253 239 255 7 0.588003 255 240 255 105 -1.61838 137 136 176 111 -0.375523 73 99 136 192 0.741309 184 233 255 47 -2.17634 129 199 223 9 -1.5708 120 192 209 67 0.509972 171 226 235 41 0.750929 209 255 255 5 1.19029 221 255 255 14 -2.45586 223 252 243 8 0.62025 242 254 248 1 3.14159 249 253 248 0 0 249 253 248 1 0 249 253 248 0 0 
247 255 248 5 -1.5708 243 250 243 9 1.0122 253 255 254 12 -1.89255 243 242 244 7 1.8491 252 247 255 7 0.785398 255 250 255 8 -2.08994 250 241 255 5 2.35619 243 245 255 4 -0.785398 219 246 255 39 -1.59643 162 210 228 26 -0.463648 138 201 215 75 0.728855 190 253 255 5 0.927295 211 255 255 2 3.14159 225 255 255 8 -1.92957 225 248 243 9 1.24905 241 255 250 3 -0.982794 245 252 247 1 2.35619 249 253 248 1 2.35619 250 254 249 0 0 250 254 249 0 0 
243 255 246 0 0 245 255 246 0 0 246 253 248 0 0 237 242 240 0 0 255 254 255 0 0 251 248 255 0 0 246 239 254 0 0 246 251 255 0 0 220 246 255 0 0 190 236 247 0 0 197 255 255 0 0 198 255 255 0 0 216 254 255 0 0 228 252 250 0 0 235 251 244 0 0 248 255 251 0 0 245 251 246 0 0 248 252 247 0 0 250 254 249 0 0 251 255 250 0 0 
