222 218 229 21 1.38257 243 240 249 16 2.70497 250 249 253 2 -2.03444 248 244 255 18 2.92292 254 242 255 89 -3.1079 251 237 255 105 -3.05609 244 228 255 73 3.00545 254 239 255 54 -3.12308 253 240 255 3 -0.321751 252 243 255 7 0.876058 255 255 248 12 -1.99742 247 249 230 19 -2.31917 231 234 219 31 0.920926 255 255 246 2 -2.03444 252 255 245 10 2.85014 255 255 249 13 -2.84309 251 254 245 5 2.35619 255 255 251 7 -1.97569 248 249 245 7 0.2783 250 251 249 0 0 
226 221 236 3 0.588003 228 223 238 21 1.4289 249 243 255 28 -2.40615 230 221 247 113 -2.50694 165 152 184 20 -1.17227 146 130 171 38 0.63832 171 150 199 38 2.3017 200 180 227 84 2.41495 255 239 255 95 3.13107 255 245 255 8 -2.67795 253 248 250 21 -2.05527 232 230 229 21 1.02225 250 244 255 18 2.87065 253 247 255 62 -2.966 242 236 255 61 3.14159 242 236 253 59 3.05705 247 243 255 49 3.0399 252 249 255 7 2.7367 255 254 255 9 -1.98902 246 245 247 0 0 
229 222 243 4 0.463648 231 221 251 3 -1.89255 228 212 255 128 -2.37277 139 121 174 51 0.674741 173 157 198 71 0.0562785 177 158 207 67 -0.530216 145 113 194 32 -0.244979 137 104 188 25 1.21203 159 137 196 90 1.81578 247 231 255 41 -2.99628 241 230 255 11 2.96174 243 230 255 51 -2.92504 232 209 255 105 -2.76285 191 165 241 64 -2.9866 181 155 231 35 3.08451 181 160 228 51 2.84453 198 180 233 64 2.32324 245 232 255 110 3.0871 251 244 255 39 -2.01198 215 211 223 0 0 
233 222 254 8 -0.358771 230 215 255 117 -2.21088 136 112 184 43 1.52432 179 154 228 72 2.07789 244 225 255 9 -1.68145 235 214 255 60 -1.65394 177 143 230 33 -1.94013 144 110 204 45 -0.154319 137 111 181 105 0.711706 206 185 240 61 2.74307 230 211 255 47 -2.25209 191 170 233 83 -2.35619 132 101 194 26 -0.189988 125 92 196 33 0.613207 144 113 210 16 -0.828849 132 106 190 107 0.186487 154 131 199 91 -0.210326 135 117 170 102 1.29517 234 221 255 92 3.109 237 226 255 0 0 
241 225 255 81 -1.66924 160 139 201 34 -2.43934 138 109 195 17 0.358771 144 115 201 97 1.67353 243 221 255 110 -3.02396 230 209 255 104 -2.4444 163 136 209 26 1.38081 189 161 237 60 0.478352 217 191 255 73 -1.18019 147 123 193 70 0.815692 198 172 250 85 -2.26553 130 102 192 31 0.991722 156 123 227 29 -3.00453 150 120 221 14 2.9305 153 130 212 83 1.5467 238 217 255 7 0.404892 243 224 255 80 -1.62075 163 145 198 25 -0.950547 142 123 178 81 1.74404 222 203 255 0 0 
233 213 255 100 -1.73103 134 111 179 21 1.90747 154 125 210 20 -1.3734 134 105 191 80 -0.0374824 133 107 177 73 0.235012 150 126 190 20 2.07789 168 141 215 81 1.96274 241 215 255 38 3.08901 243 217 255 58 -2.17308 193 167 250 62 -2.14987 141 111 206 16 2.76109 145 115 216 20 -1.86225 125 97 193 79 0.138351 136 110 200 58 0.33262 155 133 212 95 1.96881 243 223 255 90 -3.05294 239 217 255 96 -2.45877 178 156 221 70 -2.35619 128 104 176 65 1.32209 191 165 241 0 0 
219 195 255 90 -1.53748 129 105 170 31 1.63522 158 135 203 77 0.803578 214 190 255 28 -0.432408 202 176 252 72 -1.07036 138 110 193 16 -0.185348 135 104 197 68 1.42478 203 171 255 68 3.03901 210 179 255 93 -2.59203 159 130 223 42 -2.25653 126 94 195 23 0.694738 139 112 206 71 1.13839 204 183 255 36 -0.365201 190 171 244 89 -0.96099 117 93 181 57 0.650421 153 126 220 8 2.08994 164 133 224 50 -0.799482 130 98 187 46 0.348771 146 113 204 42 1.92957 186 152 246 0 0 
222 200 255 96 -1.38354 127 105 164 87 1.50194 212 191 253 62 2.67795 240 216 255 9 -2.81984 237 208 255 90 -1.96986 154 121 218 20 -2.67795 145 110 214 12 -0.896055 133 101 202 7 -0.694738 128 100 189 62 0.0644268 132 104 194 32 0.380506 142 111 216 28 1.89255 169 141 237 71 1.82598 237 219 255 10 2.76109 241 225 255 80 -1.7976 163 139 227 34 -2.69093 149 122 216 82 0.594759 199 170 255 48 -0.59375 174 143 228 81 -0.557296 131 99 188 52 1.51317 183 149 243 0 0 
240 224 255 107 -1.51478 133 114 163 52 0.497822 156 132 202 77 1.8314 231 202 255 97 -2.83932 202 168 255 94 -2.37112 136 100 208 22 0.881872 151 117 225 29 -2.72337 139 109 204 71 0.795299 190 169 238 53 -0.546789 160 140 213 82 -0.333244 133 101 210 21 0.982794 151 119 228 77 1.7254 227 207 255 106 -3.10387 223 206 255 129 -2.36166 132 112 189 84 1.5827 217 197 255 30 2.51757 239 221 255 2 1.10715 243 224 255 113 -1.86478 134 110 175 58 1.67388 192 165 239 0 0 
246 233 255 67 -1.51117 179 161 208 62 -0.717322 136 110 188 3 0.588003 138 104 204 8 -2.67795 134 97 207 26 0.651077 148 112 226 24 -1.44644 124 88 200 67 1.31499 189 158 255 47 1.69777 234 215 255 4 2.03444 238 218 255 95 -1.78262 145 113 221 10 -2.55359 139 107 216 17 -1.62955 121 100 179 40 0.251003 131 113 184 3 0 131 108 192 60 1.47113 192 170 248 79 2.55359 240 221 255 104 -2.83189 210 192 239 116 -2.36226 128 107 162 101 1.15557 221 199 255 0 0 
250 236 255 24 -1.44644 226 206 255 89 -1.26323 139 109 198 52 -0.171379 130 92 204 27 1.12328 153 115 234 14 -2.9997 151 113 233 20 -2.63449 141 105 219 42 1.40565 181 151 254 75 2.39391 232 208 255 91 -2.98727 218 194 255 113 -2.33756 136 106 209 6 2.81984 138 109 208 70 0.330679 161 141 214 74 -0.355636 135 114 189 63 0.0475831 138 107 212 13 -1.96559 128 92 204 21 0.484478 140 107 204 15 -1.5708 127 98 177 61 0.750929 169 147 205 110 0.798218 248 231 255 0 0 
253 240 255 4 0 253 236 255 60 -1.71969 191 166 240 71 -0.755704 142 111 204 8 -0.124355 139 107 208 7 -0.876058 133 100 204 110 0.136756 146 117 216 91 -0.221047 126 98 194 48 0.334737 142 115 209 3 -1.89255 139 112 206 9 -1.89255 130 101 200 75 1.49097 205 180 255 30 1.04752 231 212 255 33 -1.39094 198 178 251 68 -1.2307 135 101 209 12 1.48766 147 110 226 10 -2.07789 140 106 207 49 0.655696 172 143 222 97 0.865518 246 228 255 8 0.463648 250 237 255 0 0 
255 248 255 17 -2.27305 244 233 255 10 0.0996687 243 232 255 93 -1.47432 150 136 178 87 -0.0459447 144 128 182 98 1.65225 242 223 255 5 -1.76819 235 217 255 63 -1.50739 172 150 229 34 -1.09433 141 112 211 17 -2.85554 136 106 209 24 0 138 108 203 84 1.5708 222 197 255 74 2.91279 239 221 255 47 -2.79998 223 203 255 127 -2.38952 138 107 200 10 2.49809 144 113 206 71 0.51392 181 156 224 85 0.68573 235 218 255 26 0.812419 254 242 255 1 2.35619 255 246 255 0 0 
246 239 252 13 0.628796 254 248 255 11 3.14159 252 250 255 19 -2.24554 237 233 245 99 -1.45017 136 127 160 120 1.05886 241 226 255 96 3.14159 239 222 255 78 -2.4371 188 166 244 89 -2.34032 124 97 190 53 0.74542 160 133 226 73 -0.334737 138 112 195 90 0.121619 149 128 197 45 1.54858 196 176 235 92 -2.37909 132 112 171 32 -0.0624188 130 106 176 129 0.626527 206 185 247 61 0.692642 247 233 255 7 0.876058 253 245 255 19 3.14159 253 246 255 2 0.463648 254 248 255 0 0 
255 254 255 16 -2.14213 241 241 241 11 -0.0906599 240 241 237 13 0.732815 249 246 255 52 -1.45592 195 185 221 74 -0.737815 145 126 189 45 0.927295 181 153 242 72 -2.32708 128 99 192 38 1.30683 165 142 217 70 1.20871 231 211 255 7 -0.404892 230 210 255 78 -1.43069 152 132 191 23 -1.5708 131 107 171 48 0.814801 166 144 202 108 0.713626 237 221 255 22 0.909753 255 245 255 13 -2.91479 252 249 251 18 -1.78947 234 233 229 30 0.762147 255 253 253 10 -2.28963 247 243 248 0 0 
246 248 242 8 0.785398 252 254 248 6 -2.81984 250 252 246 5 1.19029 255 253 255 21 -2.9997 250 242 255 80 -1.83379 172 154 215 79 -0.542579 131 102 195 28 0.244979 138 107 204 52 1.51317 190 166 244 62 2.26553 238 219 255 64 3.12597 241 223 255 110 -2.20159 152 135 186 10 1.27934 164 143 198 123 0.74542 248 231 255 8 2.78282 251 242 255 21 -2.71874 242 239 241 13 2.67795 248 249 239 17 2.65164 255 255 246 8 -1.44644 248 247 243 11 -3.05093 247 245 245 0 0 
252 255 245 6 -2.03444 246 248 242 10 0.643501 252 252 252 18 -1.40565 234 230 241 4 -0.785398 229 223 246 14 2.30861 240 227 255 81 -1.71787 159 136 211 49 -0.372988 141 112 205 9 1.24905 150 120 215 28 2.1294 174 147 233 48 3.14159 176 155 218 21 -1.75902 155 139 186 138 0.785398 255 241 255 16 -1.9513 240 230 253 15 -0.643501 233 225 235 8 -3.01724 230 228 228 9 2.81984 233 232 228 25 1.287 255 255 252 20 -1.86225 235 236 234 13 1.41815 248 248 248 0 0 
249 253 242 7 0.694738 254 255 250 1 2.35619 255 254 255 18 -1.62629 237 234 243 20 -0.927295 219 218 228 17 0.54042 228 221 248 23 -1.5708 205 188 245 72 -0.990398 144 120 198 46 -0.193211 135 106 199 13 -2.40878 126 99 185 67 0.711847 172 152 211 105 0.872426 253 240 255 10 -2.49809 249 240 255 3 1.5708 252 247 255 29 -1.50194 225 219 224 9 -0.218669 221 219 219 19 1.31347 240 238 238 13 0.942 249 249 249 15 -2.2143 237 237 237 14 1.22777 251 251 251 0 0 
255 255 251 2 -1.5708 253 254 250 2 2.67795 254 254 254 5 -1.3734 249 249 249 13 -1.344 234 237 235 19 -0.305879 228 227 237 22 0.847817 245 235 255 55 -1.4982 190 174 228 82 -0.905507 125 104 173 88 0.632138 177 158 221 77 0.904104 240 226 255 13 0.367174 245 237 255 6 0.321751 249 242 255 9 0.558599 254 250 255 22 -1.48014 234 228 233 15 -0.404892 226 223 225 34 0.683709 248 246 246 7 -0.982794 240 240 240 6 2.81984 242 242 242 14 1.07685 255 255 255 0 0 
255 255 252 0 0 251 252 248 0 0 255 255 255 0 0 252 253 251 0 0 253 255 249 0 0 243 245 245 0 0 249 243 255 0 0 241 229 255 0 0 196 179 236 0 0 225 209 255 0 0 253 242 255 0 0 251 245 255 0 0 255 252 255 0 0 255 252 255 0 0 248 242 247 0 0 253 250 252 0 0 252 249 251 0 0 234 234 234 0 0 249 249 249 0 0 255 255 255 0 0 
