39 81 88 34 0.887087 66 109 112 16 -0.519146 56 103 101 33 0.957589 83 133 123 6 2.24554 86 142 121 5 -0.54042 83 141 112 10 3.14159 83 143 109 17 2.06075 98 160 120 40 2.9927 106 166 125 61 3.14159 106 168 122 32 0.655696 128 187 142 27 -2.56369 113 174 124 45 -2.51119 90 146 97 18 2.87065 95 152 101 26 3.10315 97 153 100 23 3.14159 97 151 104 40 -2.56729 79 124 91 30 -2.09407 55 94 73 27 3.06765 58 92 82 8 1.92957 68 97 94 0 0 
61 104 107 22 1.00748 78 125 123 3 -2.1588 75 124 116 32 0.124355 77 130 116 22 0.661043 91 148 123 18 -1.73594 73 132 101 4 0.463648 75 136 98 21 -0.91795 58 121 79 25 -0.62025 45 106 62 88 1.38892 132 194 148 33 -2.07496 105 165 117 38 -2.3017 76 137 87 11 -0.785398 70 129 79 11 -0.266252 69 126 75 5 2.2143 73 130 79 11 -1.39094 63 117 70 9 -0.321751 62 110 74 38 -1.46592 26 68 43 26 1.344 55 89 78 12 2.71497 60 92 87 0 0 
71 120 112 16 0.302885 74 127 114 43 0.785398 105 159 142 10 -1.47113 95 152 127 8 -1.05165 88 147 116 11 -1.48014 76 139 100 13 1.00407 88 151 107 12 -2.35619 79 143 97 20 -1.81578 59 124 75 58 1.20606 114 179 130 63 -2.47917 77 140 90 7 0.785398 84 145 95 8 -2.52134 79 140 90 20 -2.18546 64 123 73 25 0.358771 73 132 82 6 -2.46685 69 127 79 8 -1.44644 64 115 77 39 -1.12962 30 76 47 41 0.216085 43 80 64 12 1.73594 55 91 79 0 0 
84 140 121 21 1.99365 104 162 138 22 0.0454233 105 164 136 17 -2.72918 98 159 125 12 -2.18152 88 151 111 15 -0.321751 83 148 102 13 -0.394791 78 145 94 8 -0.62025 73 141 88 11 0.54042 80 146 94 17 -2.03444 64 130 78 24 0.699893 80 146 95 7 -1.4289 73 139 88 12 -0.96007 65 128 78 25 0.840897 84 147 97 24 -2.18152 64 127 77 14 0.141897 68 128 80 9 2.1294 78 134 91 17 -2.39617 69 120 83 34 -1.36775 39 81 58 26 1.5708 65 104 88 0 0 
73 135 105 72 0.77569 124 188 153 38 -1.85977 87 152 113 19 0.104877 89 156 111 16 0.785398 101 170 119 8 -1.81578 93 164 108 10 -1.5708 83 154 97 2 -2.03444 81 152 95 15 -0.876058 71 140 83 17 0.702257 82 150 95 8 -2.89661 80 148 95 8 -0.124355 79 146 95 1 3.14159 79 146 95 12 -1.40565 67 133 84 8 1.69515 75 141 92 21 -2.22364 59 124 75 11 0 63 123 75 10 0.851966 73 129 88 41 -1.5708 35 83 55 32 0.741947 59 103 80 0 0 
123 190 151 31 -0.39234 111 179 138 23 -2.83354 106 174 127 5 -1.76819 101 170 119 3 -0.588003 99 170 114 6 -2.03444 93 165 105 13 -1.00407 82 155 93 10 0.982794 91 164 102 9 -1.78947 82 155 93 13 -0.837981 70 144 84 19 0.822418 84 157 101 11 -1.10715 74 146 93 4 0.785398 77 149 97 15 -1.76819 62 133 83 11 -0.348771 58 129 79 20 0.35299 67 136 86 4 -1.32582 66 132 81 5 0.197396 71 130 86 17 -1.85685 58 108 76 7 -0.588003 54 102 76 0 0 
152 221 178 75 -2.14773 89 158 113 30 0.478352 103 174 124 1 -1.5708 102 174 121 8 -1.10715 94 168 110 8 0.519146 98 173 111 13 -2.09887 86 162 98 13 0.0767719 87 163 99 2 1.5708 89 164 102 7 -2.26553 81 158 97 7 0.876058 87 162 106 12 -1.73594 75 150 96 7 -0.404892 72 146 94 5 -0.197396 71 145 93 4 2.03444 74 149 98 14 -2.25653 64 137 87 1 0 70 137 86 9 -1.98902 62 125 81 6 -1.73594 60 115 82 7 -2.35619 57 108 81 0 0 
113 179 137 24 0.205395 116 185 140 15 -0.965252 103 174 124 5 2.49809 106 178 125 6 -0.896055 101 175 117 10 -1.76819 91 166 104 12 0.726642 99 175 111 12 -1.48766 85 163 99 5 -0.54042 82 159 97 5 0.785398 85 163 102 8 -0.124355 84 161 103 7 -0.404892 79 158 101 5 -1.3734 76 152 98 8 -1.81578 66 144 91 3 -0.982794 63 141 88 4 -0.244979 64 139 88 5 -1.9513 64 133 83 6 -1.89255 61 124 80 10 -1.47113 55 109 79 24 1.14417 77 129 105 0 0 
139 202 163 10 -1.19029 127 193 152 26 -1.64757 101 168 123 12 1.07145 112 181 131 11 -1.5708 99 172 116 14 0.0713075 100 174 114 5 0 98 176 112 8 -1.69515 89 169 104 6 -2.46685 85 164 101 8 1.10715 91 171 110 9 -2.92292 89 169 110 10 -0.982794 78 159 102 12 -0.726642 72 151 94 4 -1.10715 66 147 92 1 -2.35619 65 146 91 7 -1.71269 62 137 85 5 -2.11122 62 130 83 7 -0.404892 62 124 84 2 -2.67795 65 118 91 25 -2.55359 53 102 80 0 0 
144 204 170 20 -0.927295 128 189 153 29 -0.664046 109 172 132 6 0.896055 112 180 133 5 2.60117 113 185 133 9 -2.1294 103 179 121 11 -2.60117 96 174 113 13 -1.17601 82 163 100 13 0.367174 87 168 105 6 -0.896055 80 163 101 13 1.344 93 175 116 6 -1.73594 87 169 110 17 -2.06075 72 153 96 9 -0.86217 65 146 89 14 -0.0713075 64 145 90 14 -0.68573 59 134 82 10 0.507098 71 136 91 13 -2.09887 62 121 83 20 -1.32582 46 96 72 7 -1.71269 39 88 68 0 0 
162 213 186 88 -3.08484 155 209 180 129 -2.85162 116 174 139 16 -0.244979 109 173 131 3 0.982794 110 178 131 15 -2.12245 93 168 114 19 0.486899 101 178 120 4 -1.81578 95 175 114 8 -0.519146 89 172 110 7 -2.26553 83 166 104 11 0.909753 92 174 115 13 -1.64757 79 161 102 1 -0.785398 80 159 102 10 0.0996687 81 160 103 5 -2.35619 77 156 99 15 -2.35619 69 143 91 13 -2.19959 65 128 86 3 0 71 124 91 26 -1.49402 47 94 72 15 -3.07502 46 91 74 0 0 
79 123 100 50 -2.18642 36 83 57 103 1.48364 136 189 156 66 -2.86743 114 174 134 7 -1.71269 102 169 124 16 0.785398 110 184 132 11 -2.23184 100 177 120 5 2.2143 100 182 123 20 -2.2143 82 166 107 9 0.708626 88 173 111 1 1.5708 91 173 114 11 -1.83705 80 162 103 11 0.785398 90 169 112 14 -2.0032 79 156 99 16 -2.39965 69 144 88 8 -1.10715 65 134 83 10 0 72 130 89 1 -0.785398 75 125 93 44 -1.29865 35 78 57 23 -0.0867383 33 74 59 0 0 
55 93 71 5 -0.54042 49 91 66 30 1.34156 75 124 92 51 2.07789 115 172 133 9 2.43297 116 181 136 9 -2.27942 105 177 125 5 -1.03038 95 173 119 5 -1.19029 88 170 111 7 0.404892 89 173 114 7 -0.141897 87 173 113 2 -1.5708 86 170 112 1 0 88 169 112 6 -1.5708 86 162 108 22 -2.13411 68 143 89 12 0.426627 75 147 94 13 -0.152649 78 144 93 10 -2.07789 77 130 90 12 2.18152 90 137 105 32 -1.78615 62 101 80 6 0.165149 63 100 84 0 0 
64 97 76 11 -0.0906599 59 98 72 2 -1.10715 54 98 67 63 1.39794 112 165 126 58 3.02148 111 175 129 4 0.463648 108 180 128 17 -0.358771 97 175 121 2 3.14159 93 177 119 6 2.67795 95 181 121 10 -2.2143 87 173 113 1 -0.785398 87 171 113 7 -0.141897 88 169 112 18 -1.5153 74 150 96 5 0.785398 81 153 100 11 0.661043 92 160 107 27 -2.33056 75 137 89 11 -1.75065 73 123 81 75 0.132552 87 130 97 36 -0.549853 69 107 85 9 0 71 105 88 0 0 
77 109 85 11 -1.66146 64 99 73 62 0.128323 68 109 78 77 -0.0777649 55 106 68 92 0.846859 117 179 133 27 2.61352 124 196 143 24 -1.5708 95 174 117 20 -0.197396 87 171 112 22 0.135528 89 174 116 2 -0.463648 88 173 115 5 1.19029 94 177 122 7 -1.97569 89 170 115 15 -1.76819 79 153 101 12 0.844154 92 161 110 21 -1.71269 74 140 89 8 -2.78282 75 135 87 95 0.76318 150 198 156 42 -0.936774 119 160 128 41 -1.35471 82 116 92 17 -0.904827 68 100 81 0 0 
74 107 86 91 0.606238 124 160 136 64 0.366057 145 184 158 32 -0.741947 118 164 135 28 -0.607802 97 151 114 38 1.38863 128 193 148 50 -3.06176 118 191 141 2 -1.10715 111 191 138 17 -1.33971 92 174 121 8 -0.124355 90 174 120 1 3.14159 91 173 120 9 -2.27942 88 166 113 5 -0.927295 91 160 109 4 -0.463648 94 156 108 26 -1.64757 72 128 85 81 1.1401 151 200 162 40 0.574305 180 220 185 50 -1.76819 134 168 138 40 -1.2723 95 127 103 16 -1.50838 81 109 89 0 0 
142 183 162 37 1.5708 179 219 201 28 -2.66207 168 204 192 68 -2.79659 143 181 169 41 -2.25311 109 151 133 19 -1.51821 87 135 109 47 1.73939 128 186 151 67 3.12667 122 190 149 15 -2.12245 104 179 135 13 -0.837981 92 170 123 6 -0.896055 87 166 117 5 0.380506 94 167 117 5 -0.54042 98 163 114 8 -1.81578 99 151 111 10 1.86225 116 157 126 113 0.710538 196 228 204 27 -2.22868 179 205 182 28 -1.46406 151 177 154 50 -1.3927 101 126 106 13 -0.367174 94 122 99 0 0 
140 183 162 14 2.1588 152 194 177 62 -2.16322 104 138 131 29 0.54042 119 153 147 7 -2.35619 115 149 138 44 -2.45267 84 124 106 13 -2.03444 65 116 88 60 1.50423 119 180 144 79 3.091 118 185 148 43 -0.350728 100 172 130 5 -0.785398 96 168 125 2 2.35619 101 170 125 28 -0.354706 102 158 115 9 -1.68145 100 146 110 131 0.855553 210 238 218 33 -2.07496 186 206 193 2 -1.10715 186 205 190 22 -1.66146 164 183 166 46 -1.46253 116 138 119 11 -0.54042 108 134 111 0 0 
134 177 150 23 -2.44685 119 161 138 23 2.79282 130 164 153 19 -2.28489 115 149 139 40 -2.1451 83 116 102 21 0 80 119 98 10 -2.9442 72 120 91 23 -1.48406 42 100 65 129 1.28824 161 225 189 54 -1.2723 105 175 135 51 -0.193622 97 165 124 36 2.14376 132 195 155 44 -2.11508 104 155 117 115 0.74248 189 229 201 6 -0.463648 197 220 206 21 -2.55359 189 206 197 7 -2.44685 185 202 189 15 -1.89255 169 188 171 41 -1.54641 126 148 129 7 -0.982794 118 144 121 0 0 
116 160 131 0 0 99 139 114 0 0 117 152 138 0 0 95 127 116 0 0 104 137 122 0 0 70 109 87 0 0 76 122 93 0 0 80 136 101 0 0 179 241 205 0 0 158 225 186 0 0 79 144 105 0 0 110 172 132 0 0 191 238 205 0 0 197 234 208 0 0 181 201 189 0 0 184 198 192 0 0 180 197 184 0 0 170 189 172 0 0 130 152 133 0 0 120 146 123 0 0 
