255 248 255 5 -1.5708 252 244 255 7 0.785398 251 252 255 3 -1.5708 245 251 255 4 0.785398 248 252 255 6 -2.97644 250 252 255 5 3.14159 255 254 253 3 -1.5708 255 254 243 4 0 255 255 236 18 -1.73594 240 239 219 125 2.98955 255 253 248 57 3.08901 253 253 255 25 3.14159 248 251 255 5 -2.35619 242 249 255 5 2.2143 246 255 248 3 -2.1588 243 255 242 3 0.982794 244 255 255 7 -1.71269 241 249 248 9 0.785398 255 255 247 7 3.14159 255 255 242 0 0 
255 250 255 10 3.14159 255 251 255 0 0 250 253 255 5 3.14159 246 253 255 6 -1.5708 238 245 255 2 3.14159 240 246 255 7 0.694738 250 253 255 1 1.5708 255 255 251 9 -2.35619 252 254 234 140 -1.73478 111 116 95 95 2.0251 191 197 192 36 1.82249 223 227 238 24 2.08994 240 244 255 13 -2.91479 236 241 255 10 2.63449 241 253 255 16 3.07917 242 255 255 9 3.14159 242 254 255 5 2.9442 246 255 255 7 -1.8491 246 252 241 8 0.62025 255 255 242 0 0 
250 244 245 14 0.785398 255 255 255 5 -1.5708 243 251 251 6 2.24554 243 254 255 16 -2.62245 229 241 255 35 2.91688 237 248 255 83 -3.12954 240 249 255 147 -3.1008 237 248 252 166 -3.00309 216 232 214 225 -2.3656 56 75 54 122 1.31596 172 188 187 142 2.91532 200 213 235 150 3.00816 219 224 255 141 3.1345 220 223 255 140 -3.12731 219 225 255 113 3.07091 229 237 255 97 3.10038 233 243 255 37 3.0339 242 251 255 7 2.86329 251 255 252 1 -1.5708 254 255 246 0 0 
253 255 255 1 3.14159 248 254 255 16 -2.57026 230 242 255 46 -3.03332 216 232 255 144 -2.94014 182 196 255 144 -2.86139 140 153 221 107 -2.48875 77 89 153 28 -2.1294 55 70 119 35 -0.564569 37 58 85 62 0.579074 70 94 116 55 -1.99447 17 38 76 63 0.351445 35 53 112 39 0.785398 63 73 157 2 0.785398 65 72 165 28 2.08128 94 99 184 42 2.54052 121 127 200 75 2.1294 187 196 253 100 2.7979 227 236 255 90 3.04192 244 251 255 11 -2.96174 246 253 255 0 0 
238 251 255 17 -2.27305 220 233 255 57 -2.35619 168 183 245 157 -2.44604 56 74 165 27 -1.20362 23 38 160 21 0.71883 34 48 184 7 0.694738 39 54 187 21 1.47584 62 77 203 24 3.01724 65 85 197 51 -2.21819 24 45 154 32 1.47732 54 75 190 31 -2.81984 42 63 185 5 2.76109 44 61 194 27 -2.61352 34 45 183 4 1.81578 41 49 186 20 1.21781 64 71 198 37 2.89661 78 86 193 39 1.77312 124 133 213 97 2.02531 221 231 255 71 3.0155 234 246 255 0 0 
218 234 255 43 -1.75474 168 185 241 155 -2.25156 36 52 148 31 1.86225 56 72 202 54 -2.76787 27 44 201 6 2.46685 27 44 214 12 3.05845 28 45 215 18 -2.87065 25 41 207 17 -2.9105 21 39 200 12 -2.53087 14 33 192 7 -2.9997 11 32 191 15 1.89255 26 47 206 30 -2.54442 9 30 189 9 1.24905 20 38 199 12 1.81578 38 49 211 38 -2.46685 19 26 183 37 1.41003 59 68 209 6 2.46685 72 80 193 68 2.08635 141 153 225 90 2.22313 218 231 255 0 0 
205 218 255 140 -1.89029 65 79 161 48 -2.42853 22 35 157 15 -0.927295 1 15 165 30 1.01914 18 37 202 14 -2.9305 12 32 203 24 -2.9362 9 28 195 6 -2.46685 6 24 191 3 1.24905 9 26 197 7 -2.55359 5 22 193 14 3.07029 5 23 194 21 -2.90785 0 19 186 15 0.785398 11 33 192 3 2.1588 15 36 195 24 -2.4733 6 18 182 20 0.643501 21 30 193 26 1.64757 51 57 216 29 -2.14011 33 39 174 42 1.18148 83 91 184 118 1.77481 204 214 255 0 0 
156 165 255 129 -1.78947 24 34 142 14 1.3597 28 38 180 5 -1.3734 14 27 189 4 -1.32582 3 21 192 15 -0.965252 0 8 179 19 0.785398 5 24 187 3 2.55359 9 27 188 8 -2.62245 5 20 190 12 -1.24905 0 7 179 18 -0.339293 0 1 174 27 1.46014 11 30 199 23 -3.05485 9 30 192 16 -2.08994 0 16 177 22 1.10715 20 34 200 16 -2.76109 16 27 195 12 1.5708 30 39 207 16 2.70497 42 52 200 13 -3.06482 51 63 171 114 1.58834 171 184 255 0 0 
122 126 251 95 -1.47634 24 28 163 12 1.24905 25 34 191 12 -2.71497 13 26 196 7 2.55359 13 30 201 25 -2.81984 5 23 190 17 -2.96692 6 23 180 2 -2.35619 6 23 174 7 1.4289 16 28 184 4 2.89661 16 28 188 32 -2.4859 0 6 172 13 0.0767719 0 6 176 38 0.346539 4 19 189 6 0.674741 8 23 193 20 -2.89661 5 18 188 10 1.0637 14 26 198 3 -1.5708 6 24 195 17 0.54042 16 38 193 10 1.76819 37 59 178 86 1.74547 127 150 249 0 0 
129 134 255 100 -1.45137 24 31 170 3 -1.24905 14 23 181 12 3.14159 7 20 190 16 -1.05165 0 6 177 15 -0.0665682 0 6 173 17 0.74542 6 21 177 5 0.197396 10 24 174 4 2.67795 16 25 176 23 -2.01522 0 3 157 39 0.497343 9 20 182 24 1.77619 31 42 210 44 -2.7279 11 23 195 21 -1.52321 0 2 174 23 1.03038 10 22 194 5 0.785398 12 26 198 12 1.32582 19 39 211 8 -2.03444 13 37 191 8 -2.78282 22 45 161 107 1.49617 133 158 254 0 0 
140 155 255 124 -1.10355 25 39 157 16 -1.69515 2 16 159 20 1.27934 17 30 192 12 -2.53087 6 20 192 3 -0.982794 5 18 188 4 1.10715 13 25 185 17 -2.65164 8 17 174 4 -1.81578 8 13 168 24 1.73594 30 37 194 27 -2.25132 5 14 177 12 -1.89255 0 2 166 26 1.17601 12 26 192 25 -2.73147 0 16 183 16 0.785398 14 27 197 22 3.00606 17 29 201 5 1.76819 22 33 207 13 -2.03444 14 28 180 25 0.533708 39 56 159 125 1.62674 167 189 255 0 0 
205 220 255 169 -1.53531 30 45 137 77 -0.103525 15 27 153 4 1.10715 14 23 174 5 1.5708 15 24 188 24 -3.01724 11 20 187 23 -2.56522 3 9 168 11 0.54042 11 16 171 8 -1.05165 5 9 164 13 1.00407 16 19 177 17 -2.67795 5 11 170 5 0.380506 3 14 172 9 -1.15257 0 5 163 34 0.805803 16 29 191 33 -2.41994 0 5 173 32 0.828849 21 28 199 16 3.14159 21 28 199 20 2.2143 44 52 195 27 -2.5128 39 53 142 189 1.04576 207 225 255 0 0 
227 235 255 98 -1.49949 123 131 191 120 -0.756167 31 34 138 13 2.98894 26 27 161 19 -1.67567 0 3 155 10 0.0996687 0 2 160 27 0.680521 18 21 173 15 3.14159 20 22 170 4 -1.5708 18 16 169 18 -2.43297 4 5 157 25 0.533708 13 18 171 18 3.08609 13 20 171 14 2.30861 22 31 182 29 -2.18709 0 5 160 26 1.19029 26 26 192 16 -2.08994 12 12 180 7 2.55359 16 17 181 12 0.499347 28 33 165 101 1.5016 139 152 226 104 0.751398 214 233 255 0 0 
244 248 255 18 -1.91009 220 225 255 184 -1.4679 25 27 111 156 0.0831412 30 30 148 21 -2.80492 14 15 159 12 1.5708 22 24 178 26 -2.35619 3 6 158 15 1.24905 18 22 171 21 -2.1588 0 4 153 28 1.0122 24 28 177 33 -2.20835 0 1 152 35 0.258771 3 10 159 18 0.218669 7 14 163 3 1.5708 11 16 168 13 0.528074 20 20 180 13 -2.03444 12 10 164 28 0.835357 36 35 175 20 3.04192 44 48 153 210 0.940602 222 235 255 7 0.694738 233 248 255 0 0 
243 244 254 11 0.785398 244 247 255 47 -1.67678 183 189 255 166 -1.36516 10 15 118 136 0.0952987 12 18 155 8 -2.19105 0 6 160 9 0.558599 3 8 170 2 -1.10715 0 8 166 9 1.78947 8 19 171 11 -1.5708 0 9 159 27 1.38769 21 35 187 29 -2.90474 14 28 180 17 -2.19105 1 13 167 15 1.43824 18 29 181 21 -2.59304 12 18 167 21 0.652847 31 36 168 24 -2.32763 23 29 126 185 0.903618 178 186 246 67 0.879853 239 249 255 7 -2.44685 239 250 254 0 0 
251 254 255 5 -2.11122 241 245 255 8 -1.21203 223 229 255 62 -1.37656 151 159 236 142 -1.11342 12 19 134 124 0.0483494 11 18 159 6 -2.81984 6 11 166 5 -1.03038 0 6 164 11 1.22203 6 19 171 7 -2.1588 0 14 164 7 -1.5708 0 7 158 12 1.24905 2 18 171 8 -0.244979 3 16 168 5 -2.11122 4 13 157 39 0.658806 33 42 170 31 -2.40162 21 29 130 153 0.836046 149 154 215 106 0.765533 232 238 255 5 0.54042 242 248 255 7 0.876058 251 255 252 0 0 
245 251 255 3 0.321751 244 251 255 1 1.5708 240 250 255 12 -2.24554 225 234 255 67 -1.40807 150 155 230 138 -1.11362 19 21 129 155 0.0451306 19 19 157 5 -2.35619 8 11 163 3 1.5708 6 16 164 4 -2.67795 0 14 164 5 -0.54042 0 10 162 18 1.05841 15 26 177 13 -1.41815 9 15 158 30 1.26988 43 49 174 38 -2.24554 22 28 123 179 0.623482 136 143 206 120 0.81463 237 240 255 2 0.785398 246 248 255 3 0.982794 252 254 255 1 0.785398 253 255 254 0 0 
250 255 255 8 -2.89661 248 253 254 7 -1.2925 241 247 246 12 0.785398 246 252 255 17 -1.85685 224 225 255 33 -1.10715 187 186 255 156 -1.31964 26 24 130 183 0 17 19 143 73 -0.0136978 9 18 145 7 1.2925 11 25 155 1 1.5708 13 25 157 18 2.6292 26 35 163 20 -2.85014 27 31 149 81 -0.0493426 30 34 129 227 0.663745 179 184 247 63 0.729277 230 234 255 9 0.785398 246 248 255 2 0.785398 253 253 253 2 0.785398 255 255 255 0 0 255 255 255 0 0 
251 248 243 11 0.785398 255 255 249 2 3.14159 255 255 249 13 -2.7468 248 250 250 3 0.982794 246 248 255 6 -1.24905 233 236 255 10 -0.927295 218 222 255 110 -1.45316 99 108 182 135 -0.559381 20 34 117 175 0.0285637 19 38 125 136 -0.10985 6 22 111 161 0.0310459 15 29 112 213 0.461551 117 126 199 135 0.764568 218 225 255 8 1.21203 235 240 255 4 0.463648 244 247 255 4 0.463648 251 251 255 2 0.785398 255 255 255 0 0 255 255 255 0 0 255 255 255 0 0 
255 255 247 0 0 255 255 245 0 0 248 246 235 0 0 254 254 248 0 0 253 254 255 0 0 244 248 255 0 0 234 242 255 0 0 219 230 255 0 0 198 216 255 0 0 161 180 247 0 0 171 190 255 0 0 209 227 255 0 0 220 231 255 0 0 226 235 255 0 0 244 248 255 0 0 251 254 255 0 0 253 255 255 0 0 255 255 255 0 0 255 255 255 0 0 255 255 255 0 0 
