255 255 252 3 -2.1588 254 255 246 4 0.785398 255 255 247 8 3.14159 255 255 247 8 3.14159 255 255 252 2 -1.5708 255 252 254 4 -2.67795 255 247 255 4 1.81578 255 252 255 7 -2.7367 255 253 249 3 1.24905 255 255 249 3 -2.81984 255 255 250 1 -2.35619 255 253 252 5 3.14159 255 250 255 9 3.14159 255 249 255 2 2.03444 255 251 255 9 -2.92292 253 251 255 3 -2.55359 251 250 254 4 1.81578 255 255 255 10 -2.63449 250 251 247 7 0.785398 255 255 251 0 0 
255 253 252 2 1.10715 255 255 254 11 -2.35619 249 247 247 8 0 249 245 251 20 2.74307 255 248 255 89 -3.07428 253 239 255 90 3.13048 254 239 255 91 -3.11962 252 238 255 59 3.05705 255 247 255 34 -3.11219 255 248 255 6 2.97644 255 249 255 6 -2.24554 252 244 255 4 -1.5708 248 236 255 33 2.90376 254 243 255 72 -3.05845 248 237 255 75 3.08831 250 242 255 84 3.14159 252 243 255 42 -3.04664 246 242 254 10 0.982794 255 253 255 8 -3.01724 254 253 255 0 0 
255 252 255 7 -1.5708 251 243 254 8 1.44644 255 245 255 72 -2.75852 232 212 255 124 -2.62045 171 142 211 24 -2.84615 164 132 211 11 0 164 131 212 30 1.67046 194 164 237 58 2.60117 224 200 254 89 2.83403 251 231 255 89 3.1079 254 236 255 75 -3.12826 252 234 255 109 -2.79672 215 194 243 88 -2.78414 184 161 216 33 -2.86743 175 150 210 19 -2.88427 168 146 204 42 1.71269 212 191 240 94 2.65908 254 239 255 99 -3.09113 251 238 255 5 2.49809 252 244 255 0 0 
255 248 255 6 -2.03444 252 238 255 65 -1.9797 192 170 222 101 -2.41169 125 94 169 62 0.37753 148 110 206 55 0.503626 175 134 239 20 -0.750929 163 120 223 39 -0.441179 144 107 201 54 -0.0923293 141 107 184 53 0.446842 162 134 200 17 1.51204 181 152 215 44 -2.43539 150 123 186 28 -0.636508 133 103 174 69 0.290087 152 122 198 39 0.102207 157 124 205 42 0.188221 165 133 212 45 -0.909753 129 99 170 73 0.403116 158 133 191 93 1.84174 248 228 255 78 3.00149 255 242 255 0 0 
255 237 255 29 -1.67388 227 205 254 140 -2.23997 117 87 160 87 0.858439 185 147 237 16 1.05165 199 156 255 7 -1.2925 192 148 255 7 1.97569 201 157 255 10 3.04192 200 160 255 15 -2.35619 191 151 239 24 -1.3654 165 129 213 31 -0.605545 149 110 195 59 0.486032 175 138 224 30 1.0637 202 164 254 15 -2.58994 192 155 247 7 1.4289 201 162 254 13 -2.67795 195 157 247 4 1.81578 199 163 247 64 -1.5708 135 102 176 67 0.575758 172 146 200 81 2.03991 245 222 255 0 0 
255 231 255 113 -1.64147 142 114 173 35 1.28474 176 140 222 21 0.91795 193 152 249 14 2.55359 203 158 255 13 -1.96559 191 147 248 3 0 191 150 241 17 0 191 152 238 7 0.694738 198 157 242 10 -0.291457 193 154 239 21 0.422854 202 162 250 10 -1.67046 192 151 243 23 -0.0434509 191 150 242 15 0.404892 195 155 250 11 -0.54042 191 149 244 8 0.62025 196 154 249 6 2.24554 201 159 254 15 -2.67795 194 154 242 57 -1.39713 139 102 176 98 1.37737 234 202 255 0 0 
249 224 255 95 -1.54975 154 125 181 39 1.90867 191 154 234 8 -1.5708 183 141 236 22 0.722979 200 156 251 6 -2.46685 196 154 242 14 1.4289 210 173 247 11 -1.91957 199 165 230 10 0.982794 209 172 240 7 1.8491 215 179 249 12 -1.89255 203 165 241 15 1.97569 217 178 255 12 -2.18152 207 167 249 18 3.03094 207 168 253 9 -1.78947 200 158 246 10 -2.55359 194 150 245 7 -0.785398 189 142 245 20 0.956133 206 158 255 49 -1.81578 159 113 209 31 1.60304 189 146 237 0 0 
251 227 255 110 -1.5708 141 113 166 52 1.26109 191 155 232 21 2.69922 200 159 250 7 -1.8491 195 152 243 8 0.358771 198 158 240 8 1.69515 207 172 236 18 -3.08609 206 173 230 5 2.9442 207 173 233 10 2.63449 212 177 241 23 -2.50657 197 161 231 13 1.8693 210 173 247 31 -2.40162 189 152 226 18 1.40565 207 169 245 21 -2.32395 191 152 232 9 1.0122 199 157 245 5 2.76109 202 155 254 7 -1.8491 195 146 250 37 -1.73156 158 111 209 45 1.79427 202 157 250 0 0 
251 230 255 94 -1.53889 157 131 177 30 0.507098 172 137 211 33 2.25021 198 158 246 10 0.291457 203 160 251 12 -2.64225 197 157 239 9 -1.24905 189 153 219 23 0.54042 201 168 225 4 -2.35619 198 164 224 7 -0.694738 193 159 220 9 0.110657 194 157 225 6 -1.24905 188 151 221 26 0.189988 193 156 226 11 0 193 156 226 15 0.260602 196 159 231 6 -0.321751 194 156 232 8 0.62025 200 158 241 11 -1.39094 189 147 230 41 -1.44944 148 109 185 70 1.5708 218 179 254 0 0 
254 234 255 70 -1.44293 184 160 202 66 -0.517287 151 117 187 58 1.77829 208 169 254 19 -1.98902 192 150 238 24 0.334737 200 160 242 23 0.348771 209 173 239 11 -1.83705 198 164 224 7 0.876058 204 170 230 18 -0.110657 202 168 229 6 -1.73594 196 160 226 24 0.813962 214 177 245 14 -2.35619 204 167 235 5 0.785398 208 171 239 5 -1.5708 202 166 236 14 -0.0713075 201 164 236 8 0 201 164 238 14 -0.588003 193 157 227 62 -2.31077 148 114 175 107 1.21094 248 216 255 0 0 
255 243 255 21 -1.66575 240 218 255 104 -1.38838 139 107 172 71 1.01367 200 164 241 51 2.88722 215 174 255 21 2.80492 222 183 255 36 -2.65326 206 169 237 3 -1.24905 203 169 230 20 1.92379 222 188 248 33 -2.46218 201 167 227 14 2.1588 213 178 242 18 -2.6292 204 167 235 5 2.35619 208 171 241 16 3.14159 208 170 242 13 2.40878 216 179 253 21 -2.80492 209 172 246 6 2.46685 213 176 250 68 -2.00831 149 117 182 34 1.71681 185 156 206 96 0.896055 255 234 255 0 0 
255 243 255 2 0 255 240 255 84 -1.5708 175 149 202 82 -0.333244 150 116 186 43 1.75474 193 156 236 25 -2.9442 190 151 231 21 0.851966 206 169 241 18 -2.50884 196 160 226 8 0 196 162 222 5 -2.60117 193 160 217 13 0.298499 197 163 223 3 1.24905 200 165 229 8 -1.92957 192 154 226 11 0.54042 198 159 235 3 -0.321751 196 157 237 10 2.28963 204 165 245 20 -1.86225 182 148 219 62 -2.49172 142 114 173 118 0.982794 241 220 255 24 0.726642 255 239 255 0 0 
255 252 255 2 -1.10715 255 246 255 8 -2.35619 251 233 255 113 -1.5531 140 113 169 99 0.264488 166 133 208 49 2.38476 202 163 248 19 -2.39321 191 152 232 12 1.24905 203 166 238 13 -1.64757 190 158 215 28 0.558599 205 176 226 10 -0.927295 197 168 218 9 -0.110657 196 164 221 16 0.302885 201 165 235 1 -1.5708 200 161 241 12 -1.99742 189 147 235 32 0.282555 196 157 242 87 -2.31557 130 99 166 89 1.05719 206 184 233 69 0.826192 255 240 255 7 2.7367 255 246 255 0 0 
255 255 249 9 -1.89255 251 245 246 9 0.218669 253 241 255 20 -1.21781 234 214 255 106 -1.43948 130 99 166 98 0.604902 186 150 232 65 3.06482 193 153 241 9 0.86217 202 162 244 14 0.982794 214 179 246 16 -2.95624 211 178 239 15 -2.81984 206 174 233 8 0.785398 212 178 242 25 -2.69549 201 164 238 7 -2.1588 195 156 236 29 1.00148 220 178 255 117 -2.38029 137 101 178 46 1.00076 172 149 201 113 0.791609 250 236 255 5 -0.54042 249 238 255 12 0.896055 255 250 255 0 0 
255 255 242 4 0.785398 255 255 248 7 3.14159 255 253 255 12 -1.5708 248 234 255 39 -1.36847 211 185 238 98 -1.14333 121 88 163 113 0.73544 199 158 250 76 3.02372 208 165 255 23 -2.60117 196 155 246 4 -0.463648 194 155 240 16 1.75614 212 172 254 29 -2.26124 189 150 230 12 0.674741 195 157 239 15 1.10715 209 173 250 97 -2.24714 133 99 170 34 1.0153 160 134 188 132 0.790746 251 237 255 6 1.10715 253 249 255 2 0 255 251 255 2 0.785398 255 255 255 0 0 
255 255 247 7 -1.5708 252 251 241 8 1.05165 255 255 252 4 -1.5708 255 247 255 6 -1.10715 250 232 255 47 -1.44382 203 177 237 98 -1.02514 121 85 169 107 0.652847 186 146 241 61 2.9442 198 157 254 31 -2.85014 191 148 245 13 0 191 149 244 6 1.24905 197 157 245 10 2.63449 202 164 246 79 -2.40041 146 115 184 9 0.321751 149 123 177 150 0.761928 251 234 255 4 1.5708 252 246 255 5 1.03038 255 255 254 1 3.14159 255 255 252 2 -1.5708 253 254 250 0 0 
255 255 254 4 -2.35619 254 252 251 3 1.24905 255 255 254 1 -1.5708 255 252 255 3 -1.24905 251 245 255 2 -2.03444 251 237 255 50 -1.45137 203 179 237 93 -1.02124 123 93 168 105 0.408618 166 130 220 43 2.24194 202 161 255 59 -2.95416 191 150 247 47 -3.03561 186 149 235 71 -2.46468 141 109 180 51 0.273009 153 129 183 146 0.780567 255 240 255 8 -2.52134 248 240 255 8 0.950547 255 251 255 1 2.35619 254 254 254 1 2.35619 255 255 254 0 0 255 255 254 0 0 
254 251 253 3 0.321751 255 253 253 2 0.785398 255 255 252 0 0 255 255 254 5 -1.9513 248 250 251 5 1.76819 253 251 255 7 -1.8491 250 237 255 32 -1.35544 218 199 250 89 -1.14693 139 109 180 110 0.027266 142 110 189 52 0 144 108 190 50 -0.283794 130 97 171 129 0.491322 189 164 220 90 0.856146 255 239 255 17 -2.67795 248 238 255 11 0.661043 253 249 255 13 3.06482 252 251 253 9 3.03094 253 253 253 9 2.92292 255 255 255 9 3.14159 255 255 255 0 0 
255 255 255 0 0 255 255 254 2 3.14159 255 255 249 2 -2.35619 253 255 246 4 -1.10715 247 253 242 7 0.588003 251 255 249 2 0.785398 255 253 255 3 -2.55359 255 246 255 9 -1.68145 249 231 255 55 -1.5163 194 172 220 66 -0.060532 192 166 219 77 0.739559 244 220 255 14 0.432408 248 230 255 13 -0.528074 240 227 251 23 0.815692 255 249 255 15 -1.50423 240 237 239 12 0.426627 243 243 243 11 0.0906599 244 244 244 11 0.179853 246 246 246 9 0.110657 247 247 247 0 0 
255 255 255 0 0 255 254 250 0 0 253 255 246 0 0 255 255 244 0 0 253 255 244 0 0 253 255 245 0 0 254 254 248 0 0 254 250 255 0 0 252 239 255 0 0 255 244 255 0 0 249 228 255 0 0 255 237 255 0 0 255 245 255 0 0 255 246 255 0 0 255 251 255 0 0 251 249 249 0 0 254 254 254 0 0 255 255 255 0 0 255 255 255 0 0 255 255 255 0 0 
