253 251 255 2 1.5708 255 253 255 7 -2.35619 254 246 255 111 -2.63797 200 192 203 31 -0.463648 187 176 192 35 -2.49809 166 155 171 38 0.99004 198 188 201 56 1.49949 253 244 255 154 3.10914 255 250 255 2 -1.5708 254 248 255 3 1.24905 255 252 255 12 -2.41495 247 244 253 10 0.851966 255 251 255 94 -3.09907 253 247 255 86 -3.00295 244 234 247 136 3.0975 249 241 252 52 3.00778 254 249 255 79 3.11628 254 252 255 18 -2.97644 251 250 254 5 0.927295 255 254 255 0 0 
253 250 255 4 -2.35619 252 247 255 143 -2.39066 156 148 159 74 1.81578 228 219 232 73 -1.88826 159 148 164 35 0.927295 187 176 192 15 1.3734 202 192 205 111 -1.97805 99 91 102 187 1.01389 255 250 255 89 -3.13036 255 250 255 7 -1.2925 246 243 252 8 1.21203 254 251 255 150 -2.47413 163 157 168 26 0.152649 169 161 172 63 -1.79288 108 98 111 132 0.747983 197 188 201 20 -1.62075 175 170 179 63 1.53906 236 234 240 126 2.99858 254 252 255 1 -0.785398 253 251 255 0 0 
252 246 255 113 -1.95949 147 141 152 55 -0.200954 138 130 141 124 0.567961 205 196 209 35 -2.31622 180 169 185 68 0.146012 192 179 195 76 -0.428778 158 148 161 50 0.939106 198 190 201 62 -0.485227 169 161 172 92 1.78947 255 252 255 28 -2.9305 251 246 255 143 -2.23794 138 133 142 78 0.704494 191 183 194 48 -0.844154 155 147 158 82 0.638635 205 195 208 48 -0.165149 196 187 200 17 -1.80189 177 170 183 84 -0.860885 113 107 118 159 1.12395 255 251 255 76 -2.98499 245 240 249 0 0 
209 202 215 18 -2.70175 201 194 207 40 1.59579 243 234 247 87 -2.35619 182 171 187 78 2.13753 250 237 253 27 2.69407 255 249 255 72 -1.64013 188 178 190 66 1.67646 254 245 255 104 -1.53235 149 141 151 95 1.04121 229 225 231 107 -2.46831 162 158 164 56 0.68573 198 194 200 24 1.23606 223 215 225 7 -2.86329 221 212 225 32 1.28824 253 242 255 60 -1.63736 193 182 198 66 2.45267 234 224 240 74 -2.40378 182 175 190 18 -3.08609 183 174 187 72 1.40565 253 246 255 0 0 
192 185 200 8 2.03444 200 193 208 39 -2.57486 181 171 187 50 -2.1588 140 129 145 141 0.625167 225 212 228 84 2.75228 255 244 255 106 -2.36953 181 171 183 77 1.58378 255 249 255 60 -1.58746 197 190 197 50 -1.49097 147 141 146 65 1.19596 206 202 207 41 0 206 202 208 16 2.62245 216 208 218 26 0.546789 230 221 234 93 2.94838 249 238 254 128 -2.1631 142 130 148 103 0.376909 180 168 186 13 -1.20362 166 156 173 37 2.24132 196 184 202 50 1.0983 240 230 247 0 0 
188 180 197 84 -2.89088 169 159 176 45 -0.35622 154 142 160 146 0.761248 255 243 255 152 -2.33294 147 134 150 39 1.0175 181 168 182 79 0.0126576 180 170 182 78 1.77567 255 249 255 89 -2.4825 201 195 200 46 -0.694738 171 165 170 113 0.754352 247 243 248 55 -1.5163 192 188 194 47 1.91241 239 231 241 128 -2.23458 139 129 142 119 0.324403 179 165 183 61 1.74921 240 226 244 68 -2.26368 185 173 193 42 -1.33156 144 132 152 129 0.62025 219 207 227 125 3.07768 227 215 235 0 0 
108 97 117 105 1.40877 212 201 221 51 2.00859 255 248 255 157 -2.36965 150 138 156 106 0.151218 168 155 171 115 0.920375 255 247 255 150 -2.46477 166 155 165 35 0.665969 186 178 185 52 1.74218 237 231 236 25 0.7299 254 249 251 5 -0.380506 250 246 251 74 -1.50333 176 172 178 66 -0.274167 160 152 163 91 1.49402 252 242 255 116 -2.30745 168 154 172 28 1.5351 196 181 202 64 0.0156237 197 181 204 67 2.2202 251 235 255 161 -1.86521 96 81 102 122 1.31596 215 200 221 0 0 
125 114 134 82 0.915101 190 180 197 61 -0.796892 147 135 153 119 1.12207 255 244 255 33 -2.54539 238 225 241 135 -2.36661 143 130 144 122 0.430693 194 183 193 37 -0.415492 177 170 175 91 1.06795 255 250 255 3 0.982794 255 254 255 8 -2.89661 255 251 255 15 -1.63736 240 236 242 76 -1.3479 167 159 170 23 0.255182 174 164 177 83 -0.0841382 169 155 173 94 1.85923 255 245 255 106 -1.78845 156 141 162 50 1.287 204 189 210 92 -0.976824 127 112 133 92 1.36496 218 204 222 0 0 
173 165 182 99 0.621416 233 223 240 97 -2.77442 199 187 205 49 2.54242 227 216 232 100 -2.07014 141 128 144 157 0.803414 254 242 254 111 -2.90535 226 217 227 95 -3.08901 221 214 219 53 0.798731 255 252 255 7 -1.5708 251 246 248 9 0.558599 254 250 255 3 1.5708 255 253 255 69 -1.65753 190 182 192 68 1.8511 255 247 255 147 -2.22649 142 128 146 110 1.03815 237 223 241 70 -1.88806 170 156 174 87 1.73217 255 242 255 123 -2.04169 146 132 150 103 1.68678 249 236 252 0 0 
254 247 255 114 -1.5708 140 133 148 47 0.321751 157 147 163 22 1.20682 179 169 182 106 0.705568 250 237 251 109 -1.89543 146 134 146 89 -0.145042 131 122 132 142 1.104 255 250 255 67 3.12667 255 252 255 92 3.13072 255 254 255 45 -3.07502 254 250 255 71 -3.09936 251 247 253 109 -2.29135 171 163 173 22 -0.223477 166 158 169 88 0.332426 196 185 201 27 2.46107 215 202 218 70 -0.986715 156 143 159 62 0.774163 200 187 201 66 -1.67646 134 121 135 146 0.975204 255 242 255 0 0 
252 248 255 69 -1.58529 185 179 190 75 -0.296546 165 157 168 99 1.89892 255 251 255 127 -2.76544 213 203 215 20 1.52084 233 223 235 64 -2.51051 195 186 196 5 -0.785398 191 183 190 32 -0.828849 166 160 165 104 0.476467 212 208 213 63 -2.67095 183 179 184 53 -0.0753289 179 175 181 75 0.158655 193 185 195 58 1.81164 250 242 253 123 -2.47699 175 164 180 95 0.942 252 241 255 98 -2.57331 199 189 201 48 -2.97644 191 181 193 29 2.26124 214 205 215 60 0.820678 255 249 255 0 0 
251 249 255 5 0.927295 255 253 255 126 -1.6342 131 126 135 126 0.0554985 140 132 142 75 1.30339 214 204 216 71 -2.65908 181 171 183 57 0.316286 199 190 200 37 0.380506 212 204 214 47 1.46481 255 253 255 102 -1.60999 153 152 156 128 0.680809 234 233 237 23 0.876058 252 250 255 77 -1.5708 177 173 179 26 -1.41815 153 145 155 131 0.628235 231 221 234 79 -2.24946 169 159 172 50 -2.77585 151 142 152 67 0.317056 171 164 171 118 0.77941 255 247 254 3 0.588003 255 250 255 0 0 
254 254 254 7 -1.4289 247 246 248 11 0.785398 255 253 255 99 -1.66146 158 154 160 95 -0.104877 150 142 152 100 1.00483 235 227 237 48 -3.09995 233 225 236 19 -0.968509 217 209 219 69 2.56159 253 249 255 8 2.89661 253 251 255 4 -1.5708 249 247 253 6 0.463648 252 250 255 102 -2.3493 181 177 183 85 1.09668 255 252 255 92 -2.12597 180 172 183 59 -1.5708 121 113 124 166 0.593003 214 207 214 52 0.893088 253 249 254 4 0.463648 255 251 255 11 3.05093 255 253 255 0 0 
255 255 252 10 3.14159 255 255 254 9 -1.5708 248 245 247 10 0.507098 253 249 254 51 -1.66852 204 197 204 57 -0.299776 187 179 189 79 0.803253 244 236 247 118 -2.33823 157 151 162 125 0.779748 243 240 249 72 3.00359 253 251 255 38 3.08901 253 253 255 120 -2.46815 178 178 184 75 0.52903 218 216 222 42 -2.85686 208 204 210 30 -1.3734 180 172 182 111 0.785398 255 251 255 15 -2.2143 245 241 246 16 0.785398 255 253 255 13 -1.93797 244 241 243 15 0.694738 254 251 253 0 0 
243 247 241 14 0.785398 255 255 252 4 3.14159 255 255 255 11 -2.23184 248 245 247 12 0.785398 255 252 255 17 -1.74547 242 234 244 80 -1.48352 160 154 165 129 0.725361 246 240 251 107 -2.39565 171 168 177 79 0.588003 213 212 221 69 -2.25451 159 159 165 109 0.869073 243 243 249 92 -2.31805 177 175 181 60 0.62025 214 210 216 56 0.873775 255 252 255 9 -1.5708 250 243 250 12 0.785398 255 253 255 5 -1.76819 250 249 251 6 0.674741 254 253 255 7 -1.71269 247 246 248 0 0 
255 255 251 4 -1.5708 251 252 248 4 -0.785398 250 248 247 8 0.950547 255 255 255 3 -1.89255 255 250 255 7 -1.2925 249 242 249 12 0.96007 255 252 255 90 -1.60412 167 162 171 113 0.68573 237 234 243 98 -2.40651 169 169 175 87 0.769271 232 230 236 53 -1.19029 182 180 186 45 1.83705 226 224 230 34 0.683709 250 246 251 7 1.71269 255 253 255 6 3.14159 255 253 255 3 -2.81984 255 253 255 1 1.5708 255 255 255 2 -2.03444 253 252 254 1 1.5708 254 254 254 0 0 
255 255 254 1 -1.5708 255 254 253 1 -2.35619 255 253 252 1 1.5708 255 254 253 0 0 255 254 254 2 -2.03444 254 252 252 0 0 254 251 253 1 1.5708 255 251 255 89 -1.5708 166 162 167 114 0.655696 234 232 238 78 2.90904 254 250 255 98 -2.15315 172 168 174 109 0.856247 255 251 255 6 -1.73594 249 246 248 8 0.244979 251 249 249 3 1.89255 254 252 252 3 0.588003 255 254 254 0 0 255 254 253 1 -1.5708 255 253 253 0 0 255 253 252 0 0 
255 255 255 2 -1.5708 255 253 253 0 0 255 253 252 1 1.5708 255 254 253 1 -1.5708 255 253 252 1 -1.5708 254 252 251 0 0 254 252 252 1 1.5708 255 253 253 2 1.5708 255 253 255 97 -1.61201 160 156 161 69 0.611902 200 196 202 65 2.39965 244 240 245 15 0.694738 254 250 255 4 0.785398 255 255 255 15 -2.67795 250 248 248 9 0.785398 255 255 254 13 -3.06482 255 254 253 0 0 255 254 253 1 -1.5708 255 253 252 0 0 255 253 252 0 0 
255 255 255 2 -1.5708 255 253 253 0 0 255 253 252 1 1.5708 255 254 253 1 -2.35619 255 253 252 1 -1.5708 254 252 251 0 0 254 252 252 1 1.5708 255 253 253 2 -1.5708 253 249 254 36 -1.5708 217 213 218 75 -1.03038 152 148 154 113 1.15436 255 252 255 3 2.81984 255 253 255 14 -1.5708 243 241 241 18 0.86217 255 255 255 13 -1.72345 244 242 241 17 0.74542 255 254 253 0 0 255 254 253 1 -1.5708 255 253 252 0 0 255 253 252 0 0 
255 255 255 0 0 255 253 253 0 0 255 253 252 0 0 255 253 252 0 0 255 253 252 0 0 254 252 251 0 0 254 252 252 0 0 255 253 253 0 0 253 249 254 0 0 255 252 255 0 0 198 194 200 0 0 253 249 254 0 0 255 253 255 0 0 255 253 253 0 0 255 253 253 0 0 255 255 254 0 0 255 254 253 0 0 255 254 253 0 0 255 253 252 0 0 255 253 252 0 0 
