34 10 22 12 0.610726 41 17 29 6 3.14159 41 17 29 19 -2.4275 24 4 16 7 1.2925 28 12 23 63 0.0475831 29 15 26 74 -0.121027 25 5 17 15 1.24905 45 19 32 13 -2.7468 49 13 27 5 0.197396 47 14 28 4 3.14159 34 17 28 12 -1.81578 6 8 16 205 0.235545 37 59 64 211 0.412951 113 146 149 105 0.279607 142 175 178 75 -0.380506 119 147 148 126 -0.54178 65 80 82 181 -0.414305 11 5 6 221 0.0902519 61 19 26 20 2.63449 86 27 35 0 0 
40 20 32 14 -2.45586 29 12 23 15 -2.49809 19 3 14 98 0.0407937 17 8 18 248 0.277194 80 77 86 165 0.0846457 92 91 100 167 -0.485035 20 12 22 239 -0.00836801 23 9 20 155 0.0772652 44 20 32 12 -2.41495 34 12 24 10 3.04192 24 15 25 262 0.815039 201 209 216 58 0.809784 227 254 255 8 -1.69515 210 248 250 9 -0.218669 207 246 248 14 0.737815 222 255 255 9 -2.35619 227 247 248 18 -1.46014 229 226 228 220 -1.47068 38 2 8 182 0.0876867 67 16 23 0 0 
22 10 22 10 -1.76819 9 1 12 146 0.761248 101 103 113 204 0.788858 239 250 255 7 -2.26553 224 246 252 4 -0.785398 219 243 249 15 0.965252 237 255 255 86 -1.69801 158 167 176 172 -1.07607 15 14 24 234 -0.0384426 6 5 15 222 1.02884 190 197 206 71 0.795299 231 250 255 5 2.9442 217 254 255 2 1.5708 210 255 255 12 3.14159 209 255 255 14 -2.55359 206 250 251 2 0.785398 222 250 251 2 0.785398 242 249 252 59 -1.73869 208 187 190 182 -1.25252 47 11 17 0 0 
13 9 20 98 1.70268 104 109 118 200 0.767732 231 250 255 8 -2.62245 216 248 253 8 0.244979 209 252 255 6 2.67795 210 255 255 11 -2.48055 209 247 251 8 0.950547 223 253 255 1 3.14159 228 252 255 128 -1.63322 102 124 130 176 0.797446 224 250 255 4 -1.5708 213 248 252 6 1.24905 208 255 255 10 -1.67046 191 247 248 5 0 190 247 248 10 0.588003 199 253 254 8 0.244979 215 253 255 10 -1.86225 223 240 243 13 0.628796 252 245 248 221 -1.5527 42 23 26 0 0 
0 0 7 263 1.32121 237 255 255 15 -2.2143 211 246 250 13 1.00407 210 255 255 14 -2.1588 189 249 249 10 0 187 249 249 8 0.950547 199 255 255 3 2.81984 204 255 255 8 -2.08994 200 248 250 12 0.244979 205 250 253 6 2.67795 206 254 255 2 -2.35619 201 252 254 5 0.54042 200 255 255 6 -2.46685 191 253 253 5 2.2143 193 255 255 7 0.785398 202 255 255 20 -2.67795 203 251 253 7 2.55359 222 253 255 3 2.81984 242 251 254 149 -1.58422 102 101 103 0 0 
49 65 72 182 1.43354 221 247 253 4 1.81578 209 254 255 4 -1.5708 193 253 253 7 2.1588 192 255 255 9 -2.58299 187 255 254 7 -0.141897 189 253 253 1 0 191 253 253 10 1.0637 200 255 255 21 -2.35619 185 247 247 16 0.436627 192 254 254 5 1.76819 197 255 255 13 -2.57486 190 252 252 3 -0.588003 186 250 250 12 1.32582 197 255 255 19 -1.98902 180 244 244 12 0.244979 190 246 247 13 0.528074 210 251 253 2 0.785398 231 250 253 120 -1.5708 120 129 132 0 0 
72 90 97 155 1.5837 218 247 252 5 1.03038 206 255 255 8 -1.81578 187 249 249 8 0.244979 186 252 251 10 1.5708 194 255 255 10 -2.42276 190 254 254 4 1.32582 194 255 255 12 -1.99742 180 248 247 16 1.19029 193 255 255 12 -2.29744 184 254 253 7 -2.35619 181 249 248 15 0.463648 193 255 255 4 -2.67795 191 253 253 1 2.35619 190 254 254 2 0.785398 192 255 255 3 2.1588 199 255 255 5 -2.49809 206 254 255 3 3.14159 228 251 253 135 -1.59301 103 115 117 0 0 
72 88 95 164 1.79805 223 249 255 4 3.14159 204 253 255 2 1.5708 195 255 255 6 -1.5708 186 252 251 2 1.10715 188 254 253 6 0.321751 193 255 255 2 -1.5708 191 253 253 0 0 186 254 253 9 0.110657 183 255 254 9 -2.43297 177 250 248 16 1.05165 195 255 255 12 -2.07014 189 251 251 1 1.5708 190 252 252 8 0.463648 192 255 255 2 -2.35619 190 254 254 2 2.67795 193 255 254 4 -2.67795 205 252 250 2 0 228 248 249 152 -1.56422 87 95 95 0 0 
40 49 58 197 1.78012 225 244 251 5 0.785398 209 252 255 4 0.463648 199 255 255 5 -2.11122 190 252 252 7 1.5708 197 255 255 5 -2.35619 197 254 255 4 -2.67795 195 252 253 9 1.15257 198 255 255 21 -2.35619 182 248 247 10 0.982794 191 255 255 3 0 192 255 255 6 -2.24554 191 251 251 9 1.24905 198 255 255 11 -2.60117 189 255 254 3 -2.55359 187 254 251 6 -0.165149 191 252 248 5 0.785398 213 253 251 3 -2.81984 238 248 248 210 -1.66575 42 36 37 0 0 
10 6 17 238 1.56659 237 246 255 181 3.1195 222 254 255 7 -2.35619 203 252 254 4 -2.67795 194 251 252 10 0.291457 195 255 255 7 -2.55359 194 250 251 10 0.643501 200 255 255 10 -1.86225 187 247 247 15 0.404892 193 253 253 6 1.10715 199 255 255 9 -2.27942 192 252 252 2 2.03444 196 253 254 6 -0.674741 188 250 250 2 0.463648 184 252 251 8 0.950547 194 255 255 3 -2.1588 202 255 251 5 -0.54042 220 250 245 18 -1.84174 232 227 226 241 -2.10126 38 17 16 0 0 
23 6 17 58 1.2925 69 64 73 188 1.86734 228 248 253 148 -3.11457 208 247 249 16 0.785398 207 255 255 17 -2.31622 189 249 248 10 1.47113 202 255 255 8 -2.52134 197 254 253 7 1.4289 204 255 255 12 -2.71497 199 255 255 10 -2.85014 196 253 252 3 -0.588003 194 251 250 9 1.0122 201 255 255 9 -2.35619 190 253 251 5 0.927295 187 255 255 2 0 194 255 253 9 2.72337 219 255 253 17 -2.27305 231 244 236 135 -1.52638 128 103 99 104 -2.4371 76 33 30 0 0 
50 20 33 16 -1.9513 26 6 18 87 1.44503 94 97 105 184 2.13628 232 255 255 145 -3.05902 206 247 249 8 0 197 249 249 7 0.2783 199 251 251 5 0.54042 200 254 254 5 -1.03038 197 249 249 9 -0.418224 191 245 245 14 0.785398 199 255 255 2 0 198 255 255 6 -2.46685 192 252 251 6 2.67795 193 255 254 5 0.54042 194 255 255 11 -1.5708 196 247 243 7 0.2783 224 247 239 8 0.463648 255 248 239 279 -2.22933 66 22 15 30 1.01914 106 46 40 0 0 
55 12 27 3 0.588003 50 15 29 23 -1.52735 12 0 6 117 1.22203 106 108 116 175 2.20631 232 252 255 169 -3.13568 218 253 255 5 0 211 255 255 4 2.89661 207 255 255 14 3.07029 206 255 255 9 -2.81984 199 255 255 6 2.81984 198 255 255 10 -2.42276 189 252 250 7 -0.785398 186 246 245 19 0.785398 203 255 255 6 -2.81984 207 255 255 9 -2.72337 220 251 248 4 0.785398 252 253 243 193 -2.01366 103 75 64 59 -2.53499 98 37 27 10 0.588003 116 41 32 0 0 
65 13 30 2 0 61 14 30 16 1.44644 68 32 46 39 -2.10252 22 0 12 80 1.22944 82 79 88 188 1.97499 239 255 255 180 -3.09163 218 249 252 9 -1.35213 198 242 243 18 0.321751 197 249 249 10 0 190 250 249 9 0 183 252 249 7 0.876058 189 255 255 5 2.2143 198 255 255 7 -2.26553 203 253 253 9 -2.58299 214 245 248 15 0.551655 243 251 250 92 -2.01988 188 168 157 205 -2.38377 72 25 11 30 0.927295 119 46 32 8 1.05165 137 52 37 0 0 
72 15 30 1 3.14159 70 15 30 6 -1.89255 64 9 24 14 1.13839 68 24 37 26 -1.8805 27 2 12 68 1.3648 79 72 79 181 1.87861 232 249 252 148 3.09433 221 255 255 10 -2.9442 207 255 255 8 -3.01724 194 255 255 8 -2.62245 181 255 252 2 -1.10715 180 255 250 4 2.67795 193 255 252 10 -1.0637 204 244 243 19 0.968509 246 255 255 56 -2.21784 226 208 209 268 -2.34567 57 16 7 36 0.805004 104 42 26 14 0.737815 132 50 33 2 1.5708 145 50 34 0 0 
71 13 31 5 -0.197396 72 13 28 2 0.785398 76 14 30 6 -2.97644 71 14 29 3 -1.89255 57 13 26 5 -0.380506 41 14 24 80 1.47113 104 97 104 167 2.09068 227 246 249 64 3.14159 206 250 249 4 0 192 253 249 7 0.588003 189 255 252 8 -2.19105 187 251 245 11 1.48014 216 255 254 4 -2.35619 234 253 250 63 -2.67095 233 219 221 284 -2.36614 57 18 16 30 0.762147 98 40 28 14 0.982794 126 53 33 2 -2.67795 137 51 29 8 0.785398 150 56 33 0 0 
74 18 37 8 -2.67795 70 15 32 6 -1.73594 66 8 26 8 0.463648 72 12 30 10 0.291457 73 16 31 6 2.97644 67 18 32 11 -1.48014 45 9 21 164 1.5647 186 178 185 164 2.71597 222 253 252 5 2.76109 210 255 254 8 -2.19105 207 251 245 3 -0.321751 218 249 242 13 0.528074 246 253 246 155 -2.76705 211 193 186 249 -2.36469 55 16 8 40 0.697903 99 41 29 7 1.1659 120 49 29 3 0.588003 133 52 25 7 1.1659 143 60 29 4 1.10715 149 64 32 0 0 
70 9 29 3 0.982794 73 13 31 6 0.463648 78 16 34 6 2.03444 87 21 40 16 -2.22649 78 8 25 8 1.10715 84 16 33 11 -1.30454 66 7 22 21 0.652847 58 24 35 214 1.683 233 245 247 44 3.09617 221 250 247 1 2.35619 229 250 247 69 3.02617 255 255 251 272 -2.55969 128 105 97 117 -2.27206 58 12 4 46 0.815692 107 45 34 2 -2.35619 118 43 27 13 0.566729 134 52 27 6 0.321751 139 56 25 7 0.982794 145 63 28 5 1.03038 150 69 32 0 0 
82 10 30 7 1.2925 89 17 37 7 -2.1588 83 11 31 3 -0.321751 86 10 28 2 2.67795 91 10 29 10 0.71883 98 17 36 3 2.1588 95 21 39 29 -1.91382 48 0 11 195 1.41153 207 197 203 133 2.79857 238 246 246 203 -2.80585 182 178 177 216 -2.36927 46 25 23 18 0.110657 72 25 21 23 0.876058 107 42 34 3 3.14159 121 40 32 11 1.83705 140 52 38 8 2.89661 143 57 33 5 0 143 60 28 5 1.03038 148 66 31 4 1.32582 152 71 34 0 0 
90 11 32 0 0 91 12 33 0 0 92 13 32 0 0 88 7 26 0 0 104 17 37 0 0 101 14 34 0 0 92 10 29 0 0 86 27 42 0 0 90 69 77 0 0 57 52 54 0 0 35 21 22 0 0 73 42 39 0 0 95 38 36 0 0 113 37 31 0 0 126 36 29 0 0 137 44 29 0 0 150 62 38 0 0 146 63 31 0 0 149 67 32 0 0 152 71 34 0 0 
