255 250 255 1 1.5708 255 253 255 7 -2.1588 253 250 246 6 0.463648 252 254 248 4 0.785398 251 255 254 6 3.14159 250 255 255 4 -1.81578 246 246 255 5 0.927295 251 251 255 3 3.14159 255 255 255 0 0 255 255 247 1 -1.5708 255 255 239 3 2.81984 255 255 242 6 -1.5708 251 249 248 8 0.785398 251 253 255 2 3.14159 246 252 255 4 -2.89661 243 252 255 1 1.5708 246 255 255 1 3.14159 250 255 255 9 -2.43297 251 249 248 8 0.785398 255 255 252 0 0 
255 251 255 3 -1.24905 255 249 254 4 2.03444 255 255 255 0 0 251 255 255 9 -2.43297 242 245 255 29 2.97086 245 247 255 89 3.14159 247 243 255 108 -3.12308 247 242 255 107 3.11356 255 251 255 63 3.14159 255 254 255 6 -2.46685 255 252 248 5 0.785398 255 254 255 37 3.14159 253 250 255 120 -3.12493 248 245 255 93 -3.12009 240 242 255 82 3.10502 242 247 255 58 3.14159 243 250 255 6 -1.40565 243 247 252 9 0.785398 255 255 255 0 0 255 255 252 0 0 
255 253 255 7 -2.1588 249 248 252 8 0.785398 250 254 255 7 -1.97569 239 243 255 48 -2.53087 208 206 252 109 -2.6168 151 146 208 61 -2.83005 134 123 195 45 -3.11937 136 125 188 70 2.41612 187 179 220 119 2.63692 246 240 255 117 3.09888 251 245 255 73 -2.61056 213 205 245 128 -2.43888 126 117 173 57 2.69345 148 140 205 9 1.5708 155 148 215 51 2.59121 180 178 237 125 2.65304 241 245 255 75 3.14159 246 250 255 8 3.14159 253 254 255 3 3.14159 255 255 254 0 0 
251 252 250 5 0.785398 251 254 255 3 -1.5708 241 247 255 58 -2.28315 192 196 237 99 -2.14759 106 105 171 24 -0.902507 87 81 162 5 -1.5708 85 75 158 9 -1.89255 80 67 145 9 -0.558599 76 67 130 46 1.44109 124 115 172 74 2.22238 180 174 231 120 -2.50306 106 101 163 41 -2.0452 65 61 133 78 1.39094 141 135 216 82 -2.70497 106 98 185 47 -2.14717 66 62 138 96 1.42448 162 164 218 131 2.6064 235 238 255 77 3.07675 247 249 255 4 0.785398 253 255 255 0 0 
253 255 248 1 3.14159 248 254 255 41 -1.5708 196 201 246 63 -1.90747 129 134 203 21 -0.71883 112 118 195 36 -1.20559 79 83 162 41 -0.192701 77 76 150 2 1.5708 82 77 152 49 -2.9997 77 68 148 38 -3.01077 70 63 144 13 0.566729 74 71 150 12 0.499347 76 79 154 51 -3.06332 69 76 149 51 -2.90605 58 62 140 14 1.5708 74 72 161 11 3.14159 76 73 159 32 -1.72579 46 45 117 103 1.70589 152 156 204 114 2.30035 246 250 255 8 3.14159 250 255 255 0 0 
250 255 248 4 2.89661 244 251 255 62 -1.73071 170 173 241 29 -2.26124 140 143 234 17 -1.51204 119 128 215 15 -0.404892 113 124 206 60 -2.20443 71 75 153 53 -2.05965 28 27 107 13 0.298499 34 26 121 44 1.36903 76 68 169 14 2.64765 76 77 175 56 -1.62432 15 23 117 12 -0.244979 12 20 113 49 0.870903 51 57 152 12 2.89661 60 57 160 18 0.339293 69 64 163 43 -1.24175 28 26 115 53 0.878462 73 76 137 154 1.70078 235 241 255 25 2.86858 245 254 255 0 0 
245 249 254 7 -0.785398 233 236 255 73 -1.84537 149 148 234 42 -3.07029 137 139 247 24 -2.97644 128 140 236 71 -2.24771 74 85 175 55 -2.38183 43 47 136 29 -2.83059 37 35 131 19 3.14159 39 30 141 24 2.03444 58 50 167 24 2.38476 66 69 184 48 -2.13595 19 27 146 32 0.545655 36 39 173 9 -0.708626 34 33 167 33 1.2397 73 67 192 15 0.197396 80 74 187 31 -2.40162 59 56 159 21 -2.48875 49 52 126 148 1.52353 206 215 242 37 2.07014 244 255 255 0 0 
251 252 255 30 -1.5708 213 214 252 95 -1.35897 107 103 198 29 2.60117 112 112 228 29 -2.11122 81 93 195 51 -1.47307 30 44 140 26 -1.53235 13 15 115 10 0 17 13 119 11 0.785398 25 17 134 16 1.13417 34 32 152 19 0.486899 34 43 160 25 2.60788 42 54 180 10 -0.380506 38 42 190 54 -0.0370201 41 39 188 36 1.78947 88 80 210 39 -2.06814 57 49 166 23 -0.694738 40 37 146 41 0.268366 54 58 137 123 1.55454 188 196 226 58 1.05376 243 255 255 0 0 
253 254 255 10 -1.76819 234 236 255 138 -1.50567 84 80 169 55 0.471777 98 99 211 12 -2.71497 86 97 201 55 -1.60714 33 42 145 32 -0.545655 21 24 129 2 -0.785398 23 20 129 36 0.192048 28 27 137 25 1.3734 48 53 162 34 -2.11122 9 25 131 48 1.19029 50 68 181 50 2.23011 90 100 237 86 -2.30705 33 35 173 32 2.24554 69 66 182 22 0.0906599 75 71 177 29 0.236849 80 78 184 27 -1.53378 56 60 139 157 1.26715 217 225 255 26 1.00407 243 255 255 0 0 
253 253 253 2 0.463648 247 248 255 98 -1.5912 135 136 204 57 -0.661043 91 93 187 44 3.05093 88 97 194 47 -2.58299 63 70 173 43 -1.45504 23 24 136 38 0.968509 57 54 169 38 -2.46685 31 31 145 9 2.92292 28 34 147 7 0.876058 27 41 153 4 -1.81578 19 35 155 15 0.965252 34 41 180 32 -0.939717 13 16 151 67 1.43727 91 89 202 23 2.75327 105 102 201 40 -2.60117 83 81 181 37 2.60578 105 108 183 120 1.344 231 239 255 8 2.03444 244 254 255 0 0 
255 255 251 3 -1.89255 247 251 255 51 -1.5316 185 192 225 133 -1.19447 52 60 119 100 0.07983 53 62 142 22 2.03444 70 75 177 42 -2.47429 47 43 162 20 -1.86225 27 20 147 13 -2.91479 21 19 143 16 1.69515 33 34 162 18 3.14159 26 32 167 17 2.78282 30 35 180 24 1.27536 55 55 209 37 -1.86734 26 21 166 46 0.892677 71 65 182 4 -1.81578 72 68 164 23 -2.26553 54 52 142 106 0.818499 136 138 203 109 0.901753 231 236 255 16 0.828849 246 255 255 0 0 
255 255 250 1 0 252 254 255 4 -1.32582 238 246 255 73 -1.50241 156 167 205 110 -1.18019 48 56 123 16 -0.185348 40 45 136 18 3.08609 41 38 153 28 -1.24905 12 7 136 30 0.269167 17 13 148 23 0 13 11 154 18 0.110657 10 11 163 41 0.785398 39 39 193 6 2.24554 47 45 195 14 2.86329 57 53 188 25 0.235545 72 66 177 37 -2.64225 59 54 145 71 1.76819 131 129 205 77 1.24085 207 210 255 30 1.30163 245 248 255 6 -1.89255 243 247 252 0 0 
255 254 255 4 3.14159 255 252 255 7 3.14159 248 249 255 36 -1.5708 203 209 244 131 -1.35544 70 76 129 98 -0.386177 26 32 107 39 0.785398 50 53 151 11 -2.48055 40 39 159 15 0.132552 38 33 178 7 -0.785398 29 25 181 23 0.60005 41 37 196 4 -1.10715 37 37 185 22 -2.91812 37 38 166 44 1.86439 85 87 195 55 -1.92111 39 40 131 14 0.0713075 45 45 121 129 1.00645 159 160 218 63 1.07899 221 222 255 19 1.26492 247 247 255 4 0.785398 253 254 255 0 0 
255 247 255 5 -0.643501 248 244 255 9 0.785398 251 250 255 9 -2.1294 236 240 255 65 -1.54004 164 170 211 109 -1.15629 57 65 125 100 -0.0897582 41 48 135 42 0.411065 53 57 170 21 -2.76109 41 40 180 12 2.29744 47 45 198 16 -2.89661 43 42 192 30 -2.00547 18 18 154 19 0.207496 26 31 140 37 1.46311 68 73 164 19 -1.82812 54 58 137 82 0.750929 116 119 180 89 0.896055 191 194 238 35 1.13246 230 231 255 16 1.26791 253 252 255 2 3.14159 255 254 255 0 0 
255 251 255 1 3.14159 255 252 255 7 -2.35619 248 248 254 2 -0.463648 242 246 255 23 -1.31561 210 219 246 46 -1.22203 159 168 218 80 -1.05165 80 88 171 93 -0.468455 31 39 146 67 0.0596307 31 38 161 16 0.0624188 31 37 166 1 -1.5708 30 38 161 19 2.9341 37 45 158 11 -1.66146 32 38 137 57 0.510488 65 70 155 92 0.521834 114 121 190 68 0.868539 172 179 229 34 0.990794 210 214 243 29 0.858439 239 240 254 14 0.68573 253 251 255 2 0.785398 255 254 255 0 0 
255 250 255 4 -1.81578 252 248 253 4 0.463648 252 251 253 3 0.982794 250 254 255 13 -1.72345 231 238 255 22 -1.10715 203 212 250 34 -0.909753 168 176 243 64 -1.12104 103 112 199 81 -0.611727 53 62 159 86 -0.174672 36 47 145 43 -0.473851 18 29 121 46 0.492486 43 52 139 78 0.531724 87 94 174 91 0.684962 148 155 224 25 0.410127 162 169 224 41 0.716542 194 202 239 43 0.720971 232 236 254 18 0.86217 251 253 255 1 3.14159 255 254 255 3 -1.5708 254 251 253 0 0 
255 252 254 2 0.463648 254 254 254 1 0 252 254 255 1 -0.785398 249 252 255 2 -0.463648 245 248 255 9 -1.24905 232 236 255 22 -1.10715 207 211 252 26 -0.812419 185 189 242 37 -0.900275 152 157 218 66 -1.15409 89 95 160 87 -0.206324 71 78 141 114 0.444042 122 129 186 69 0.672478 169 173 224 23 0.444419 180 186 229 38 0.486899 202 207 240 45 0.691921 234 239 255 12 0.674741 248 250 255 2 0.463648 252 254 255 1 0.785398 255 254 255 0 0 255 255 255 0 0 
255 255 252 2 3.14159 255 255 254 2 3.14159 255 255 255 2 3.14159 253 254 255 2 3.14159 251 252 255 2 -1.5708 248 248 255 12 -1.40565 232 234 255 19 -0.822418 215 218 249 32 -0.872136 188 190 230 35 -0.0570808 184 188 229 25 -0.0399787 183 187 228 25 0 183 189 226 37 0.270947 195 200 231 42 0.568525 220 226 249 27 0.759763 242 246 255 5 0.785398 250 252 255 0 0 253 254 255 0 0 255 255 255 0 0 255 255 255 1 3.14159 255 255 255 0 0 
255 255 249 6 3.14159 255 255 249 5 3.14159 255 254 250 6 3.14159 253 254 252 6 2.81984 253 254 255 5 3.14159 251 253 255 1 -2.35619 247 250 255 6 -1.40565 237 242 255 12 -1.07145 225 229 255 21 -0.588003 211 216 247 24 -0.0416426 210 216 245 26 0.429762 223 228 253 21 0.484478 234 240 255 12 0.610726 243 249 255 4 0.785398 250 253 255 0 0 251 255 255 0 0 253 255 255 2 3.14159 255 255 255 4 -2.89661 254 254 254 6 -2.97644 253 253 253 0 0 
249 250 241 0 0 250 251 242 0 0 249 249 243 0 0 247 248 244 0 0 250 250 250 0 0 250 253 255 0 0 250 252 255 0 0 245 250 255 0 0 244 248 255 0 0 237 242 255 0 0 236 242 255 0 0 242 249 255 0 0 246 251 255 0 0 248 254 255 0 0 250 255 255 0 0 251 255 254 0 0 253 253 253 0 0 251 251 251 0 0 248 248 248 0 0 248 248 248 0 0 
