234 248 255 25 -1.65063 207 214 255 91 -2.48055 146 139 254 119 -2.80926 103 91 233 64 -3.09475 100 90 226 61 -2.84548 82 77 200 55 2.71045 112 105 209 81 2.39965 173 171 241 128 2.63601 242 246 255 91 3.1306 246 250 255 8 -2.03444 238 235 255 22 -3.09617 232 224 255 134 -2.68791 162 153 255 129 -2.71944 99 94 227 59 -2.72337 64 70 207 21 -2.95337 63 68 197 72 2.04687 145 134 250 105 2.54567 215 203 255 145 2.96174 243 245 255 70 -3.09876 241 250 255 0 0 
228 241 255 118 -2.20582 131 137 208 130 -2.30758 31 24 145 28 0.354706 37 27 171 20 0.0996687 38 30 171 9 -1.15257 30 23 157 19 0.748378 47 40 161 7 2.7367 53 52 146 83 1.48666 142 146 205 116 2.28315 233 237 255 87 -2.84142 207 205 255 141 -2.35619 104 97 188 89 -2.46685 41 32 153 13 1.00407 45 38 175 9 1.35213 45 48 187 25 -2.46685 32 33 167 11 1.03038 55 46 166 7 2.7367 67 57 150 99 1.63133 167 170 221 107 2.43498 239 246 255 0 0 
153 158 243 121 -1.94978 38 40 140 21 0.982794 53 48 179 4 2.35619 54 46 193 15 -2.03444 36 31 184 10 3.04192 37 31 186 8 -1.69515 29 23 178 42 0.411065 48 44 187 14 3.14159 50 51 171 81 1.73189 132 133 247 100 -2.70918 91 87 212 83 -2.15218 21 14 148 36 0.610726 41 33 174 8 0.785398 45 38 183 14 -1.13839 30 24 173 24 0.426627 40 36 179 8 -2.78282 42 36 167 13 0.298499 50 46 159 23 1.48406 76 77 165 132 1.9499 201 204 255 0 0 
104 105 217 59 -1.89789 47 46 166 17 2.96692 46 44 180 7 -2.9997 43 39 188 27 -0.657889 23 21 175 14 0.737815 31 28 191 33 1.2397 61 58 227 45 -2.23184 25 24 188 17 0.0587558 26 30 179 4 0.463648 30 33 178 18 0.165149 35 33 186 6 2.03444 42 39 192 8 -2.78282 41 37 186 6 1.73594 49 43 192 8 2.78282 54 44 198 29 -2.38058 34 25 176 24 0.813962 50 45 190 8 -1.05165 45 42 175 28 -1.67753 20 20 134 76 1.31947 96 96 202 0 0 
84 81 207 59 -1.12207 28 25 158 21 0.652847 37 36 176 28 1.6421 62 62 208 33 -2.167 30 34 182 11 1.10715 37 43 196 10 -0.71883 28 33 195 9 1.35213 37 42 204 22 -2.57828 25 34 185 18 1.05841 41 51 198 18 -1.78947 26 32 181 5 2.9442 29 33 182 7 0.588003 37 37 183 4 -0.244979 39 35 184 10 -1.3734 31 22 179 18 1.68145 49 38 200 7 0.785398 50 44 205 23 -2.50657 36 34 184 19 -2.83571 34 33 166 67 1.54095 103 103 227 0 0 
111 107 233 75 -0.982794 47 42 175 9 -2.43297 37 32 177 11 1.66146 43 43 191 7 -2.55359 35 40 185 18 0.785398 45 53 200 17 -2.31622 30 38 192 13 -1.04272 18 25 182 17 1.15839 34 43 194 9 2.81984 39 47 194 21 -2.05527 23 27 175 18 0.708626 37 39 187 7 0.2783 41 41 189 8 -2.78282 39 37 187 14 -1.5708 25 21 177 27 1.12328 50 44 205 24 -2.23909 30 23 190 15 -1.1659 17 13 168 37 0.415492 38 37 163 90 1.46014 130 132 244 0 0 
160 154 255 122 -1.15092 45 38 159 1 0 40 30 176 6 1.5708 40 35 188 15 1.76819 48 53 198 15 -2.26553 34 42 185 10 0.588003 40 46 195 12 -1.73594 30 34 183 4 0 34 34 182 6 0.321751 37 36 182 13 0.394791 44 42 185 5 1.03038 49 46 191 19 -2.39321 34 31 184 5 1.03038 38 36 190 2 -1.10715 32 35 187 2 -1.10715 32 32 186 12 0.165149 39 31 192 14 1.5708 57 51 192 27 -2.80835 53 57 152 137 1.24444 185 194 255 0 0 
218 212 255 162 -1.45946 53 45 145 111 -0.00900877 45 32 170 7 0.404892 41 31 185 8 1.5708 43 42 188 13 0.566729 47 51 194 13 -2.77442 42 45 190 6 -1.24905 38 38 186 5 0.380506 43 38 189 14 2.55359 53 47 194 15 -2.88099 51 45 188 12 -1.73594 39 32 177 4 1.32582 39 32 189 3 1.89255 37 36 194 2 -2.35619 31 36 188 10 1.0637 42 46 195 11 -2.11122 43 34 185 20 -2.49809 38 30 155 67 1.14047 104 107 181 155 0.936316 231 241 255 0 0 
241 243 255 68 -1.67338 169 167 233 125 -0.996097 59 44 165 65 -0.061461 48 32 179 19 1.46592 60 52 199 17 -1.45369 39 35 184 10 1.67046 47 45 194 22 -3.00606 44 42 192 15 -1.3734 31 25 180 16 0.302885 38 30 184 12 0.844154 47 42 187 18 -2.6292 38 32 179 2 0.785398 36 31 190 10 0.197396 35 32 195 5 2.11122 36 39 198 5 -2.76109 40 39 189 23 -2.14717 34 21 159 41 0.869942 75 62 170 164 0.862829 205 203 255 42 0.936774 241 246 255 0 0 
239 243 255 9 0.785398 243 243 255 108 -1.5708 129 121 204 124 -0.567961 57 44 159 80 0.238936 69 58 190 32 -2.46685 44 36 177 11 -1.75065 27 24 170 28 0.885067 47 45 195 5 -2.76109 45 42 195 8 -2.78282 42 40 190 24 -2.4733 27 27 171 9 1.46014 36 35 181 10 1.76819 46 40 201 11 -1.22203 34 29 190 6 0.463648 37 36 186 25 -2.73147 34 31 164 40 0.519146 66 59 164 176 0.688924 187 180 255 52 0.961633 234 234 255 9 1.46014 244 249 255 0 0 
248 251 255 5 3.14159 246 250 255 3 -2.1588 240 244 255 94 -1.53889 140 142 196 128 -0.713698 51 45 140 121 0.0247883 47 39 164 28 0.321751 47 43 186 14 -3.07029 41 41 189 5 -1.03038 30 39 180 18 -2.27942 15 27 163 13 0.367174 20 31 169 10 0.643501 29 33 181 16 1.63322 50 43 207 34 -2.87534 45 37 192 36 -2.33659 24 20 145 76 0.674741 79 78 170 178 0.745736 209 210 255 7 0.982794 221 225 254 26 2.57486 238 242 255 8 1.10715 246 252 255 0 0 
246 247 255 5 0.54042 248 252 255 2 0.785398 248 255 255 3 3.14159 244 251 255 60 -1.73594 177 178 236 109 -0.987883 79 75 170 124 -0.260602 38 36 156 52 0.309703 45 48 182 29 -2.40378 20 29 163 11 1.39094 28 40 176 1 3.14159 28 39 177 7 -0.404892 30 34 176 16 -1.63322 21 15 162 17 -0.0587558 29 19 149 112 0.551074 95 90 182 157 0.857346 219 220 255 13 -0.463648 219 226 246 22 -1.10715 202 211 215 59 0.737815 244 250 255 4 0.244979 247 250 255 0 0 
253 254 255 3 3.14159 251 255 255 3 -1.89255 248 255 248 7 -1.1659 238 246 246 14 0.785398 244 248 255 31 -1.69912 206 210 255 106 -1.29379 95 99 177 144 -0.398522 32 35 140 128 0.0312398 31 28 167 46 0.172191 35 33 182 15 2.58994 43 44 184 19 -2.53931 38 37 163 58 0.0344691 49 45 151 158 0.514451 134 130 212 109 0.648996 209 206 255 28 1.81578 240 242 255 11 -2.35619 234 241 244 17 2.23677 250 255 252 3 3.14159 251 254 255 12 -2.89661 248 251 255 0 0 
252 252 252 3 0.588003 254 255 253 1 0.785398 255 255 252 4 3.14159 251 255 254 8 -2.67795 244 250 255 4 0.463648 242 248 255 2 0.785398 237 243 255 61 -1.68505 171 173 244 99 -0.907096 89 82 193 137 -0.379159 37 27 151 119 0.0419921 43 37 144 132 0.493941 110 106 195 145 0.599452 197 194 255 48 0.59375 231 228 255 33 -2.167 209 206 231 37 0.804264 237 239 247 11 -1.22203 226 231 230 23 1.87885 250 253 251 9 -1.24905 243 243 243 16 0.785398 255 254 255 0 0 
255 255 252 0 0 255 254 255 4 -1.81578 253 249 255 5 -0.785398 247 245 251 11 0.785398 251 255 255 3 3.14159 250 255 255 7 -1.5708 241 245 255 9 0.785398 246 247 255 11 -1.83705 235 226 255 60 -1.40565 175 166 223 70 0.0428309 180 176 212 94 0.770474 248 245 255 2 2.35619 251 246 255 32 -1.5708 219 215 240 28 0.636508 238 235 250 5 1.3734 245 241 252 22 -1.5708 223 219 231 39 0.947597 255 252 255 0 0 255 255 254 1 3.14159 255 255 249 0 0 
255 255 252 1 -2.35619 255 253 254 1 0.785398 255 252 255 0 0 255 252 255 3 -1.89255 252 252 252 4 0.785398 253 255 254 0 0 253 255 254 3 -1.5708 252 250 255 3 0.588003 254 247 255 0 0 255 247 255 1 0.785398 255 255 255 4 -1.5708 253 252 248 4 1.5708 255 253 255 9 -1.68145 248 242 253 10 -0.507098 241 238 247 7 0.588003 245 242 251 14 3.07029 248 241 255 10 0.982794 255 251 255 1 -2.35619 255 254 253 1 0.785398 255 255 248 0 0 
255 254 253 1 0.785398 255 255 255 0 0 255 254 255 1 -1.5708 254 253 255 1 2.35619 255 255 255 3 3.14159 255 255 255 4 3.14159 255 255 255 4 3.14159 255 254 255 6 -2.97644 254 252 255 4 2.89661 255 253 255 6 3.14159 255 255 255 8 -2.62245 251 252 250 4 2.35619 254 253 255 3 2.81984 255 254 255 8 -1.5708 247 246 248 17 -1.15839 231 230 232 28 0.835357 252 251 255 2 0.785398 255 252 255 1 0.785398 255 255 255 0 0 255 255 252 0 0 
255 255 255 2 3.14159 255 255 255 1 3.14159 255 255 255 3 -2.55359 253 253 253 5 -2.9442 252 252 252 6 -2.97644 251 251 251 6 3.14159 251 251 251 8 -2.89661 249 249 249 8 3.01724 250 250 250 11 -3.05093 249 249 249 15 -3.07502 248 248 248 15 3.14159 248 248 248 11 2.87534 251 251 251 13 2.84309 255 255 255 17 -3.08284 254 254 254 12 -2.81984 250 250 250 4 1.81578 254 254 254 4 2.89661 255 255 255 5 3.14159 255 255 255 3 3.14159 255 255 255 0 0 
253 253 253 7 2.9997 254 254 254 7 -2.86329 252 252 252 7 -2.55359 248 248 248 4 -2.67795 246 246 246 3 -2.81984 245 245 245 2 -2.35619 243 243 243 2 -1.5708 241 241 241 2 -1.10715 239 239 239 9 -0.558599 234 234 234 9 -0.110657 233 233 233 11 0.348771 237 237 237 11 0.0906599 238 238 238 9 0 238 238 238 7 0.588003 242 242 242 8 0.950547 249 249 249 4 0.244979 250 250 250 4 3.14159 250 250 250 5 2.76109 252 252 252 7 2.9997 253 253 253 0 0 
246 246 246 0 0 247 247 247 0 0 246 246 246 0 0 244 244 244 0 0 243 243 243 0 0 243 243 243 0 0 243 243 243 0 0 242 242 242 0 0 247 247 247 0 0 243 243 243 0 0 244 244 244 0 0 248 248 248 0 0 247 247 247 0 0 244 244 244 0 0 247 247 247 0 0 253 253 253 0 0 246 246 246 0 0 245 245 245 0 0 245 245 245 0 0 247 247 247 0 0 
