232 228 255 7 -2.55359 220 213 255 162 -2.59275 121 105 255 112 -2.48916 44 23 252 21 -2.1588 25 0 247 7 1.71269 33 11 244 41 1.5708 83 66 254 94 2.07687 173 167 255 138 2.78789 228 237 255 86 -3.12997 233 247 255 3 3.14159 238 247 255 1 0 236 235 255 78 -2.60337 189 170 255 162 -2.65597 101 77 255 74 -2.42276 36 19 246 4 2.03444 36 20 255 25 2.41169 64 41 255 68 1.99499 135 119 255 118 2.4761 217 221 255 127 3.06301 230 246 255 0 0 
217 211 255 172 -2.22473 74 65 205 47 -2.31145 29 12 209 15 0.605545 31 10 243 7 -1.97569 22 0 247 8 1.21203 30 9 248 5 -2.11122 32 15 220 4 -2.89661 38 29 186 92 1.52735 139 140 238 122 2.40817 226 232 255 44 3.05093 234 234 255 83 -2.18546 162 155 255 159 -2.31622 38 18 184 16 0.828849 39 17 225 7 2.35619 32 15 250 17 -2.27305 17 0 241 8 1.21203 32 10 242 6 -2.67795 36 20 211 39 1.5708 83 82 202 127 1.91488 206 213 255 0 0 
96 84 255 76 -2.15155 30 16 212 10 1.76819 36 17 240 15 -2.67795 26 4 246 7 -2.9997 20 0 253 3 0.588003 20 3 254 6 -2.03444 17 1 239 11 0.661043 31 16 227 5 -2.60117 39 28 192 129 1.59405 173 161 255 90 3.14159 173 158 255 154 -2.1624 42 22 205 6 2.81984 35 14 230 4 -1.10715 26 3 241 1 -0.785398 19 0 248 5 0.197396 19 0 251 2 -0.463648 19 0 248 6 0.463648 26 8 239 4 -1.32582 27 14 212 80 1.5458 109 100 255 0 0 
41 31 251 24 -1.73594 19 5 231 7 -0.2783 19 0 237 5 0 17 0 244 17 0.54042 21 3 255 4 -1.5708 13 0 255 7 2.1588 21 5 255 7 -1.4289 19 2 243 3 -2.81984 27 9 222 42 1.47584 74 53 255 35 3.0278 78 54 255 65 -2.32395 25 2 231 15 0.694738 28 7 253 12 -2.71497 20 0 253 3 1.5708 23 3 255 7 -2.86329 21 0 255 3 0.982794 22 3 255 2 -1.5708 20 2 255 11 -2.87534 22 2 245 11 0.909753 31 13 250 0 0 
32 27 248 14 -1.07685 21 12 239 4 -1.81578 20 2 247 10 1.19029 30 8 255 16 -2.76109 19 2 255 8 -1.92957 9 0 250 17 0.702257 18 8 255 13 -2.19959 11 0 244 10 0.643501 24 5 246 3 1.24905 29 8 247 12 -2.64225 23 1 243 9 1.24905 28 10 255 13 -1.93797 12 0 246 10 0.588003 16 1 253 6 -0.674741 16 0 246 14 0.493941 23 4 255 7 2.9997 20 4 255 15 -2.17634 7 0 246 21 0.753151 27 6 255 6 -1.73594 21 0 252 0 0 
43 40 243 82 -0.256708 22 15 230 4 2.89661 24 6 249 9 -1.89255 15 0 249 8 0.785398 18 0 255 8 1.69515 24 9 255 11 -2.11122 12 1 247 5 1.76819 19 6 252 3 -0.321751 20 2 255 9 -1.46014 11 0 248 16 0.519146 21 1 254 1 2.35619 20 2 255 4 2.89661 19 3 255 8 2.89661 23 5 255 7 2.55359 29 11 255 17 -2.27305 16 0 245 8 -0.124355 11 0 248 14 0.982794 25 8 255 3 -2.55359 28 10 247 27 2.22868 52 35 255 0 0 
135 131 255 122 -1.0234 28 19 206 25 0.07983 27 6 239 2 0 23 0 253 2 -2.67795 22 0 251 8 0.358771 23 4 251 5 -1.9513 18 0 243 9 1.46014 26 10 252 6 -2.67795 19 4 255 7 2.55359 21 7 255 8 -2.08994 16 0 255 2 -2.03444 16 0 253 3 -1.24905 16 0 251 11 0.348771 22 0 252 4 -0.244979 19 1 244 6 1.73594 24 8 250 1 -1.5708 21 3 255 2 2.67795 25 9 246 17 -2.03444 16 7 201 99 1.21085 113 107 255 0 0 
213 210 255 144 -1.50838 66 55 205 109 -0.193798 36 14 227 4 -1.32582 26 0 246 9 1.15257 34 8 255 9 -2.27942 27 2 248 2 -2.35619 23 1 243 3 0.588003 21 3 246 3 -0.982794 11 0 250 8 0.785398 15 3 255 4 -2.03444 15 0 255 1 3.14159 19 0 255 7 1.4289 31 4 255 7 -2.7367 28 2 255 6 -1.40565 18 0 245 7 1.2925 24 8 249 4 -2.35619 22 4 247 5 -1.03038 21 9 221 27 1.53378 58 56 205 159 1.0175 198 203 255 0 0 
236 237 255 46 -1.54906 185 177 255 135 -1.22329 47 23 207 105 -0.00952352 37 8 238 5 -2.9442 33 2 247 5 -2.60117 26 0 247 9 0.321751 28 3 249 5 2.9442 23 4 251 4 2.89661 19 4 255 2 -1.5708 15 1 255 6 -2.67795 16 0 254 7 0.2783 21 0 255 2 -0.463648 24 0 255 6 0.896055 29 2 255 8 -2.52134 19 0 252 2 1.10715 21 5 247 3 0.982794 29 12 240 8 -2.19105 29 20 201 132 0.984895 150 155 255 98 0.785398 223 239 255 0 0 
246 252 255 3 -2.81984 240 237 255 68 -1.5708 161 144 255 130 -1.01463 41 14 207 83 -0.0120476 33 2 231 11 1.48014 37 8 255 11 -1.5708 21 0 244 6 0.321751 18 0 248 5 1.19029 21 3 255 8 -2.03444 11 0 251 11 1.10715 23 4 255 3 -1.89255 23 0 255 2 2.67795 26 2 255 9 -2.43297 20 0 250 6 0.463648 20 1 252 3 0.982794 28 10 241 8 -2.67795 34 17 210 91 0.885834 114 107 242 149 0.794832 228 238 255 5 -2.11122 227 246 255 0 0 
247 255 242 2 2.35619 245 251 255 1 0.785398 241 233 255 97 -1.63257 133 117 248 127 -0.707777 38 12 212 74 0.134321 35 11 249 18 -2.87065 22 5 250 2 -0.785398 16 1 252 1 -0.785398 17 0 254 1 2.35619 18 0 255 5 0.927295 24 3 255 4 -2.03444 20 0 255 6 -2.46685 16 0 249 10 0.71883 23 5 252 1 -2.35619 25 6 245 7 -1.8491 27 11 212 82 0.854255 107 93 228 156 0.853168 234 230 255 2 -0.463648 238 245 255 4 0.785398 243 255 255 0 0 
246 255 236 7 0.785398 250 255 252 6 -1.89255 240 241 255 8 0.785398 237 231 255 106 -1.5708 117 102 253 130 -0.677128 21 5 206 60 0.248963 25 10 245 7 -2.7367 17 2 254 5 -0.643501 18 0 253 7 0.785398 23 2 255 6 -2.97644 22 1 255 7 -1.2925 15 0 250 11 0.909753 24 4 255 2 -2.35619 25 8 243 2 -1.10715 30 15 220 56 1.05165 92 80 234 154 0.799096 220 212 255 24 0.785398 248 244 255 0 0 250 253 255 7 -2.44685 246 253 246 0 0 
253 255 251 2 -1.5708 249 254 253 2 2.35619 251 251 255 2 3.14159 244 243 255 4 -1.5708 226 229 255 125 -1.5708 87 86 219 127 -0.411065 25 10 222 37 0.212938 26 5 255 11 -2.96174 24 2 255 7 -2.1588 18 0 253 12 0.610726 24 3 255 3 -2.55359 23 1 255 6 3.14159 25 1 255 3 2.81984 33 12 234 26 1.26109 69 60 210 176 0.817387 210 208 255 28 0.785398 248 244 255 2 3.14159 255 252 255 6 -1.73594 253 247 252 7 0.982794 255 254 255 0 0 
255 254 255 4 -1.5708 251 250 252 4 0.463648 251 253 254 2 0.785398 248 252 255 4 -2.03444 233 244 255 8 -1.10715 215 220 255 131 -1.5098 71 61 228 110 -0.370423 22 3 226 15 0.321751 22 1 247 8 1.44644 27 6 255 7 -2.26553 22 1 254 5 -1.19029 21 0 242 8 0.358771 31 7 233 12 1.5708 52 34 211 181 0.863365 200 197 255 39 0.785398 239 242 255 2 -2.35619 249 250 255 2 0.463648 255 255 251 3 -2.81984 255 252 254 2 0.785398 255 253 255 0 0 
255 254 255 3 3.14159 255 255 254 0 0 255 255 252 2 -1.5708 249 254 253 3 2.55359 246 253 255 4 -1.5708 235 238 255 36 -1.46014 187 184 255 133 -1.28221 48 37 201 91 -0.0985805 25 8 235 2 2.35619 22 1 255 2 0.463648 24 4 253 3 2.81984 32 15 233 11 -2.67795 42 27 189 164 0.915101 184 174 255 63 0.863888 241 238 255 2 -2.03444 244 248 255 2 0.785398 248 255 255 4 -2.03444 247 252 250 5 0.785398 253 255 255 9 -2.1294 247 246 248 0 0 
255 252 249 4 0.785398 255 255 252 0 0 255 255 254 5 -1.5708 246 251 250 7 0.785398 251 255 254 0 0 246 251 255 2 -1.5708 237 237 255 75 -1.54414 148 143 255 127 -0.924165 32 14 215 57 0.104877 31 8 247 7 -2.55359 28 7 236 6 -1.10715 31 14 201 116 1.11864 150 144 253 105 0.738453 234 231 255 7 0.876058 247 248 255 2 2.67795 250 255 255 3 -2.55359 248 254 253 2 0.785398 250 255 254 5 -1.5708 248 250 250 7 0.785398 253 255 255 0 0 
255 255 248 0 0 255 255 254 0 0 251 251 255 0 0 251 251 255 0 0 253 255 254 0 0 251 255 255 0 0 248 250 255 0 0 237 232 255 122 -1.5708 101 80 249 103 -0.585314 37 11 219 7 0.785398 44 20 214 42 1.5946 93 77 224 161 0.957026 236 236 255 2 -1.5708 242 249 255 2 -0.463648 245 253 253 1 0 248 254 249 4 0.785398 251 255 254 0 0 253 255 255 0 0 255 255 255 0 0 255 255 255 0 0 
255 255 247 0 0 253 255 252 0 0 251 251 255 0 0 251 251 255 0 0 255 255 254 0 0 255 255 249 0 0 253 255 254 0 0 244 242 255 36 -1.5708 194 180 255 142 -1.31561 51 30 192 54 -0.0185164 52 34 181 148 1.1553 191 184 255 53 0.811708 241 245 255 3 3.14159 246 255 255 3 -2.55359 248 255 252 4 2.67795 251 255 252 4 3.14159 253 255 255 0 0 255 255 255 0 0 255 255 255 0 0 255 255 255 0 0 
255 255 247 0 0 255 255 249 0 0 251 255 255 0 0 253 254 255 0 0 255 255 254 0 0 255 255 249 0 0 255 255 248 0 0 246 250 255 0 0 234 233 255 120 -1.5708 107 106 202 72 0.0693331 113 114 202 138 0.954745 232 235 255 1 -0.785398 241 246 255 3 0 247 252 253 4 -0.785398 247 247 253 6 0.321751 249 249 255 5 0.927295 255 254 255 0 0 255 255 255 0 0 255 255 255 0 0 255 255 255 0 0 
255 255 247 0 0 255 255 248 0 0 253 255 254 0 0 253 255 254 0 0 255 255 254 0 0 255 255 249 0 0 255 255 247 0 0 246 255 255 0 0 236 242 255 0 0 180 189 252 0 0 195 203 255 0 0 235 243 255 0 0 244 252 255 0 0 251 254 255 0 0 253 252 255 0 0 254 250 255 0 0 255 254 255 0 0 255 255 255 0 0 255 255 255 0 0 255 255 255 0 0 
