252 254 255 2 -2.67795 246 251 255 6 -2.03444 231 242 255 9 3.14159 228 235 255 88 -3.01724 224 213 255 164 -3.06855 213 199 255 158 3.12894 217 206 255 145 3.04534 233 226 255 135 3.06029 249 244 255 8 -2.89661 244 244 255 4 1.81578 239 246 255 17 -2.27305 222 226 255 117 -3.03939 214 204 255 151 -3.10849 209 196 255 157 3.07798 219 209 255 167 3.06986 231 227 255 107 3.08558 239 239 255 8 2.67795 246 248 255 10 -3.04192 249 251 255 1 0.785398 251 254 255 0 0 
248 248 255 3 -2.55359 241 242 255 14 -2.1588 217 222 255 142 -2.55553 134 135 215 125 -2.37314 51 41 141 24 -0.244979 47 36 133 30 0.507098 65 58 131 28 0.982794 93 90 139 138 1.60701 238 235 255 150 3.10827 241 242 255 6 -1.73594 226 233 255 164 -2.33474 104 108 161 56 -2.1786 59 50 136 30 -0.374334 47 35 135 32 0 43 36 133 77 1.19991 117 112 197 121 2.10418 227 225 255 161 3.12917 234 234 255 13 2.30361 248 250 255 16 -2.14213 236 239 247 0 0 
242 239 255 8 -2.19105 228 223 255 135 -1.99804 89 83 200 65 -2.26946 32 23 173 36 0.844154 59 48 204 9 -2.81984 58 51 188 12 2.81984 65 70 163 127 0.0236177 75 83 142 126 -0.0554985 82 83 117 214 0.801898 238 238 255 119 -1.66297 110 116 159 107 -0.351154 70 71 139 144 0.0969176 80 74 175 110 -0.0635507 68 59 186 22 -2.96174 57 50 195 18 -1.68145 41 36 169 14 0.432408 57 53 148 154 1.58378 220 218 255 95 3.03672 237 236 255 12 2.35619 248 250 255 0 0 
232 229 255 58 -1.62247 165 161 243 157 -2.37421 40 29 185 20 0.88848 47 34 226 6 -1.89255 37 28 222 6 -1.5708 33 30 200 143 1.51491 180 188 255 127 3.12585 192 201 255 132 3.02097 224 225 255 137 -3.09783 224 219 255 123 -3.08474 210 207 255 105 3.08451 208 206 255 155 -3.01245 183 175 255 182 -2.27883 37 29 183 18 1.05841 42 40 213 5 -2.49809 43 39 204 12 -0.844154 48 40 170 62 1.36082 120 114 203 124 2.26553 225 222 255 18 1.0122 244 245 255 0 0 
223 224 255 168 -1.6421 46 45 139 18 1.91009 47 38 209 7 0.141897 38 27 237 4 -1.81578 30 23 234 5 0.380506 32 30 226 8 1.21203 44 49 211 14 -2.9305 53 55 185 21 2.59304 84 75 172 71 0.112203 97 83 177 117 0.0937415 101 87 205 82 -0.550858 51 37 179 15 1.76819 57 45 211 12 -2.07014 37 31 210 14 0.211093 30 34 217 9 1.98902 42 44 222 8 -2.67795 52 44 204 32 -1.72579 33 24 145 187 1.43719 231 227 255 48 2.99678 243 243 255 0 0 
206 208 255 164 -1.73594 37 35 141 31 1.24905 51 42 222 9 -2.27942 35 24 240 2 2.35619 34 26 243 0 0 32 30 236 9 -1.68145 28 28 212 10 -0.71883 32 30 183 100 1.4317 151 141 255 69 2.24327 211 196 255 37 -1.24905 167 150 255 117 -1.71631 43 26 194 12 1.73594 47 30 223 9 1.35213 48 38 239 22 -2.41861 24 25 223 13 0.367174 31 32 224 6 -0.165149 42 33 214 7 -0.2783 52 42 186 113 1.68534 180 176 251 46 1.89935 229 231 255 0 0 
175 175 255 125 -1.46717 45 40 161 14 1.49949 47 37 214 7 -2.7367 37 24 232 7 0.588003 37 29 236 4 -2.89661 36 30 231 2 0 38 34 223 2 -2.67795 47 43 199 43 1.75474 108 101 206 109 1.58914 221 211 255 65 -1.73844 147 134 255 101 -1.64984 37 22 197 16 1.50838 46 28 235 11 -1.10715 31 14 235 17 1.08084 40 32 247 7 -2.86329 38 32 239 6 3.14159 47 34 234 22 -1.66146 36 25 182 111 1.5708 161 161 239 64 1.52396 232 237 255 0 0 
188 187 255 137 -1.49068 46 41 162 7 2.1588 43 30 206 10 1.3734 46 31 236 6 -1.10715 37 26 230 5 1.76819 42 32 233 5 -2.2143 38 30 224 10 -0.71883 39 33 194 49 1.5912 106 99 204 101 1.72945 210 201 255 62 -1.55467 137 126 255 92 -1.71117 36 23 199 20 1.42191 49 33 240 9 -2.27942 39 22 243 2 0 35 24 240 3 -2.81984 36 25 235 5 0.785398 43 31 235 20 -1.76819 34 24 184 114 1.55325 164 164 240 66 1.10039 230 236 255 0 0 
201 202 255 152 -1.46592 44 41 151 27 0.44752 49 32 207 13 0.942 53 33 240 18 -2.58299 39 22 233 10 0.291457 39 26 234 7 1.5708 46 36 237 18 -2.08319 37 30 199 36 1.2315 88 82 191 118 1.73178 209 201 255 76 -1.47895 122 113 253 76 -1.70162 37 28 198 11 1.5708 41 33 224 2 2.67795 39 30 234 7 -0.694738 34 25 229 10 0.588003 42 32 232 8 -2.67795 41 30 222 16 -0.999459 36 30 177 142 1.59896 194 198 255 41 1.04272 239 246 255 0 0 
221 223 255 143 -1.54982 72 69 168 92 -0.0542944 60 43 208 24 -2.58729 40 18 221 21 0.817645 49 32 243 10 -2.42276 37 26 236 2 -1.5708 33 27 230 12 0.426627 45 42 211 5 2.60117 68 63 172 143 1.55681 214 208 255 95 -1.79288 111 102 246 66 -1.70632 36 28 199 12 0.785398 38 32 221 12 0.844154 45 38 235 19 -3.03672 43 36 235 15 -2.35619 35 27 218 22 0.625485 54 45 219 34 -2.23184 36 33 159 185 1.1192 219 223 255 10 0.982794 235 244 255 0 0 
229 230 255 54 -1.40565 170 165 250 130 -1.13463 43 26 177 26 1.05634 55 37 228 9 -2.27942 38 25 233 4 0.244979 32 27 236 9 1.89255 37 40 238 15 -2.35619 35 40 202 10 1.5708 66 68 170 121 1.72783 193 189 255 82 -1.38769 102 92 239 50 -1.89255 45 34 214 11 2.35619 44 38 233 18 -1.89255 22 17 222 20 0.291457 30 23 228 18 1.40565 53 46 233 31 -2.14987 36 32 181 75 1.67706 124 123 221 121 0.861276 228 234 255 11 1.48014 244 255 255 0 0 
242 245 255 8 -1.44644 230 227 255 160 -1.58954 61 49 169 124 0.0322469 55 38 205 17 2.96692 45 32 230 6 -1.73594 29 25 231 5 2.9442 24 30 225 0 0 33 42 200 13 -0.732815 45 51 148 154 1.6227 206 205 255 112 -1.65098 84 75 225 40 -1.76819 35 24 210 14 0.785398 36 31 230 8 1.44644 42 37 242 17 -2.47562 35 27 228 11 -0.179853 42 33 207 22 -2.25972 35 33 153 196 0.965894 208 210 255 20 0.750929 233 239 255 11 1.10715 248 255 255 0 0 
246 253 255 12 -1.5708 231 234 255 34 -1.30454 192 186 255 141 -1.32754 45 34 160 91 0.208056 51 37 215 25 -2.73147 31 21 222 19 0.305879 28 29 227 12 0.896055 43 50 213 30 -2.07789 37 42 141 153 1.52508 196 195 255 111 -1.56179 72 67 218 24 -1.99742 41 34 221 15 3.07502 37 31 232 8 -1.05165 30 24 225 15 1.10715 53 41 231 31 -2.13272 35 26 177 119 1.14832 156 154 244 88 0.825377 232 233 255 4 1.5708 243 247 255 5 0.380506 248 254 249 0 0 
248 255 255 7 -2.7367 243 249 255 8 -2.03444 233 232 255 81 -1.48459 144 137 222 128 -0.818353 37 23 171 76 0.428778 58 44 229 32 -2.9866 43 38 231 14 -2.06474 33 32 202 9 -0.558599 46 44 157 147 1.64549 195 192 255 122 -1.53802 60 53 217 29 -1.98902 25 18 209 26 0.866302 41 37 232 6 -2.46685 42 37 220 13 -2.30361 45 34 190 40 1.2723 94 85 201 174 0.761013 225 223 255 12 0.426627 237 240 255 12 0.785398 251 254 255 6 -2.81984 253 255 249 0 0 
243 248 251 6 0 243 247 252 7 0.404892 247 249 255 5 3.14159 242 238 255 112 -1.58865 121 105 213 122 -0.606059 39 21 176 82 0.244979 45 33 215 17 3.02448 47 37 213 24 -1.65394 37 26 160 162 1.47235 197 187 255 144 -1.87286 45 35 219 8 2.89661 38 34 230 4 -2.67795 38 38 216 10 -2.2143 39 39 185 22 0.502843 69 62 166 219 0.769322 233 228 255 7 2.35619 243 244 255 4 0.785398 251 254 255 7 -2.1588 249 249 249 7 0.588003 255 254 250 0 0 
250 253 255 1 2.35619 251 255 255 9 -1.98902 246 248 242 8 0.358771 247 244 255 9 -1.24905 231 218 255 91 -1.43968 130 114 226 123 -0.670958 40 26 174 104 0.163574 54 39 200 18 -2.8023 53 37 184 103 1.51261 152 138 255 150 -2.38905 39 26 212 10 0.588003 39 34 217 20 -2.9442 41 41 189 57 0.316286 69 72 177 202 0.827332 236 234 255 11 -2.03444 237 234 255 17 0.825377 251 253 255 4 -1.81578 249 251 251 5 0.927295 255 255 254 1 -2.35619 255 255 251 0 0 
251 252 255 2 -0.785398 249 251 252 3 0.982794 254 255 250 2 -1.5708 250 252 253 1 3.14159 247 245 255 9 -2.43297 235 229 255 71 -1.48649 156 146 239 122 -1.00093 45 33 159 139 0.122571 59 42 193 16 -2.22649 42 25 190 16 1.5708 55 40 208 30 -2.28654 34 24 171 138 0.537944 112 108 213 135 0.827041 221 222 255 16 0.436627 240 241 255 10 0.71883 252 254 255 4 3.14159 254 254 254 0 0 254 254 254 0 0 254 254 254 0 0 254 255 253 0 0 
253 254 255 3 -2.55359 251 253 253 2 2.67795 254 255 251 3 -1.24905 251 252 248 7 -0.982794 243 245 245 9 0.785398 247 247 255 11 -1.66146 229 226 255 32 -1.22982 191 184 255 136 -1.27444 51 42 163 163 -0.0184028 44 34 170 40 -0.0996687 40 33 160 196 0.630291 161 157 255 68 0.69288 213 214 255 29 0.88035 244 246 255 0 0 253 254 255 5 -1.76819 252 252 246 4 1.10715 254 255 253 1 0 254 254 254 1 0 254 254 254 1 0 254 254 254 0 0 
250 252 253 1 -0.785398 251 251 251 4 1.10715 255 255 254 4 3.14159 255 255 252 4 -2.35619 254 253 249 3 -0.321751 247 250 254 4 0.244979 243 247 255 2 -2.03444 234 240 255 10 -2.2143 219 226 255 126 -1.52321 89 98 162 169 0.743756 204 215 255 26 0.394791 218 229 255 17 0.62025 235 245 255 5 0.785398 246 252 255 2 -2.67795 254 252 255 2 -2.03444 254 251 253 4 0.785398 255 254 255 0 0 255 255 255 0 0 255 255 255 0 0 255 255 255 0 0 
251 253 253 0 0 253 253 253 0 0 253 251 250 0 0 255 253 249 0 0 255 255 251 0 0 253 255 252 0 0 244 250 255 0 0 230 241 255 0 0 227 242 255 0 0 216 235 255 0 0 230 251 255 0 0 234 253 255 0 0 241 255 255 0 0 246 253 255 0 0 253 250 255 0 0 255 252 255 0 0 255 254 255 0 0 255 255 255 0 0 255 255 255 0 0 255 255 255 0 0 
