255 242 246 10 -1.19029 246 230 241 10 1.67046 255 234 255 5 -0.785398 245 229 255 7 0.785398 232 234 255 144 -3.08609 217 228 255 189 -3.13101 220 226 255 180 3.10272 229 234 255 145 3.10024 237 240 255 11 -2.67795 235 235 255 7 0.785398 245 241 255 9 -2.27942 238 233 255 104 -3.13198 229 228 255 180 -3.09718 217 220 255 187 3.03448 241 243 255 187 -3.10418 237 240 255 20 2.89661 247 247 255 4 -0.463648 249 247 253 6 2.24554 254 253 255 10 -2.28963 246 245 247 0 0 
254 247 250 16 -2.00742 239 229 242 21 0.753151 253 237 255 13 -2.91479 244 232 255 237 -2.49052 90 90 130 65 -2.19283 35 38 76 9 0.86217 47 44 83 42 1.49949 89 85 126 146 1.84065 227 226 255 190 3.08901 237 235 255 17 -2.78282 234 228 255 189 -2.55505 131 122 173 113 -2.39368 52 43 99 14 -1.3597 36 30 83 25 0.840897 52 52 100 160 1.63944 214 215 253 175 2.97551 250 249 255 27 -2.77442 243 242 252 10 0.197396 245 245 251 8 1.21203 253 254 255 0 0 
237 243 242 8 1.21203 243 246 255 14 -1.91382 224 221 255 186 -1.85352 45 39 96 8 1.05165 55 51 92 17 -0.54042 53 42 80 81 0.0493426 64 43 88 51 0 61 40 95 26 -0.380506 37 29 94 185 1.45716 212 209 255 233 -2.45345 64 55 152 46 -2.44685 41 24 121 11 0.909753 62 38 116 28 3.14159 62 40 112 29 -2.83059 41 30 110 2 -1.5708 35 33 99 176 1.53104 220 219 253 122 2.92822 251 250 255 13 -2.7468 246 246 255 5 1.76819 251 252 255 0 0 
234 248 244 8 0 231 241 255 61 -1.63628 161 166 227 145 -2.13013 45 41 106 18 1.78947 84 69 97 75 0.860727 155 129 143 29 -2.06474 135 99 123 26 -1.5708 102 68 109 14 -1.78189 66 49 112 19 -1.0839 39 28 108 19 -0.207496 31 20 113 17 0.825377 51 34 121 26 -1.7976 43 13 78 13 0 43 15 75 29 2.42923 46 31 105 12 2.71497 46 39 106 49 1.44895 100 97 136 146 1.97929 238 237 255 6 1.10715 244 244 255 5 0.54042 247 248 255 0 0 
241 255 250 16 -2.35619 225 236 255 134 -1.50373 82 85 160 53 -1.9513 48 34 105 71 1.47252 156 125 124 6 -2.03444 170 127 94 15 -2.2143 156 114 85 35 -2.17455 116 78 73 15 -3.00904 95 65 100 13 -0.528074 77 55 103 18 -2.50884 63 49 85 9 -2.58299 61 47 71 40 -0.173246 65 42 56 37 -1.2405 30 6 24 39 0.876058 49 31 68 22 1.70632 62 52 94 15 -1.70335 46 41 73 195 1.55029 239 238 255 8 2.03444 247 248 255 7 -2.7367 244 246 255 0 0 
230 243 241 13 0.732815 236 243 255 163 -1.62595 66 63 143 28 -2.1786 62 41 109 62 1.37656 169 125 108 22 -2.57828 179 124 67 23 -1.31561 154 100 47 25 -1.92957 119 71 37 34 0.805803 126 86 88 35 -1.2579 84 50 61 16 -0.244979 76 54 43 43 1.68656 119 100 79 36 -1.8491 88 64 44 25 -2.1045 64 38 32 6 2.81984 57 32 52 23 1.44109 69 52 85 9 -1.5708 51 44 77 187 1.54941 233 234 255 5 2.11122 238 240 255 4 0.244979 239 243 255 0 0 
244 247 255 10 -1.9513 232 231 255 170 -1.5179 57 48 121 41 0.121352 83 56 112 34 2.08635 157 105 88 31 2.72017 192 128 74 62 -2.48196 155 89 38 9 1.46014 159 96 52 47 2.88641 159 105 74 32 -2.02056 123 77 46 29 -1.03038 94 56 14 40 1.90042 129 96 51 40 -1.19484 85 56 19 15 -1.76819 65 34 19 18 0.632749 67 34 55 20 1.32582 76 49 88 7 -0.694738 57 48 81 180 1.60412 230 231 255 12 1.32582 242 244 255 5 0.927295 246 250 255 0 0 
240 244 255 3 1.5708 243 241 255 138 -1.58529 103 92 155 86 -0.66206 68 40 93 18 1.40565 120 74 67 9 -2.35619 136 74 36 16 2.35619 158 86 44 40 -1.92379 120 49 5 44 1.48014 154 96 47 30 3.14159 148 98 45 56 -1.91501 92 48 0 66 1.52537 152 112 59 57 -1.76476 89 53 13 3 2.1588 82 47 37 2 0.463648 68 36 67 24 2.1251 77 54 99 18 -1.9614 49 42 77 198 1.2634 233 234 255 12 1.24905 247 248 255 5 -1.76819 240 244 255 0 0 
236 251 243 1 1.5708 239 245 255 68 -1.64419 173 164 215 133 -1.0804 66 43 97 10 2.2143 89 63 77 15 -2.2143 99 57 45 11 1.10715 134 68 43 47 -0.435353 122 51 14 11 1.10715 124 66 17 11 1.39094 127 81 23 35 -2.09686 93 52 0 52 1.43699 141 101 49 49 -1.91786 91 46 19 25 2.8578 84 43 50 14 -1.8491 41 19 67 41 0.716542 56 44 102 51 1.82516 106 102 138 172 0.879767 239 240 255 11 0.661043 248 248 255 9 3.03094 247 250 255 0 0 
235 254 239 4 -1.10715 232 243 247 5 0 238 229 255 187 -1.5708 56 37 92 136 0.0367482 63 47 88 4 2.67795 82 54 74 51 1.92957 162 107 100 68 -2.13864 117 55 25 7 1.8491 118 68 22 10 -2.07789 106 62 9 18 -0.339293 96 56 4 35 2.2143 121 79 42 58 -1.97345 62 16 8 27 1.46014 71 35 59 21 1.47584 63 47 108 19 -2.10252 34 30 95 181 1.26298 214 213 247 38 0.968509 250 250 255 13 -2.13753 240 240 252 14 0.785398 249 251 255 0 0 
235 252 248 4 -2.89661 237 246 255 5 -2.11122 241 230 255 52 -1.35836 190 172 231 143 -1.21609 48 34 106 33 -0.369334 47 26 81 34 1.0153 104 67 77 24 -1.19781 97 52 31 8 2.67795 103 61 26 13 1.8693 116 74 37 45 -1.28351 72 28 0 26 1.3078 91 49 37 36 -2.25847 50 14 28 31 0.991722 59 33 73 16 0.571337 46 35 105 49 1.79607 87 86 150 196 0.792592 238 236 255 9 0.321751 244 244 255 6 1.5708 252 251 255 1 0.785398 251 254 255 0 0 
233 247 245 1 3.14159 236 244 251 9 1.24905 254 245 255 18 -2.43297 240 226 255 154 -1.53185 77 65 137 155 -0.161967 58 42 106 27 2.33056 97 72 100 42 -1.88503 71 40 39 47 0.168597 88 54 31 30 1.73594 122 84 60 67 -2.30361 72 28 21 20 -2.9442 59 18 33 12 1.24905 53 24 63 47 0.511231 62 43 100 20 -2.2143 34 25 92 263 0.844469 229 226 255 11 1.22203 249 246 255 6 -1.40565 246 245 254 9 0.86217 253 254 255 3 -2.1588 250 252 253 0 0 
237 246 243 4 1.32582 243 248 249 8 -1.32582 242 235 248 12 0.674741 250 240 255 7 -1.71269 237 228 255 197 -1.52514 40 29 75 182 0.14267 72 54 101 32 2.46685 101 79 108 56 -2.25653 69 46 38 20 -0.507098 66 37 23 25 -1.41214 41 2 18 60 0.337456 52 14 56 56 1.0364 80 58 123 42 -2.35619 39 28 98 204 0.990935 214 204 255 32 0.915101 242 235 255 10 0.927295 251 250 255 14 -3.07029 252 253 255 1 -1.5708 253 252 254 2 -0.463648 252 252 252 0 0 
240 247 244 6 0.896055 246 251 249 10 3.14159 250 250 250 8 -2.78282 249 245 251 8 0.358771 254 243 255 25 -1.72945 225 213 249 181 -1.46563 41 26 84 133 0.0675662 52 36 89 10 1.27934 75 55 78 24 -1.65394 56 31 51 28 1.3597 82 50 97 19 -2.72337 67 38 101 12 -2.18152 41 28 96 123 1.13613 150 143 204 111 0.791767 237 229 255 15 0.927295 251 246 255 12 -1.40565 239 238 248 19 0.748378 252 254 255 1 0.785398 255 254 255 2 3.14159 255 255 255 0 0 
245 250 249 9 -1.5708 236 241 239 5 0.380506 238 245 238 15 1.01914 255 255 254 10 -2.1588 251 241 253 9 -0.218669 249 232 255 66 -1.40565 173 158 219 134 -1.12381 50 33 106 84 0.0594537 58 39 108 16 -1.81578 42 22 95 8 0.519146 41 22 109 15 0.197396 42 27 108 51 1.27373 91 86 137 198 0.771113 231 231 255 18 0.588003 246 244 255 5 1.19029 253 252 255 1 3.14159 253 253 255 1 3.14159 251 255 255 5 -2.76109 251 253 254 2 -2.03444 249 251 251 0 0 
247 249 250 4 -2.03444 241 246 244 5 1.19029 246 254 244 2 -2.67795 247 251 245 6 1.24905 255 253 255 2 3.14159 255 246 255 19 -1.67567 231 220 255 96 -1.41419 132 119 187 135 -0.659748 47 34 110 49 -0.101689 41 26 110 12 1.40565 47 38 125 14 2.9305 52 46 117 250 0.779748 235 234 255 13 1.00407 250 252 255 4 -2.35619 250 250 255 2 1.5708 252 253 255 1 0 252 253 255 4 -1.5708 248 250 251 4 0.463648 250 252 252 4 0.785398 253 255 255 0 0 
247 246 250 0 0 247 246 248 1 1.5708 248 249 245 3 1.5708 251 253 247 2 2.03444 255 253 253 0 0 253 249 255 2 -1.10715 247 242 255 3 -1.24905 241 236 255 141 -1.55661 98 92 139 140 -0.377871 44 39 90 14 -0.2783 39 37 83 268 0.811708 235 235 255 8 2.52134 244 245 255 1 1.5708 248 250 255 3 0 252 251 255 5 2.49809 255 254 255 1 -1.5708 254 253 255 0 0 254 254 254 1 1.5708 255 255 255 0 0 255 255 255 0 0 
249 245 251 0 0 249 246 248 1 1.5708 250 249 245 2 2.03444 252 252 246 3 1.5708 253 254 250 1 1.5708 252 254 255 2 -1.5708 248 248 255 2 -0.785398 243 243 255 12 -1.32582 231 229 255 169 -1.5058 60 60 90 241 0.762011 227 229 253 19 0.156602 232 234 252 20 0.643501 246 248 255 5 0.927295 253 253 255 7 -1.8491 248 247 249 9 0.785398 255 254 255 5 -2.9442 254 254 254 0 0 254 254 254 1 1.5708 255 255 255 0 0 255 255 255 0 0 
249 245 250 0 0 249 246 248 0 0 249 249 243 3 1.24905 252 253 244 3 1.5708 253 255 247 1 2.35619 252 254 254 0 0 250 251 255 1 -0.785398 246 247 255 4 -1.10715 242 241 255 7 -0.694738 235 236 255 14 0.885067 246 250 255 2 3.14159 248 251 255 1 -1.5708 249 252 255 1 -2.35619 251 252 255 4 2.67795 255 254 255 5 -2.11122 252 250 250 6 0.674741 254 254 254 0 0 254 254 254 1 1.5708 255 255 255 0 0 255 255 255 0 0 
249 245 250 0 0 249 247 247 0 0 250 250 244 0 0 252 253 243 0 0 252 255 246 0 0 252 255 253 0 0 251 253 255 0 0 248 251 255 0 0 248 248 255 0 0 244 246 255 0 0 244 248 255 0 0 248 252 255 0 0 248 251 255 0 0 247 249 250 0 0 252 251 253 0 0 255 255 255 0 0 254 254 254 0 0 254 254 254 0 0 255 255 255 0 0 255 255 255 0 0 
