247 245 255 7 0.876058 250 254 255 10 -2.76109 242 253 250 3 3.14159 240 252 254 7 3.14159 246 242 255 19 3.14159 244 240 255 50 -2.9442 227 232 255 37 2.76109 237 252 255 17 -2.96692 233 255 253 9 2.81984 239 255 251 12 -2.89661 241 254 252 6 -2.67795 242 247 255 8 0.785398 248 246 255 23 -3.01189 248 241 255 64 3.12597 255 242 255 30 3.14159 255 245 255 6 3.14159 246 249 255 2 2.35619 246 253 255 7 3.14159 255 251 255 7 3.14159 255 251 255 0 0 
252 251 255 9 -1.78947 240 241 255 10 0.291457 236 244 255 18 -2.92292 228 234 255 133 -3.05161 220 212 255 164 -2.95252 185 177 254 135 3.10457 183 184 255 130 2.89288 213 221 255 160 3.11035 218 235 255 96 3.14159 222 238 255 10 2.85014 232 237 255 22 2.7367 243 243 255 112 -2.93547 218 217 255 176 -2.88975 176 171 226 84 2.71497 218 206 255 85 2.85686 242 234 255 125 3.1096 240 242 255 51 -3.08284 237 243 255 4 3.14159 246 243 255 9 0.785398 255 251 255 0 0 
252 249 255 4 2.35619 248 247 255 26 -1.9513 212 211 255 178 -2.41169 86 81 180 63 -2.43468 42 28 164 5 -0.927295 34 16 175 18 0.86217 41 30 194 2 -2.35619 39 33 180 69 1.44109 112 115 223 108 2.22537 203 206 255 105 -3.06555 202 195 255 155 -2.60007 122 114 214 118 -2.35021 33 32 130 72 0.765793 79 83 178 39 0.856706 113 112 208 19 -1.5708 97 97 181 84 1.17056 181 183 241 103 2.7038 230 233 255 85 3.0129 250 248 255 17 -2.67795 247 243 255 0 0 
247 243 255 4 -1.5708 234 231 255 151 -1.77727 72 66 167 42 -2.22364 28 19 163 14 0.785398 32 19 195 66 0.0756131 32 17 215 66 0 25 14 224 9 1.68145 34 27 224 6 -1.73594 35 34 192 48 1.32082 89 86 226 65 -2.56203 60 49 189 41 -2.32173 30 20 157 106 0.497108 72 73 207 30 0.927295 91 99 230 6 2.46685 95 103 234 16 2.14213 114 121 236 51 -1.88641 78 80 168 57 1.96425 141 142 200 80 1.63322 230 230 255 18 1.05841 251 250 255 0 0 
242 235 255 35 -1.76819 198 191 255 150 -1.89464 37 31 162 16 3.01724 27 23 189 67 1.75065 88 85 255 55 3.05093 86 86 255 89 -2.29279 13 14 226 9 1.78947 22 23 233 16 2.70497 36 37 225 37 -2.58299 25 22 192 15 -2.53605 25 15 175 114 0.934288 115 109 255 28 -2.05032 81 84 242 5 2.9442 75 86 244 3 3.14159 74 88 241 8 2.08994 88 99 237 66 -2.1754 47 50 165 97 0.79989 131 129 211 94 1.68729 234 236 255 19 3.03672 241 245 255 0 0 
228 224 255 76 -1.58395 143 139 228 115 -1.84314 16 10 159 7 0.876058 10 7 187 23 1.39861 26 31 210 26 3.10315 21 30 217 20 -2.63449 6 16 218 19 -2.9341 2 11 215 18 -2.55359 0 2 201 29 -0.0344691 7 2 193 102 0.778502 88 78 255 33 2.8105 99 90 255 38 -2.67795 73 73 249 12 2.89661 71 79 250 1 -0.785398 68 83 240 48 -2.54784 46 59 205 132 0.395955 111 111 247 10 -2.1588 115 112 215 86 1.55917 211 215 255 27 1.9853 242 249 255 0 0 
218 224 255 106 -1.49547 105 109 198 75 -1.55746 17 13 168 5 1.03038 12 10 193 12 -2.53087 1 6 181 85 0.105489 5 16 190 14 -2.25653 0 4 184 33 0 0 2 188 71 0.494887 26 32 227 43 1.38685 76 73 255 58 -2.53931 52 39 237 9 1.46014 63 50 242 5 1.9513 63 58 244 16 1.38545 75 80 249 84 -2.6195 35 45 192 140 1.29641 175 182 255 100 -2.26426 105 102 248 9 -2.92292 112 108 227 74 1.71836 197 204 254 29 1.77481 231 243 255 0 0 
224 235 255 113 -1.5708 104 112 195 80 -1.14623 20 18 168 12 -0.726642 4 1 181 105 0.980176 88 93 255 104 -0.956133 0 9 177 84 0.373942 22 39 214 31 1.89255 52 65 251 45 -2.65815 34 39 238 40 -0.329624 27 24 228 17 1.15839 51 38 244 6 1.73594 61 45 246 25 2.73147 66 60 249 83 -2.33925 6 6 178 100 0.757237 78 82 231 33 1.75065 115 117 255 40 -2.56729 96 90 245 4 -2.03444 99 96 219 97 2.19582 189 197 250 43 1.22007 235 250 255 0 0 
228 241 255 80 -1.5708 141 150 217 110 -1.07073 33 30 170 42 1.68929 66 63 233 96 1.97433 152 154 255 158 -2.71183 80 87 255 89 -2.43539 15 21 216 2 0 12 18 225 58 1.79503 72 73 255 53 -2.18457 34 29 238 19 2.72337 50 38 242 38 -2.71281 36 24 220 32 -2.26946 8 3 189 101 0.77151 79 77 253 22 -2.67795 72 71 235 7 2.44685 81 78 234 10 1.67046 94 87 244 66 -2.05458 42 40 159 152 1.43261 204 214 255 25 1.08991 232 248 255 0 0 
235 246 255 27 -1.42372 201 208 255 158 -1.36103 33 30 153 9 1.46014 33 27 188 25 -2.41169 11 10 173 13 0.837981 14 17 192 16 2.31274 17 22 221 16 -1.9513 0 3 215 39 1.41815 41 42 252 47 -2.43068 16 12 218 21 -2.71874 15 3 205 16 -0.124355 13 3 200 97 0.785398 79 74 255 41 -2.58043 55 55 239 5 2.2143 64 59 240 10 1.47113 78 74 240 26 -2.27529 65 59 208 33 -2.93257 65 65 173 162 1.0631 218 228 255 17 1.21203 239 255 255 0 0 
249 254 253 2 1.10715 244 245 255 187 -1.61889 41 37 138 135 -0.0813019 20 12 159 11 1.66146 24 17 186 11 -2.03444 5 3 187 17 1.33971 13 18 211 21 -2.9997 6 14 211 12 -2.89661 5 10 209 21 -2.35619 0 0 194 72 0.383077 30 19 223 58 1.05376 81 70 255 61 -2.54014 39 36 240 10 1.47113 47 47 247 11 2.35619 57 56 252 30 -2.87243 56 56 228 58 -2.47755 32 31 165 110 1.24905 149 150 238 92 0.838782 227 236 255 10 0.982794 242 254 255 0 0 
255 253 254 8 -1.44644 241 238 255 43 -1.45504 184 181 253 151 -1.33063 24 20 139 42 0.165149 24 13 177 3 -0.321751 12 6 191 10 -2.2143 0 0 183 28 0.211093 0 5 192 47 -0.126973 0 0 193 90 0.832239 63 60 255 42 -2.87947 59 46 254 54 -2.57909 28 18 225 19 1.03907 40 37 241 4 2.89661 37 40 239 21 -0.652847 26 29 221 41 -2.49326 10 12 176 75 0.643501 71 73 185 157 0.993357 215 219 255 13 1.41815 239 245 255 4 -0.244979 241 251 251 0 0 
255 249 255 4 -2.03444 249 244 255 12 -1.5708 223 229 255 141 -1.4578 73 76 151 147 -0.218669 34 21 167 17 -0.62025 13 1 179 51 0.533708 29 31 203 25 1.65063 47 54 235 69 0.115427 53 54 255 46 -2.27942 22 15 230 18 -2.08319 11 0 214 36 0.844154 38 28 235 31 3.04512 36 36 230 44 2.62799 58 62 244 66 -1.87819 0 2 174 94 0.800322 77 80 219 71 1.59896 164 168 251 68 0.775089 224 228 255 17 1.08084 248 251 255 1 3.14159 251 255 255 0 0 
255 248 255 2 -1.5708 247 247 255 4 1.5708 243 252 255 13 -1.93797 223 229 255 162 -1.54611 55 45 159 167 0.119904 68 53 204 53 -2.76109 34 34 188 97 1.72579 121 126 255 125 -2.32795 27 26 224 24 -2.53087 13 7 218 17 1.68791 35 26 230 50 -2.55359 7 1 196 71 -0.0703065 0 0 184 63 0.696742 45 47 212 23 1.35674 75 78 217 14 3.14159 85 89 191 172 0.785398 220 226 255 8 1.05165 237 242 255 9 0.708626 252 252 255 4 3.14159 255 254 254 0 0 
248 253 255 2 -1.5708 244 250 255 4 -0.244979 238 248 255 4 -1.32582 230 238 255 7 0 232 224 255 196 -1.5759 29 18 120 198 0.0756131 30 27 153 26 1.91635 44 44 198 40 -2.47839 10 11 191 5 2.35619 12 14 199 28 -2.2073 0 0 168 96 1.07475 81 80 250 71 -0.388319 56 51 226 27 -3.03094 60 55 206 4 1.10715 78 75 174 189 0.800322 223 225 255 8 0.519146 231 240 255 11 1.03038 248 255 255 9 -2.58299 252 250 250 5 -0.380506 253 248 247 0 0 
246 254 253 2 0.785398 246 255 255 9 -2.72337 242 250 255 4 0.463648 244 248 255 8 -1.32582 238 235 255 5 0.54042 236 230 255 192 -1.56559 31 27 122 188 0.0106379 21 20 148 36 0.0831412 15 14 172 24 -0.372988 2 2 170 78 0.538222 44 46 200 105 1.59936 153 153 255 174 -2.38453 38 32 181 64 0.415075 75 66 186 196 0.749442 223 219 255 12 1.14417 241 242 255 6 0.463648 244 250 255 5 -0.785398 243 248 246 11 0.785398 255 255 254 0 0 255 255 254 0 0 
250 255 255 9 -1.98902 242 245 249 12 0.785398 251 255 255 1 3.14159 253 255 255 6 -2.24554 248 247 255 5 -0.197396 242 241 255 5 -2.11122 228 226 255 150 -1.50423 69 65 160 143 -0.0698164 50 43 178 66 0.558599 82 72 226 67 -2.68452 52 43 193 28 -2.40615 36 29 163 131 0.524796 109 104 209 151 0.822764 229 226 255 5 -1.5708 235 235 255 15 0.876058 252 254 255 1 0.785398 253 255 255 0 0 253 255 255 0 0 255 255 255 0 0 255 255 255 0 0 
247 251 252 4 1.32582 253 255 255 1 -1.5708 255 254 253 3 -1.89255 253 252 248 5 0.785398 255 255 251 9 -1.5708 244 244 250 12 0.726642 245 245 255 19 -2.0577 221 219 255 98 -1.38732 115 111 207 130 -0.677128 30 23 138 124 0.080471 40 33 148 190 0.655055 157 155 251 83 0.717705 221 220 255 15 0.551655 236 238 255 9 0.558599 248 251 255 3 1.24905 255 255 251 7 3.14159 255 255 254 0 0 255 255 255 0 0 255 255 255 0 0 255 255 255 0 0 
250 254 248 3 1.24905 253 255 251 5 -2.76109 255 254 250 2 0.785398 255 255 252 0 0 255 255 251 11 3.14159 255 255 254 10 -1.5708 240 243 251 11 1.03038 243 250 255 15 -2.17634 223 231 255 60 -1.45465 157 168 218 73 0.52418 194 205 255 44 0.688924 226 236 255 5 1.5708 236 246 255 3 1.24905 246 252 255 7 -2.86329 251 253 254 5 -1.19029 250 248 247 9 0.785398 255 255 255 0 0 255 255 255 0 0 255 255 255 0 0 255 255 255 0 0 
251 255 246 0 0 250 253 244 0 0 255 255 252 0 0 255 255 252 0 0 248 245 240 0 0 255 255 251 0 0 247 253 248 0 0 235 247 249 0 0 231 247 255 0 0 225 242 255 0 0 230 250 255 0 0 228 245 255 0 0 239 254 255 0 0 241 249 249 0 0 255 255 255 0 0 255 255 255 0 0 255 255 255 0 0 255 255 255 0 0 255 255 255 0 0 255 255 255 0 0 
