253 252 255 4 -2.89661 252 245 255 65 -2.7468 225 209 255 99 -2.74064 186 162 246 53 -2.58499 157 129 228 4 -1.5708 153 125 225 14 1.5708 167 140 236 21 1.75902 188 168 243 60 2.28654 234 226 255 84 2.95116 250 247 255 29 3.14159 250 248 255 34 -2.41734 227 218 255 70 -2.62068 193 168 254 51 -2.5644 165 134 239 8 -1.81578 157 126 231 9 1.35213 165 138 234 23 2.3259 182 160 242 50 2.48228 211 199 255 82 2.67795 251 244 255 77 -3.03807 243 241 255 0 0 
249 241 255 70 -2.19436 192 180 222 77 -2.31985 133 114 183 14 0.588003 141 116 202 31 0.579074 157 131 225 18 -0.218669 153 127 221 33 0.302885 163 138 228 38 -0.404892 148 128 203 44 0.0680765 151 139 191 75 1.17804 221 213 253 57 3.08901 224 216 255 86 -2.40534 166 154 206 19 -1.03907 149 127 209 43 0.300171 163 135 231 29 -0.137066 159 131 227 26 -0.345556 149 123 217 29 -0.236849 142 119 204 27 -0.110657 139 121 192 35 1.31203 174 162 212 84 2.03976 249 241 255 0 0 
208 187 255 85 -2.19787 139 116 190 12 2.41495 145 120 206 39 0.588003 167 141 231 19 0.486899 175 151 239 20 0.507098 185 163 245 24 0.554308 196 178 255 7 -0.982794 190 173 246 17 -0.74542 178 161 234 25 -0.674741 162 146 217 22 -0.179853 158 142 213 37 0.439843 174 158 229 31 0.491809 189 172 245 7 0 191 171 248 13 -0.628796 183 160 244 25 -0.197396 178 153 243 22 -0.404892 169 143 237 26 -0.91972 148 123 215 24 -0.554308 136 114 193 56 1.32154 191 171 244 0 0 
158 128 223 29 -1.88179 130 100 195 57 1.06031 178 151 245 6 1.73594 184 159 247 10 1.5708 193 173 250 31 0.421419 206 189 255 18 -0.218669 200 187 249 8 0.358771 203 189 253 7 -2.35619 198 181 255 15 -1.1659 184 165 244 17 0.463648 192 174 251 10 1.19029 202 185 255 7 -2.1588 196 182 248 7 0.588003 200 186 250 6 1.5708 206 191 255 13 -2.40878 199 178 255 14 -1.6421 185 158 254 18 -1.05841 169 140 243 20 -1.81578 150 122 218 7 -1.1659 143 116 210 0 0 
149 116 221 25 0.358771 158 126 227 25 2.1588 177 149 245 10 2.42276 184 161 243 39 1.3932 222 207 255 2 2.35619 224 213 255 18 -0.86217 208 199 249 18 -0.588003 196 189 240 8 0.785398 202 192 252 10 -2.76109 198 187 249 5 -2.2143 194 184 244 6 0.321751 196 186 246 4 1.10715 200 189 251 6 -2.81984 198 188 248 4 -1.5708 194 186 239 9 0 196 182 246 7 -0.588003 194 169 255 31 -1.24905 164 134 239 16 -0.828849 153 124 223 18 -2.97644 150 122 218 0 0 
173 142 239 63 -0.470641 144 113 210 27 1.60782 169 141 237 24 1.99742 191 167 251 30 1.63736 220 206 255 22 2.35619 234 227 255 12 -1.99742 223 216 255 19 -1.87668 202 196 243 11 -2.03444 192 184 237 14 0.211093 195 186 242 7 2.35619 200 192 245 3 -2.55359 198 189 245 8 -0.463648 194 183 245 4 1.10715 198 188 248 5 2.11122 203 197 244 3 -2.1588 200 191 248 6 3.14159 204 179 255 38 -2.28226 175 147 247 42 -1.85553 135 109 199 35 1.457 170 145 231 0 0 
230 209 255 89 -1.31234 143 119 197 39 0.475011 159 132 226 35 2.13537 189 163 253 24 2.4417 204 188 252 28 1.9255 229 220 255 33 -2.77226 217 209 255 24 -2.29744 197 191 240 9 1.15257 204 197 254 20 -2.25311 188 180 240 12 0.610726 195 188 245 9 1.5708 204 196 255 16 -2.4859 194 183 251 3 -0.321751 193 184 247 8 0.785398 199 194 245 8 -2.08994 194 185 242 19 -1.46592 179 155 243 16 -1.69515 164 137 230 32 -2.26946 141 120 189 75 1.11898 209 191 250 0 0 
253 240 255 75 -1.5708 178 160 219 77 -0.480887 140 116 200 40 0.837981 170 145 233 34 2.33579 194 175 248 19 2.83571 200 185 247 9 2.81984 201 190 246 2 0.785398 201 193 246 8 -2.03444 193 184 240 9 0.86217 198 191 248 7 -2.7367 195 188 245 4 -1.5708 191 183 244 8 0.785398 197 185 255 5 2.76109 199 187 255 4 -1.81578 195 186 249 3 -2.81984 196 183 251 33 -2.37747 177 154 239 45 -2.26272 143 120 202 29 1.40006 174 158 212 101 0.897601 253 241 255 0 0 
253 247 255 6 -1.73594 247 237 255 78 -1.53235 169 151 212 73 -0.291457 146 124 202 30 1.40565 175 152 236 34 2.65164 191 170 249 14 1.78189 203 188 255 15 -2.88099 197 188 245 3 0.588003 199 193 240 6 -1.89255 193 187 234 4 1.32582 195 189 242 2 1.5708 197 188 251 5 -1.5708 192 179 255 6 1.24905 198 182 255 10 -2.49809 192 175 255 29 -2.30861 172 153 240 37 -2.29965 149 125 209 5 -0.197396 150 128 200 122 0.791178 237 224 255 22 0.785398 253 245 255 0 0 
252 251 255 2 -1.10715 250 246 255 11 -1.48014 239 228 255 87 -1.40942 153 136 193 92 -0.0542944 146 124 202 45 1.21458 188 166 248 53 3.10387 190 170 245 25 2.55359 202 188 252 6 -2.67795 199 190 240 3 -1.24905 194 189 234 8 0.358771 197 189 242 2 1.5708 197 188 251 3 -1.89255 196 179 255 5 -0.927295 190 172 255 30 -2.49809 174 153 246 41 -2.44074 149 129 212 2 0.785398 154 137 201 105 0.85909 236 223 255 24 0.785398 253 246 255 12 -2.64225 247 243 255 0 0 
255 254 255 5 -2.76109 253 251 255 2 0.785398 253 250 255 8 -1.5708 245 237 255 81 -1.58314 162 148 202 89 -0.293589 135 117 186 54 0.680521 169 148 227 41 2.35619 196 179 253 36 3.03094 200 188 248 15 2.88099 204 194 247 7 -2.35619 199 187 245 2 2.67795 198 185 253 15 3.07502 201 180 255 49 -2.4573 168 147 239 41 -2.45928 144 125 206 25 0.283794 153 138 199 111 0.670522 225 219 244 39 0.785398 255 253 255 11 -1.5708 244 243 245 13 1.00407 255 255 255 0 0 
250 251 247 7 0.785398 255 255 254 6 3.14159 255 254 255 9 -1.68145 244 241 255 10 0.588003 250 242 255 70 -1.61363 178 166 216 81 -0.469112 141 121 194 59 0.380506 162 140 222 31 2.22067 187 167 244 31 2.67795 199 182 255 24 -3.05845 199 181 252 17 -2.39617 187 167 242 36 -2.4926 165 142 226 35 -2.35619 140 119 198 56 0.558599 170 156 214 102 0.750929 241 234 255 14 0.785398 253 254 255 1 3.14159 255 255 248 4 -1.5708 251 253 247 5 0.785398 255 255 252 0 0 
255 255 249 6 -1.89255 249 250 248 7 0.785398 254 251 255 2 2.67795 253 251 255 6 -1.5708 247 246 255 8 0.785398 253 247 255 55 -1.71524 198 181 238 75 -0.757368 144 121 203 66 0.241355 160 130 233 24 2.32763 177 147 254 29 2.83059 187 159 255 59 -2.64765 159 134 220 22 -2.23184 141 120 195 80 0.636075 189 175 229 84 0.743406 246 243 255 7 0.785398 253 254 255 8 -3.01724 254 255 253 1 0.785398 255 255 254 2 3.14159 255 254 255 5 -2.11122 250 249 253 0 0 
255 255 245 2 2.67795 255 255 250 2 -1.10715 252 249 255 3 1.5708 255 251 255 5 3.14159 255 254 255 8 -1.92957 245 244 253 11 0.785398 253 244 255 42 -1.5708 211 193 252 78 -1.00407 145 118 204 103 0.0678568 150 123 217 37 -0.415492 137 110 196 51 0.193622 147 124 198 111 0.580521 208 191 248 63 0.785398 253 244 255 6 3.14159 255 254 255 8 -1.5708 247 250 241 11 0.785398 255 255 255 2 -2.35619 253 252 255 2 -0.463648 252 251 255 3 0.588003 254 253 255 0 0 
253 255 238 5 0.785398 255 255 248 5 -2.60117 254 250 255 3 -0.588003 250 247 255 5 0.380506 252 251 255 4 0.785398 255 254 255 1 3.14159 255 253 255 9 3.14159 255 250 255 5 -1.5708 250 241 255 62 -1.58692 186 176 212 67 0.0298419 190 176 217 83 0.674741 242 229 255 17 0.825377 255 244 255 6 -1.5708 249 243 255 8 0.785398 255 254 255 5 3.14159 255 255 255 2 -1.5708 255 249 255 2 0.785398 255 251 255 5 3.14159 255 255 255 3 3.14159 255 255 251 0 0 
255 255 245 5 -1.5708 252 253 243 7 0.785398 255 254 255 1 3.14159 255 253 255 2 3.14159 255 254 255 3 -2.81984 254 254 254 8 -2.03444 246 248 242 9 1.35213 255 255 251 10 -2.49809 249 250 248 7 2.1588 255 254 255 11 3.14159 255 251 255 12 -3.05845 254 249 255 10 3.04192 255 250 255 10 3.14159 255 252 255 11 -2.67795 252 249 251 5 1.9513 255 254 255 4 3.14159 255 251 255 5 -2.11122 252 246 255 5 0.380506 252 253 251 4 0.785398 255 255 249 0 0 
255 255 252 0 0 255 255 252 5 -2.9442 254 254 254 14 -3.07029 253 252 254 23 -3.09814 252 251 253 34 -3.08284 250 250 250 43 -3.09511 248 249 247 53 -3.12273 247 248 246 59 -3.10771 245 245 245 65 -3.12621 244 243 245 66 -3.12644 243 242 246 64 3.12597 244 243 247 62 3.12546 245 244 248 56 3.14159 245 244 246 47 3.07785 248 248 248 40 3.06673 251 251 251 34 3.11219 252 251 255 26 3.02672 255 254 255 20 3.14159 255 255 255 10 3.14159 255 255 254 0 0 
255 255 255 7 -2.44685 250 250 250 12 -2.24554 240 240 240 12 -2.24554 230 230 230 14 -2.1588 218 218 218 12 -2.07014 207 207 207 13 -2.09887 195 195 195 9 -2.35619 188 188 188 11 -2.35619 180 180 180 12 -2.97644 178 178 178 13 3.06482 179 179 179 14 2.9305 182 182 182 14 2.64765 189 189 189 15 2.53605 198 198 198 15 2.44685 208 208 208 12 2.35619 217 217 217 12 2.29744 226 226 226 9 1.78947 235 235 235 10 1.5708 245 245 245 5 1.3734 250 250 250 0 0 
249 249 249 9 -0.86217 242 242 242 16 -0.655696 232 232 232 22 -0.463648 222 222 222 28 -0.354706 212 212 212 36 -0.339293 200 200 200 43 -0.2783 188 188 188 48 -0.165149 180 180 180 53 -0.226799 168 168 168 62 -0.0483494 165 165 165 63 0 165 165 165 62 0.0644268 169 169 169 60 0.116142 176 176 176 56 0.176709 186 186 186 52 0.249587 199 199 199 46 0.218669 209 209 209 43 0.350728 224 224 224 22 0.502843 235 235 235 19 0.602287 246 246 246 10 0.588003 252 252 252 0 0 
255 255 255 0 0 255 255 255 0 0 252 252 252 0 0 249 249 249 0 0 246 246 246 0 0 242 242 242 0 0 236 236 236 0 0 232 232 232 0 0 230 230 230 0 0 228 228 228 0 0 227 227 227 0 0 229 229 229 0 0 232 232 232 0 0 237 237 237 0 0 244 244 244 0 0 250 250 250 0 0 244 244 244 0 0 251 251 251 0 0 255 255 255 0 0 255 255 255 0 0 
