255 246 255 2 0.785398 255 240 255 42 -3.11779 255 223 255 121 -2.91665 234 184 255 152 -2.93004 202 145 255 101 3.05272 211 155 255 124 2.89079 242 196 255 146 3.02568 255 227 255 94 -3.13095 255 243 255 2 3.14159 255 243 255 4 1.10715 255 227 255 86 -2.67276 227 170 255 153 -2.67503 158 82 255 79 -2.48055 109 22 242 23 -2.3259 93 1 232 13 1.2723 105 20 236 49 1.69264 150 84 255 95 2.26688 220 175 255 139 2.87219 255 234 255 68 3.11219 255 248 255 0 0 
255 235 255 54 -2.25132 220 187 255 133 -2.52657 145 95 213 79 -2.32965 85 27 176 16 1.50838 103 37 202 14 -2.25653 90 27 190 6 1.5708 98 39 183 69 1.6287 167 120 230 117 2.26011 255 227 255 134 3.11175 255 230 255 87 -2.11122 189 137 254 133 -2.30861 90 23 184 13 0.367174 95 16 214 2 -0.785398 94 5 228 3 1.5708 97 4 239 5 0.643501 99 11 235 12 -2.64225 91 17 207 3 0 89 32 177 103 1.54168 190 155 242 120 2.52134 255 235 255 0 0 
232 178 255 139 -2.14687 113 55 197 31 -2.33398 92 20 197 2 -0.785398 88 11 209 7 0.982794 96 14 220 2 -1.10715 92 12 219 2 1.5708 96 14 220 3 -2.55359 94 20 204 32 1.63322 126 65 209 99 1.92129 220 157 255 161 -2.30361 100 21 214 4 2.03444 104 17 234 18 -2.8023 98 10 230 5 -0.785398 96 3 232 7 1.2925 103 6 246 16 -2.35619 89 0 234 17 0.489957 97 7 234 2 3.14159 96 17 214 9 0.218669 96 34 188 134 1.63043 230 175 255 0 0 
157 83 255 84 -2.30624 93 16 207 2 2.67795 95 8 226 7 0 95 3 234 6 0.463648 98 6 237 8 -2.78282 95 2 237 1 -1.5708 94 0 240 10 -0.0996687 93 1 232 6 0 93 11 213 19 1.5708 112 30 232 20 -2.39066 100 5 240 14 -2.25653 89 0 236 21 0.785398 104 9 243 14 -2.70918 98 4 235 8 -0.950547 91 0 237 15 1.24905 106 6 255 15 -2.53605 99 0 246 11 1.5708 110 13 247 27 -2.56369 93 9 211 65 1.40315 156 80 255 0 0 
102 14 228 8 -1.81578 92 3 226 14 0.785398 104 7 247 9 -3.03094 103 4 250 14 -2.30861 92 0 239 6 0.896055 97 0 247 9 1.35213 106 4 255 11 -2.67795 101 1 250 8 -2.35619 95 1 232 4 1.10715 99 6 235 8 -1.21203 93 0 238 17 0.868539 106 4 253 13 -1.93797 93 0 228 12 1.24905 105 9 240 7 -1.8491 98 0 242 8 -0.358771 95 0 244 8 0.519146 102 0 254 15 -0.927295 90 0 236 26 0.812419 108 11 239 17 2.31622 121 27 245 0 0 
100 7 236 7 0.588003 104 9 244 15 -2.53605 95 0 244 6 -0.321751 95 0 244 9 0.321751 98 0 247 8 0.358771 103 0 250 3 -1.24905 100 0 249 1 -1.5708 99 0 245 4 0.463648 101 0 241 7 0.785398 106 5 245 4 3.14159 106 2 249 7 -2.7367 101 0 245 8 -2.62245 99 0 234 9 0.708626 103 6 240 3 1.89255 106 5 251 9 -2.72337 104 0 253 8 2.35619 113 1 255 17 -2.96692 110 0 255 13 -2.13753 97 0 232 16 0.655696 107 9 235 0 0 
108 16 235 50 -0.302885 93 0 226 11 1.10715 103 2 247 1 0.785398 106 1 252 7 2.86329 108 4 253 8 -2.62245 105 0 247 4 -1.5708 101 0 242 6 0.463648 104 1 242 3 2.1588 107 6 242 7 -2.55359 103 2 237 4 -0.785398 100 0 234 3 -1.5708 96 0 232 14 0.785398 107 6 242 6 -2.81984 104 2 244 5 -1.9513 99 0 245 2 -0.463648 99 0 247 8 -0.62025 96 0 240 13 0.528074 103 0 239 9 1.24905 110 14 235 16 -2.35619 97 6 216 0 0 
156 73 255 71 -0.944053 98 10 218 8 0.785398 104 6 244 11 -2.48055 99 0 245 3 0.588003 102 0 243 5 0.54042 105 2 243 4 2.67795 109 5 244 5 -1.9513 104 0 237 2 -0.463648 103 1 233 8 0.62025 108 6 238 9 -2.43297 102 0 232 8 1.05165 107 6 242 7 -2.1588 101 0 239 2 1.5708 103 0 244 4 -0.244979 101 0 247 5 0.927295 105 0 251 4 3.14159 106 1 248 2 -2.03444 104 4 236 6 -1.89255 97 7 214 30 1.47113 125 42 235 0 0 
196 129 255 108 -1.0414 102 27 203 11 -0.909753 95 0 230 9 0.558599 102 0 248 4 2.03444 107 4 245 6 -1.73594 101 0 236 4 2.03444 107 3 242 1 -2.35619 108 1 241 4 1.81578 112 7 242 11 -2.23184 101 0 234 5 1.03038 106 0 243 2 -0.463648 105 0 244 4 -0.463648 101 0 242 7 0.982794 107 3 248 8 -2.89661 104 2 244 8 -2.78282 101 0 241 3 1.24905 102 1 246 3 -2.1588 99 4 232 1 -1.5708 96 15 208 69 1.52735 163 91 255 0 0 
248 199 255 143 -1.44471 107 45 189 71 -0.112203 101 13 227 10 -2.63449 98 0 243 11 0.463648 105 5 241 9 -2.35619 99 0 233 5 1.5708 106 2 241 1 -2.35619 107 0 241 2 -1.5708 105 0 238 1 0.785398 106 0 240 9 0.418224 108 1 247 2 2.67795 109 2 249 9 -2.92292 105 2 244 6 -1.89255 99 0 237 6 -0.321751 96 0 234 11 0.54042 100 2 240 6 0 98 1 242 1 -2.35619 94 8 226 4 0.463648 96 27 194 123 1.31799 214 156 255 0 0 
255 230 255 89 -1.62692 175 128 238 116 -0.858439 89 12 203 34 0.41241 104 12 245 15 -2.26553 96 0 234 5 0 98 0 236 5 0.785398 105 1 238 4 0 105 1 240 2 -2.67795 106 0 241 9 1.68145 115 7 250 7 -1.8491 106 1 242 6 -1.24905 100 0 235 8 0.62025 103 1 240 2 1.10715 105 4 240 3 2.55359 106 6 242 4 2.67795 104 8 246 13 -2.61352 94 0 241 4 1.10715 94 17 222 29 1.77481 123 71 202 161 0.987939 255 219 255 0 0 
255 235 255 8 -1.10715 249 214 255 132 -1.47263 119 56 212 96 -0.295441 93 11 217 3 1.24905 99 7 234 2 -0.463648 100 2 240 4 2.03444 107 6 242 6 -1.24905 103 0 238 1 3.14159 105 0 242 9 1.0122 113 4 250 7 -2.7367 108 4 243 1 -1.5708 107 4 239 8 -0.124355 104 3 239 2 -1.5708 101 0 239 3 2.81984 100 2 240 6 -1.24905 92 0 231 11 0.661043 94 9 231 7 -2.55359 86 21 196 135 1.15332 209 173 255 69 0.764993 255 235 255 0 0 
255 245 255 1 0.785398 255 236 255 53 -1.64613 207 164 255 130 -1.15179 92 27 190 78 0.0512372 99 14 226 7 -2.44685 96 1 236 9 2.1294 108 7 246 10 -2.1588 100 0 239 7 0.982794 108 0 250 4 -1.10715 104 0 244 4 1.32582 108 4 241 7 1.2925 115 12 247 12 -2.35619 104 1 242 5 -2.11122 98 0 240 10 0.588003 102 1 246 1 1.5708 99 10 234 9 -2.1294 88 15 201 65 1.05924 141 92 220 152 0.89197 255 236 255 4 -2.67795 255 248 255 0 0 
253 250 255 5 -2.2143 251 241 255 5 0.785398 255 234 255 94 -1.5708 166 123 234 115 -0.766995 92 20 197 59 -0.067693 89 1 221 18 0.390607 102 2 238 3 2.81984 104 0 245 4 1.5708 108 3 250 8 -2.52134 105 0 244 5 1.3734 110 6 245 5 -0.785398 104 3 239 5 -2.49809 100 0 240 7 1.1659 105 5 247 3 -1.89255 100 4 242 12 -2.81984 94 12 215 29 1.33395 120 63 202 147 0.958408 237 204 255 29 0.690446 255 241 255 5 0.927295 255 255 255 0 0 
248 251 255 4 0.785398 253 254 255 3 3.14159 255 253 255 11 -1.66146 248 228 255 104 -1.46542 149 95 224 114 -0.41291 105 28 219 31 -0.421419 97 1 232 7 0.588003 103 0 248 5 -2.60117 101 0 239 5 0.54042 104 2 241 8 2.03444 112 7 254 13 -1.96559 100 0 242 4 1.5708 103 2 242 3 0.982794 104 8 239 16 -2.08994 88 0 217 23 0.694738 101 30 200 137 0.888128 207 166 251 83 0.785398 255 243 255 2 -2.67795 255 247 255 1 -0.785398 255 249 255 0 0 
251 255 251 3 -1.5708 250 255 245 2 1.5708 254 255 243 1 0.785398 255 250 255 12 -2.18152 250 218 255 122 -1.48901 132 73 217 119 -0.305879 99 17 219 44 -0.157769 94 1 230 8 1.05165 103 8 236 7 -2.1588 99 0 234 7 1.1659 106 1 252 9 -2.27942 97 0 245 10 0.643501 101 5 243 8 -2.19105 92 7 219 13 1.10715 104 31 207 112 0.841942 187 135 253 108 0.811366 255 239 255 2 -1.5708 255 250 255 2 0.785398 255 251 255 0 0 255 250 255 0 0 
255 255 244 3 -1.89255 252 255 244 4 0.785398 255 255 251 9 -2.27942 250 245 254 9 0.785398 255 244 255 18 -1.89255 242 210 255 107 -1.40259 138 82 225 129 -0.370492 93 20 206 57 -0.0175421 95 11 219 1 0.785398 96 6 233 2 -0.785398 94 0 245 8 0.950547 101 3 253 11 -2.48055 93 2 235 5 2.35619 95 22 208 109 0.8373 172 130 237 121 0.762147 255 233 255 5 0.785398 255 248 255 0 0 255 254 255 0 0 255 253 255 0 0 255 254 255 0 0 
255 255 247 6 2.97644 255 255 248 6 -1.5708 251 250 246 6 1.24905 255 255 255 6 -1.5708 251 247 253 8 0.785398 255 243 255 5 -2.49809 255 222 255 111 -1.54378 148 97 225 122 -0.485622 93 27 192 93 0.0215021 97 18 216 1 0.785398 98 8 238 14 -2.64765 89 2 230 13 -0.152649 85 12 204 117 0.761306 164 112 249 135 0.790634 255 236 255 1 3.14159 255 250 255 1 3.14159 255 254 255 0 0 255 255 255 0 0 255 255 255 0 0 255 255 255 0 0 
250 245 254 9 0.785398 255 255 255 5 -2.2143 251 255 244 5 0.785398 255 255 248 5 3.14159 255 254 255 4 -1.81578 253 246 255 5 0.785398 255 245 255 13 -2.67795 255 229 255 72 -1.48766 186 142 243 119 -0.856706 96 37 182 124 -0.104457 83 7 202 45 0.433953 102 30 214 107 0.712679 170 122 240 129 0.779934 255 232 255 1 3.14159 255 246 255 1 0 255 254 254 1 1.5708 255 255 255 0 0 255 255 255 0 0 255 255 255 0 0 255 255 255 0 0 
255 249 255 0 0 254 250 255 0 0 255 255 245 0 0 250 255 239 0 0 255 254 254 0 0 255 253 255 0 0 248 243 242 0 0 255 248 255 0 0 255 230 255 0 0 220 169 255 0 0 124 54 231 0 0 181 118 255 0 0 255 227 255 0 0 255 244 255 0 0 255 253 255 0 0 255 255 251 0 0 255 255 254 0 0 255 255 255 0 0 255 255 255 0 0 255 255 255 0 0 
