255 255 248 14 -1.78189 246 238 245 11 0.179853 239 229 255 15 3.00904 234 225 255 122 -2.91848 202 195 255 89 -2.99655 191 181 255 75 2.92865 214 198 255 93 2.92525 239 223 255 82 3.03227 255 238 255 8 2.52134 255 249 255 10 -2.9442 255 249 255 10 -1.3734 241 236 255 7 -2.55359 232 223 255 110 -2.89442 200 189 255 77 -3.01245 190 174 255 71 2.77142 214 203 255 100 3.0025 231 226 255 91 2.9997 244 248 255 15 -2.88099 244 251 254 5 2.2143 248 255 249 0 0 
255 249 255 9 3.14159 254 245 255 33 -2.33492 221 209 255 150 -2.39842 110 101 181 24 0.124355 110 100 193 15 0.132552 113 101 197 22 -0.0454233 119 102 189 35 0.967047 154 136 205 86 1.81578 243 228 255 48 3.09995 247 235 255 10 1.76819 253 247 255 27 -2.43297 232 224 255 140 -2.29566 120 111 178 5 0.643501 119 107 195 6 0 117 103 204 15 -0.463648 112 99 191 33 0.743756 139 130 197 89 1.63811 229 228 255 108 3.06765 239 245 255 7 0.141897 242 250 250 0 0 
241 233 255 14 -1.6421 222 213 255 138 -2.19693 101 89 177 43 0.849825 127 114 229 8 -2.35619 117 103 234 9 1.35213 126 112 243 12 -2.89661 131 113 230 14 -2.1588 124 108 202 57 1.53572 186 173 241 80 2.50552 236 225 255 9 -1.68145 223 216 255 90 -1.71425 130 121 194 19 -2.72337 117 103 208 17 0.286051 118 103 225 12 0.674741 124 110 236 13 2.84309 132 116 234 15 -2.58994 129 114 212 13 -1.344 121 109 181 123 1.53829 246 243 255 61 3.14159 248 249 255 0 0 
235 226 255 94 -1.67678 136 125 197 16 -3.01724 123 112 222 2 -1.10715 114 102 238 9 2.92292 112 99 251 5 -1.5708 107 94 246 8 0.124355 115 99 236 2 -1.5708 119 104 219 12 -0.896055 114 102 190 112 1.52618 228 218 255 28 -2.30624 203 195 255 98 -1.82812 105 95 195 27 1.38769 126 112 243 5 -2.76109 123 106 251 18 -2.1588 106 91 236 13 0.298499 113 97 234 10 0.851966 130 108 234 12 -1.81578 124 104 203 58 1.41685 185 175 235 62 2.20787 235 232 255 0 0 
220 211 255 101 -1.73919 114 105 191 15 1.3734 120 109 231 12 -1.65394 101 90 236 19 0.602287 109 97 255 4 0.785398 112 100 255 10 -2.42276 110 97 243 6 2.03444 121 108 236 13 -1.64757 114 103 207 88 1.46888 204 193 255 46 -2.52384 173 165 255 85 -2.27305 104 95 212 25 0.7299 118 103 248 9 -2.27942 109 92 249 12 0.726642 117 102 254 7 -2.86329 119 100 249 5 -2.76109 126 98 245 5 3.14159 131 106 228 12 1.24905 146 133 207 86 1.82695 230 225 255 0 0 
201 190 255 80 -1.64566 116 105 201 12 1.07145 118 107 234 10 2.63449 116 105 255 3 -2.55359 110 100 255 15 -2.58994 102 92 252 6 -0.321751 105 92 244 14 0.588003 119 104 242 7 -2.7367 121 106 228 41 1.5708 162 149 255 65 -2.40991 116 104 224 9 1.46014 122 109 241 8 -1.81578 110 95 247 8 1.44644 118 100 255 16 -2.62245 110 93 250 15 0 114 93 249 2 -0.785398 117 90 247 12 0.844154 131 107 239 16 -2.14213 121 110 190 104 1.56118 227 222 255 0 0 
197 180 255 68 -1.41042 125 108 213 10 -2.76109 112 96 227 14 0.832981 116 102 250 14 -2.1588 101 89 243 17 0.702257 112 99 255 4 1.5708 119 104 255 17 -2.43934 113 93 242 12 0.321751 121 99 241 8 -1.69515 113 93 230 11 0.54042 117 100 235 7 0.876058 120 104 245 6 -2.24554 113 95 250 7 -1.4289 106 86 245 24 1.05165 129 107 255 21 -2.48875 117 94 252 4 1.81578 123 99 255 10 -2.28963 119 99 228 5 -0.785398 120 112 189 103 1.44525 225 224 255 0 0 
211 192 255 90 -1.40383 117 99 200 17 1.15839 124 106 235 11 -2.48055 110 95 240 10 0.982794 115 103 251 4 -2.67795 113 100 252 9 -1.5708 108 90 243 14 1.2925 125 104 255 10 -2.1588 120 94 248 3 2.1588 123 98 248 7 0.141897 122 101 247 5 -2.60117 116 99 244 3 3.14159 116 96 249 7 0.588003 120 99 255 8 -1.92957 113 89 249 3 1.24905 118 93 251 4 -0.463648 116 93 245 5 0.54042 121 106 228 7 2.35619 131 127 198 93 1.31019 223 226 255 0 0 
228 213 255 98 -1.42746 126 110 197 13 0 119 99 222 14 0.588003 119 101 244 2 -2.67795 113 100 246 2 1.10715 115 100 251 5 -1.76819 114 95 246 9 0.418224 119 98 251 7 -2.35619 118 90 249 15 0.927295 128 104 255 13 -2.13753 115 96 243 1 -2.35619 113 97 239 9 1.15257 122 104 251 8 -2.52134 118 97 249 5 -0.927295 116 91 249 6 1.24905 124 97 254 1 -1.5708 121 100 246 8 -1.05165 116 103 219 35 1.85685 154 154 218 84 0.962994 224 232 255 0 0 
242 234 255 98 -1.65225 139 129 199 70 -0.0142847 131 114 229 17 -2.78282 117 101 239 2 2.35619 114 100 248 0 0 114 99 250 6 2.24554 121 104 255 17 -2.52134 114 93 246 16 0.571337 123 99 255 5 -2.35619 119 96 254 6 -2.24554 113 94 243 13 0.298499 115 100 245 8 -2.89661 113 98 243 5 1.03038 120 101 250 5 -1.5708 118 94 250 5 0.927295 124 99 251 5 2.60117 127 106 245 25 -2.1588 108 96 202 92 1.54906 203 204 255 33 0.849141 230 237 255 0 0 
232 236 255 24 -0.96007 209 206 255 90 -1.29098 115 102 204 8 1.21203 115 99 236 6 2.46685 114 99 250 4 -1.10715 108 94 250 11 -0.463648 105 90 242 18 1.24905 125 107 255 15 -2.53605 116 98 253 4 -1.81578 110 95 247 12 1.40565 120 108 255 22 -2.29378 103 92 238 16 0.571337 112 100 248 3 0.588003 118 101 252 7 -2.86329 119 98 251 5 -2.35619 119 96 242 9 -0.708626 115 95 224 6 -0.896055 113 100 198 128 1.05165 227 228 255 11 1.30454 240 246 255 0 0 
248 254 255 9 -1.5708 234 236 255 109 -1.64406 118 109 199 81 0 110 97 225 11 1.30454 116 103 249 7 2.55359 118 104 255 15 -2.53605 111 95 250 2 -0.463648 110 94 249 5 0.643501 113 97 252 2 -2.67795 110 97 249 6 -0.896055 104 92 244 13 1.04272 114 105 255 14 -2.9997 114 102 255 8 -1.81578 109 94 246 3 0.321751 115 95 244 8 0.950547 128 106 242 12 -2.29744 122 104 217 55 1.6434 181 169 251 65 0.893669 235 233 255 7 0.588003 239 244 255 0 0 
250 255 255 17 -1.5708 229 230 255 25 -0.927295 202 195 255 81 -1.26063 117 105 217 34 0.0587558 114 99 237 10 -2.85014 107 92 244 7 0.876058 115 96 253 2 0.463648 116 96 255 3 -2.1588 111 93 252 5 1.03038 114 99 255 3 -2.55359 109 98 255 9 -1.89255 100 88 248 18 0.558599 112 96 255 12 -2.89661 114 94 253 7 2.7367 122 102 245 14 -0.432408 122 103 222 14 -2.79857 124 107 198 129 0.883979 229 217 255 24 0.699893 245 244 255 3 2.1588 250 252 255 0 0 
255 255 255 4 -2.67795 248 248 255 10 -1.3734 231 226 255 69 -1.51289 155 148 233 80 -0.546789 107 97 211 21 0.588003 116 102 238 5 2.60117 120 99 251 5 -0.54042 116 95 252 3 0.588003 116 98 253 2 -0.463648 113 96 253 3 -2.55359 108 94 252 10 1.67046 118 103 255 18 -1.78947 103 83 249 9 0.218669 109 89 242 33 0.764125 139 120 247 59 -2.55822 113 95 194 121 0.849637 211 197 255 50 0.827627 253 243 255 9 -2.58299 248 247 255 6 2.97644 249 252 250 0 0 
255 252 247 4 1.10715 255 253 255 8 -1.92957 242 239 255 8 -0.463648 231 228 255 93 -1.49567 131 127 203 90 -0.121619 116 106 212 18 0.785398 131 110 243 19 -2.88427 124 100 248 1 2.35619 123 101 249 7 -2.26553 114 95 244 3 0 112 95 246 8 0.950547 117 102 254 7 -2.44685 116 95 251 17 1.51204 136 118 255 64 -2.22364 92 78 180 137 0.78027 196 185 253 57 0.909753 250 241 255 7 -2.44685 251 243 253 8 -0.358771 248 246 238 14 0.785398 255 255 243 0 0 
255 253 250 2 -0.463648 255 251 252 3 0.982794 251 253 255 5 -1.76819 241 243 255 10 -1.47113 228 226 255 89 -1.41303 136 129 204 85 -0.225038 117 99 206 46 0.281232 128 104 234 13 -2.91479 122 99 237 2 1.10715 122 99 243 6 2.81984 122 101 247 4 -1.32582 118 99 240 2 2.35619 124 103 235 26 -2.08525 104 88 195 127 0.740983 196 186 255 48 0.785398 235 230 255 13 0.298499 246 242 254 12 0.844154 255 255 252 1 -2.35619 255 255 244 1 0.785398 255 255 242 0 0 
255 254 255 4 -2.89661 254 253 255 1 3.14159 252 252 255 3 -1.24905 247 247 255 3 1.5708 247 247 255 19 -1.51821 226 222 255 60 -1.23334 167 154 228 71 -0.68573 121 100 202 84 0.130211 130 102 232 5 -2.11122 123 93 236 9 1.35213 130 103 243 13 -2.61352 123 102 225 16 -0.571337 118 103 195 130 0.69866 205 197 255 38 0.748378 235 233 255 18 0.785398 251 253 255 3 -2.81984 254 253 255 0 0 255 254 253 1 1.5708 255 255 252 0 0 255 255 251 0 0 
249 251 252 2 1.5708 251 253 254 2 1.10715 253 255 255 4 -1.5708 249 250 254 4 1.81578 253 253 255 4 3.14159 250 250 255 22 -1.66146 226 220 255 21 -0.851966 208 195 255 82 -1.16115 130 109 208 100 0 129 104 218 6 -2.24554 122 100 212 58 0.33262 143 125 218 117 0.713235 223 213 255 25 0.480887 237 235 255 15 0.785398 251 254 255 7 -2.7367 250 254 249 2 0.785398 254 255 253 0 0 254 254 254 1 1.5708 255 255 255 0 0 255 255 255 0 0 
251 254 245 3 1.5708 254 255 248 2 2.67795 255 255 251 5 -1.5708 248 252 246 3 0.321751 249 254 245 3 0.588003 249 254 252 6 -1.5708 242 245 253 3 1.5708 241 243 255 9 -1.46014 230 227 255 104 -1.48447 125 119 176 126 0.442374 179 173 230 70 0.855988 232 230 255 15 0.785398 246 247 255 7 3.14159 248 251 255 7 -1.8491 244 247 252 9 0.708626 252 254 254 2 3.14159 254 254 254 0 0 254 254 254 1 1.5708 255 255 255 0 0 255 255 255 0 0 
251 255 241 0 0 252 255 244 0 0 255 255 248 0 0 253 255 246 0 0 252 255 244 0 0 249 255 243 0 0 242 250 243 0 0 242 251 254 0 0 239 245 255 0 0 239 243 255 0 0 225 229 255 0 0 244 248 255 0 0 239 245 255 0 0 248 252 255 0 0 251 254 255 0 0 250 252 253 0 0 254 253 255 0 0 254 254 254 0 0 255 255 255 0 0 255 255 255 0 0 
