254 254 254 1 1.5708 255 255 255 4 -1.5708 251 251 251 5 0.785398 255 255 255 3 -1.5708 252 252 252 4 0.785398 255 255 255 8 -2.67795 251 251 251 5 0.785398 255 255 255 2 -1.5708 253 253 253 2 2.03444 255 255 255 4 -1.5708 251 251 251 3 0.321751 252 252 252 4 0.785398 255 255 255 1 3.14159 255 255 255 7 -1.97569 248 248 248 9 0.785398 255 255 255 3 3.14159 255 255 255 3 -1.89255 252 252 252 3 1.89255 255 255 255 2 -2.35619 253 253 253 0 0 
254 254 254 6 2.97644 255 255 255 0 0 255 255 255 7 3.14159 255 255 255 2 3.14159 255 255 255 8 -2.03444 247 247 247 11 0.785398 255 255 255 0 0 255 255 255 5 -2.60117 252 252 252 4 0.785398 255 255 255 5 -2.9442 254 254 254 1 0.785398 255 255 255 9 -3.03094 254 254 254 2 -2.35619 252 252 252 4 0.785398 255 255 255 3 -1.5708 252 252 252 3 0.588003 254 254 254 3 -1.24905 251 251 251 2 1.10715 253 253 253 2 0.785398 255 255 255 0 0 
248 248 248 9 0.785398 255 255 255 7 -1.5708 248 248 248 27 2.95848 253 253 253 52 -3.10315 251 251 251 50 3.06176 255 255 255 49 3.14159 255 255 255 52 -3.04573 250 250 250 17 2.85554 255 255 255 7 -2.44685 250 250 250 7 0.785398 255 255 255 10 -2.1588 246 246 246 10 0.588003 252 252 252 40 3.06673 255 255 255 56 3.14159 255 255 255 53 3.14159 255 255 255 53 3.14159 255 255 255 56 -3.08807 252 252 252 28 3.03486 255 255 255 8 -1.81578 247 247 247 0 0 
255 255 255 0 0 255 255 255 65 -2.59594 221 221 221 25 -0.927295 201 201 201 50 0 201 201 201 54 0.0923293 206 206 206 46 -0.0651252 203 203 203 54 0.588003 233 233 233 22 2.35619 249 249 249 21 2.86329 255 255 255 7 -2.26553 249 249 249 8 0.785398 255 255 255 70 -2.48676 212 212 212 34 -0.385883 199 199 199 52 0.0576284 202 202 202 53 0 202 202 202 53 -0.0565434 199 199 199 57 0.448145 224 224 224 31 1.14938 253 253 253 47 3.09907 255 255 255 0 0 
255 255 255 59 -1.91382 199 199 199 47 0.906022 236 236 236 24 0.668289 251 251 251 6 2.46685 255 255 255 3 -1.89255 252 252 252 4 -1.10715 248 248 248 31 -1.34871 217 217 217 39 0.281772 228 228 228 35 2.47562 250 250 250 7 0.785398 255 255 255 58 -1.8491 199 199 199 50 1.11608 244 244 244 11 0.661043 251 251 251 5 0.785398 255 255 255 3 3.14159 255 255 255 5 -2.2143 251 251 251 14 -1.2925 237 237 237 32 -1.25875 206 206 206 45 1.21458 249 249 249 0 0 
235 235 235 25 -2.8578 228 228 228 34 0.887087 255 255 255 9 -1.5708 246 246 246 12 0.726642 254 254 254 6 3.14159 254 254 254 1 0.785398 255 255 255 2 3.14159 255 255 255 55 -1.69739 200 200 200 77 0.785398 255 255 255 62 -2.88099 239 239 239 34 -2.60117 221 221 221 46 0.755104 253 253 253 2 0.785398 255 255 255 3 -1.5708 252 252 252 3 0 252 252 252 4 0.785398 255 255 255 8 -1.81578 247 247 247 25 -1.29779 222 222 222 36 0.708626 246 246 246 0 0 
211 211 211 39 1.41815 250 250 250 6 0.896055 255 255 255 6 3.14159 255 255 255 7 -1.5708 248 248 248 8 1.05165 255 255 255 7 -2.86329 253 253 253 5 -1.19029 248 248 248 9 0.785398 255 255 255 60 -1.5708 195 195 195 21 0.71883 209 209 209 46 1.5708 255 255 255 1 3.14159 255 255 255 5 3.14159 255 255 255 3 3.14159 255 255 255 0 0 255 255 255 2 -2.35619 253 253 253 2 0.463648 254 254 254 5 -2.2143 250 250 250 37 -1.48989 213 213 213 0 0 
217 217 217 37 1.73156 254 254 254 5 -1.3734 249 249 249 6 1.89255 255 255 255 4 -2.35619 252 252 252 5 -0.927295 248 248 248 7 1.2925 255 255 255 0 0 255 255 255 4 3.14159 255 255 255 44 -1.5708 211 211 211 20 -0.0996687 209 209 209 54 0.982794 254 254 254 4 -1.5708 250 250 250 5 0.380506 252 252 252 4 0.785398 255 255 255 4 -2.67795 253 253 253 2 0.785398 255 255 255 5 -2.35619 251 251 251 2 2.03444 253 253 253 39 -1.51956 214 214 214 0 0 
211 211 211 44 1.45765 255 255 255 11 -2.35619 247 247 247 9 0.558599 252 252 252 4 0.785398 255 255 255 6 -2.24554 250 250 250 5 1.03038 255 255 255 8 -2.67795 251 251 251 5 0.785398 255 255 255 24 -1.5708 231 231 231 20 0.398522 239 239 239 21 0.753151 254 254 254 1 1.5708 255 255 255 5 3.14159 255 255 255 4 -1.5708 251 251 251 5 0.785398 255 255 255 4 -1.5708 251 251 251 4 -0.244979 250 250 250 5 1.03038 255 255 255 41 -1.69215 214 214 214 0 0 
216 216 216 31 1.5708 247 247 247 11 0.785398 255 255 255 0 0 255 255 255 4 -2.03444 251 251 251 2 0.785398 253 253 253 6 -1.24905 247 247 247 10 0.851966 255 255 255 1 3.14159 255 255 255 5 -1.9513 250 250 250 5 1.19029 255 255 255 1 -1.5708 254 254 254 4 -1.5708 250 250 250 5 1.3734 255 255 255 3 3.14159 255 255 255 4 3.14159 255 255 255 0 0 255 255 255 2 -1.5708 253 253 253 5 -2.60117 250 250 250 31 -1.41088 219 219 219 0 0 
216 216 216 41 1.24905 255 255 255 21 3.14159 255 255 255 2 -2.35619 253 253 253 0 0 253 253 253 2 1.10715 255 255 255 1 -1.5708 254 254 254 1 0 254 254 254 3 -2.81984 253 253 253 2 -0.463648 252 252 252 3 1.24905 255 255 255 3 -2.81984 254 254 254 3 -1.24905 251 251 251 4 0.244979 252 252 252 3 -0.321751 251 251 251 4 1.5708 255 255 255 0 0 255 255 255 8 -2.08994 248 248 248 8 0.950547 255 255 255 42 -2.0032 216 216 216 0 0 
229 229 229 26 0.189988 234 234 234 48 2.74208 253 253 253 2 0 253 253 253 6 2.97644 254 254 254 1 0.785398 255 255 255 5 3.14159 255 255 255 8 -2.62245 251 251 251 5 0.785398 255 255 255 2 -2.03444 253 253 253 2 -0.463648 252 252 252 3 0.982794 255 255 255 4 3.14159 255 255 255 1 3.14159 255 255 255 4 -1.5708 251 251 251 5 0.785398 255 255 255 5 -2.2143 251 251 251 2 0.785398 253 253 253 16 -1.44644 237 237 237 46 -2.86036 224 224 224 0 0 
255 255 255 66 -1.63133 189 189 189 88 0.84134 255 255 255 57 -3.00215 247 247 247 11 0.785398 255 255 255 5 -1.5708 250 250 250 2 -0.785398 248 248 248 9 0.785398 255 255 255 1 -2.35619 254 254 254 2 2.67795 255 255 255 1 -2.35619 254 254 254 4 -2.35619 251 251 251 3 1.24905 254 254 254 3 2.81984 255 255 255 4 3.14159 255 255 255 3 -1.5708 252 252 252 3 0.321751 253 253 253 2 0.785398 255 255 255 89 -2.35619 192 192 192 85 0.810186 254 254 254 0 0 
251 251 251 5 -0.643501 248 248 248 50 -1.4317 198 198 198 66 1.02012 255 255 255 42 3.14159 255 255 255 3 -2.1588 252 252 252 4 0.785398 255 255 255 1 -2.35619 254 254 254 2 -2.03444 252 252 252 3 0.588003 254 254 254 3 -1.89255 251 251 251 1 0.785398 252 252 252 3 -0.321751 251 251 251 4 0 251 251 251 4 1.32582 255 255 255 0 0 255 255 255 6 3.14159 255 255 255 75 -2.1588 192 192 192 76 0.877728 251 251 251 5 2.35619 255 255 255 0 0 
255 255 255 0 0 255 255 255 22 -1.66146 233 233 233 29 -0.761013 213 213 213 42 1.25656 253 253 253 41 3.09285 255 255 255 4 -2.89661 254 254 254 1 -1.5708 253 253 253 2 0.785398 255 255 255 3 -2.55359 253 253 253 2 -0.463648 252 252 252 4 0.785398 255 255 255 1 3.14159 255 255 255 5 -2.49809 252 252 252 4 0.785398 255 255 255 7 -2.1588 249 249 249 48 -2.29744 213 213 213 31 1.10715 241 241 241 8 0.785398 247 247 247 11 0.785398 255 255 255 0 0 
255 255 255 2 -1.5708 253 253 253 1 2.35619 254 254 254 28 -1.5351 226 226 226 32 -0.44976 212 212 212 42 1.13839 251 251 251 53 3.08505 254 254 254 1 0.785398 255 255 255 3 -2.1588 252 252 252 4 0.785398 255 255 255 0 0 255 255 255 1 -1.5708 254 254 254 3 -1.5708 251 251 251 4 1.32582 255 255 255 4 -1.5708 251 251 251 66 -2.60376 217 217 217 19 0.531724 227 227 227 34 0.62025 247 247 247 11 0.785398 255 255 255 0 0 255 255 255 0 0 
255 255 255 3 -1.5708 252 252 252 3 2.1588 255 255 255 7 3.14159 255 255 255 25 -1.5708 230 230 230 40 -0.907593 198 198 198 80 0.785398 255 255 255 78 -3.11596 253 253 253 2 1.5708 255 255 255 3 3.14159 255 255 255 1 3.14159 255 255 255 8 -3.01724 254 254 254 2 -1.10715 252 252 252 3 0.982794 255 255 255 97 -2.46525 194 194 194 70 0.603749 234 234 234 29 0.785398 255 255 255 0 0 255 255 255 0 0 255 255 255 0 0 255 255 255 0 0 
255 255 255 6 -2.24554 250 250 250 5 -0.380506 248 248 248 9 0.785398 255 255 255 2 3.14159 255 255 255 3 3.14159 255 255 255 78 -1.60924 177 177 177 108 0.772412 253 253 253 47 -3.12032 252 252 252 47 3.09907 254 254 254 7 -1.4289 247 247 247 11 0.785398 255 255 255 54 -3.12308 254 254 254 85 -2.08128 179 179 179 105 0.765267 252 252 252 3 1.24905 255 255 255 3 3.14159 255 255 255 0 0 255 255 255 0 0 255 255 255 0 0 255 255 255 0 0 
251 251 251 5 0.785398 255 255 255 4 3.14159 255 255 255 2 -2.03444 253 253 253 4 -2.89661 252 252 252 3 0 252 252 252 5 2.49809 255 255 255 49 -1.5708 206 206 206 43 -0.0232516 205 205 205 66 0.849141 255 255 255 57 3.14159 255 255 255 79 -2.40041 201 201 201 53 0.208465 212 212 212 58 0.821527 255 255 255 2 -2.35619 253 253 253 2 -0.463648 252 252 252 3 0.982794 255 255 255 0 0 255 255 255 0 0 255 255 255 0 0 255 255 255 0 0 
255 255 255 0 0 251 251 251 0 0 254 254 254 0 0 249 249 249 0 0 255 255 255 0 0 248 248 248 0 0 255 255 255 0 0 249 249 249 0 0 249 249 249 0 0 198 198 198 0 0 196 196 196 0 0 253 253 253 0 0 252 252 252 0 0 253 253 253 0 0 255 255 255 0 0 254 254 254 0 0 255 255 255 0 0 255 255 255 0 0 255 255 255 0 0 255 255 255 0 0 
