255 250 255 3 -2.55359 255 249 255 2 0.785398 255 252 255 4 -2.03444 249 250 254 4 1.10715 253 255 255 2 -1.5708 249 254 253 2 0 251 252 255 4 2.67795 255 252 255 4 -2.35619 254 247 255 4 0.785398 255 251 255 1 3.14159 255 255 252 6 -2.46685 255 255 243 5 0.785398 253 255 245 0 0 250 255 249 7 3.14159 246 255 255 1 -1.5708 245 253 255 1 0 252 255 253 1 0 254 255 251 4 2.89661 255 255 255 4 3.14159 255 254 255 0 0 
255 249 255 3 1.24905 255 253 255 2 -1.5708 255 251 255 2 3.14159 251 251 255 4 2.67795 248 254 255 0 0 246 252 255 16 -2.76109 240 241 255 52 3.08396 245 242 255 93 3.10935 253 246 255 45 -3.11937 254 248 255 6 -2.46685 252 250 250 7 0.785398 253 255 252 0 0 248 254 255 14 -2.64765 237 244 255 43 2.98022 243 248 255 106 3.14159 244 249 255 32 3.14159 251 254 255 5 -1.5708 250 250 250 5 0.197396 251 250 252 4 1.32582 255 254 255 0 0 
251 255 247 2 0.785398 255 255 252 8 -2.62245 253 251 251 4 -0.463648 245 247 255 8 0.785398 241 251 255 34 -2.69093 219 230 255 107 -2.72811 172 175 250 99 -2.74989 138 135 214 83 2.4837 201 193 246 113 2.79207 244 240 255 25 2.90605 248 253 255 2 3.14159 243 252 255 37 -2.78596 221 229 255 109 -2.79672 182 187 250 124 -2.67435 130 129 195 92 2.20996 209 207 255 128 2.88904 250 248 255 24 3.14159 253 253 255 3 -1.5708 250 251 255 4 0.785398 253 254 255 0 0 
251 255 248 7 -1.5708 244 251 244 7 1.4289 255 254 255 0 0 248 248 255 36 -2.12065 201 208 255 110 -2.30496 108 115 208 78 -2.64938 66 66 196 36 -2.8023 58 53 184 11 2.11122 82 74 169 123 1.78245 208 204 255 88 2.80917 235 241 255 33 -1.63133 197 205 255 117 -2.38029 105 112 205 85 -2.58917 59 60 174 36 3.14159 64 59 174 25 2.9442 78 72 161 136 1.82998 222 218 255 60 2.73014 253 251 255 1 3.14159 253 252 255 0 0 253 254 255 0 0 
250 255 252 7 -2.1588 244 250 249 8 0.785398 250 252 255 19 -1.67567 220 221 255 98 -2.08869 116 112 238 94 -2.19105 25 21 194 8 -0.244979 18 14 203 21 0.851966 36 32 215 12 -2.18152 40 29 185 63 1.61838 110 101 228 111 1.69626 221 220 255 135 -2.11375 100 103 211 91 -2.28654 20 23 168 12 -0.726642 10 8 174 24 0.463648 28 18 185 9 -0.558599 34 23 157 112 1.5351 164 156 219 90 2.10364 250 247 255 5 2.9442 251 252 255 3 -1.5708 248 251 255 0 0 
247 252 250 4 1.5708 250 254 255 2 -1.5708 242 247 255 66 -1.66146 164 164 240 97 -1.90553 52 44 211 16 -2.14213 24 16 231 4 2.03444 21 19 239 5 -1.9513 18 16 229 6 -1.24905 23 15 210 52 1.39942 82 72 248 65 2.13753 137 135 255 143 -2.30673 29 28 184 7 0 22 20 203 8 0.62025 25 21 216 10 -2.85014 26 18 213 12 -2.35619 29 21 176 62 1.65127 114 106 183 120 1.71269 244 239 255 6 1.73594 251 251 255 6 -1.5708 245 248 252 0 0 
253 251 251 5 0.785398 250 251 255 8 -1.5708 231 235 255 92 -1.61425 123 126 224 80 -2.10694 38 30 214 7 -1.8491 17 11 236 4 1.5708 14 17 239 6 -0.165149 11 18 235 3 2.81984 19 18 234 8 1.21203 31 28 238 15 -2.7367 28 24 227 5 -2.49809 27 22 221 6 3.14159 25 22 222 20 -2.52693 12 10 210 12 -0.165149 10 9 205 6 -0.896055 17 16 174 50 1.47113 94 88 170 135 1.60042 241 237 255 8 2.08994 250 250 255 3 -1.5708 247 251 255 0 0 
255 255 254 4 3.14159 251 250 255 12 -1.5708 225 229 255 129 -1.5708 80 82 190 33 -2.00742 34 27 216 5 -1.03038 15 11 236 10 1.76819 18 25 242 10 -1.67046 5 16 230 7 1.1659 15 20 242 9 -1.68145 8 11 233 7 0.588003 17 14 237 5 -1.3734 16 11 227 11 -1.5708 7 3 209 19 1.03907 22 23 221 12 -2.18152 12 14 209 5 -2.35619 20 21 179 41 1.54641 88 83 168 135 1.54858 237 232 255 14 0.885067 250 250 255 1 -1.5708 249 253 255 0 0 
255 253 245 5 0.785398 253 252 255 12 -1.89255 227 229 255 143 -1.48708 68 68 174 37 -0.355636 39 30 217 14 -2.35619 17 10 231 11 1.39094 17 27 235 11 -2.60117 8 23 226 3 0.982794 12 23 234 8 -2.89661 12 20 233 4 -2.89661 16 18 233 7 -2.1588 14 13 223 3 -2.81984 15 16 214 2 3.14159 17 19 208 7 -1.2925 10 12 201 1 1.5708 23 23 177 43 1.52432 93 86 171 145 1.31417 246 241 255 2 1.5708 250 250 255 3 3.14159 250 255 255 0 0 
255 255 249 4 -1.5708 249 249 255 5 0.785398 244 244 255 120 -1.60412 110 107 199 88 -0.713522 34 22 200 2 2.35619 22 14 228 6 -0.165149 11 18 221 10 0.588003 11 25 227 11 -2.48055 6 16 224 6 0.321751 12 16 228 2 -2.67795 12 16 225 5 -1.5708 11 13 215 9 0 13 17 206 6 2.46685 20 23 205 10 -2.1588 17 14 193 5 0.643501 32 27 172 79 1.40565 131 125 202 118 1.07685 246 242 255 2 -0.463648 247 248 255 1 0.785398 248 253 255 0 0 
253 255 251 0 0 253 255 255 7 -2.55359 247 247 255 49 -1.48934 188 180 250 137 -1.18217 41 25 186 83 0.119904 35 22 228 10 2.9442 25 26 230 16 -2.35619 8 14 221 10 0.927295 21 19 233 9 -2.43297 17 13 226 1 0.785398 20 17 221 9 2.72337 24 24 218 15 -2.03444 10 13 198 5 0.643501 18 19 193 7 2.9997 31 23 184 18 0.708626 56 45 171 146 0.975204 193 185 250 65 0.872136 250 247 255 2 -1.5708 249 250 255 2 0.463648 250 254 255 0 0 
251 255 251 6 -1.5708 245 251 246 6 1.40565 255 254 255 1 -1.5708 247 240 255 96 -1.56038 133 121 239 120 -0.761873 34 24 190 82 0 20 21 203 11 0.54042 23 22 220 10 -2.63449 23 12 222 2 0.785398 27 14 224 10 -2.1588 16 8 209 7 0.876058 20 19 205 3 -1.5708 17 21 193 10 -2.2143 18 19 169 38 0.617191 56 48 173 111 0.798056 148 138 228 113 0.791609 238 233 255 11 0.785398 251 250 255 1 3.14159 251 254 255 0 0 251 255 255 0 0 
250 255 252 5 -2.11122 246 252 247 7 0.785398 255 255 254 7 3.14159 255 249 255 10 -1.9513 231 229 255 88 -1.45765 129 130 221 120 -0.643501 42 44 182 92 -0.140375 24 21 191 22 0.266252 34 19 211 8 -2.35619 28 9 212 3 2.55359 26 13 211 2 0.463648 27 20 201 10 -2.07789 18 22 170 42 0.752077 58 63 172 111 0.670522 145 144 212 118 0.767436 237 234 255 12 0.785398 250 249 255 1 -1.5708 252 251 255 3 2.81984 253 255 255 1 -1.5708 252 255 253 0 0 
247 254 251 3 0.982794 253 255 252 7 -1.71269 253 248 245 7 0.404892 255 250 251 5 0.785398 248 251 255 2 -1.5708 235 241 255 76 -1.61025 145 152 237 113 -0.822881 55 57 182 96 -0.229904 33 22 186 14 -0.211093 28 12 197 8 0.950547 32 18 206 12 -2.64225 27 20 185 33 0.957589 58 63 178 124 0.75132 154 162 232 96 0.763504 237 241 255 8 0.785398 251 253 255 1 3.14159 253 255 255 4 -2.03444 249 251 251 5 0.927295 253 255 254 2 -2.35619 251 254 252 0 0 
250 254 255 0 0 252 254 254 1 1.5708 255 255 252 0 0 255 255 252 4 3.14159 255 255 255 6 -2.24554 241 247 255 6 0.674741 235 247 255 66 -1.55565 160 170 234 120 -1.00343 51 49 172 87 -0.137066 33 27 182 10 -2.07789 22 14 181 28 0.982794 50 47 187 131 0.849825 158 166 243 90 0.785398 233 244 255 3 1.5708 250 252 255 1 -1.5708 254 255 251 1 -2.35619 253 255 247 1 0.785398 254 255 248 1 -0.785398 253 254 250 2 2.03444 255 255 254 0 0 
252 254 255 1 0 252 254 254 1 0.785398 255 255 252 4 -1.5708 253 252 248 4 0 253 252 248 5 0.785398 253 255 254 0 0 246 255 255 2 -1.5708 235 246 255 80 -1.5458 146 150 228 131 -0.915101 39 36 145 61 0.197396 49 44 165 105 1.12842 148 147 245 104 0.819399 233 239 255 3 0 241 249 255 4 0.785398 253 255 255 2 -2.03444 255 255 249 2 0.463648 254 255 247 1 0.785398 255 255 249 3 -1.5708 252 253 249 4 0.785398 255 255 254 0 0 
255 255 254 0 0 255 255 254 0 0 255 255 254 0 0 255 255 254 0 0 255 255 255 0 0 255 254 255 0 0 251 254 255 0 0 250 251 255 2 -1.5708 244 243 255 124 -1.56273 118 116 158 76 -0.0394532 115 112 158 146 0.975204 238 235 255 11 0.785398 248 249 255 8 3.14159 251 253 255 1 -2.35619 254 253 255 1 0.785398 255 255 255 0 0 255 255 254 0 0 255 255 254 0 0 255 255 254 0 0 255 255 255 0 0 
255 255 252 0 0 255 255 252 0 0 255 255 254 0 0 255 255 255 0 0 255 254 255 0 0 255 254 255 0 0 255 253 255 0 0 255 253 255 1 -1.5708 254 251 255 49 -1.55039 205 202 211 48 0.0624188 208 205 214 65 0.79615 255 253 255 8 -1.5708 247 245 251 7 1.1659 254 253 255 1 2.35619 255 254 255 1 3.14159 255 254 255 0 0 255 255 255 0 0 255 255 255 0 0 255 255 255 0 0 255 255 255 0 0 
255 255 252 0 0 255 255 252 0 0 255 255 254 0 0 255 255 255 0 0 255 254 255 0 0 255 254 255 0 0 255 253 255 0 0 255 253 255 0 0 255 253 255 2 -1.5708 253 251 255 2 0.463648 254 252 255 2 2.67795 255 253 255 5 -1.9513 250 248 254 5 0.54042 253 252 255 2 0.463648 254 253 255 1 2.35619 255 254 255 1 3.14159 255 255 255 0 0 255 255 255 0 0 255 255 255 0 0 255 255 255 0 0 
255 255 252 0 0 255 255 252 0 0 255 255 254 0 0 255 255 254 0 0 255 254 255 0 0 255 254 255 0 0 255 253 255 0 0 255 253 255 0 0 255 253 255 0 0 255 253 255 0 0 252 250 255 0 0 253 251 255 0 0 255 254 255 0 0 255 254 255 0 0 253 252 254 0 0 254 253 255 0 0 255 255 255 0 0 255 255 255 0 0 255 255 255 0 0 255 255 255 0 0 
