237 255 255 7 3.14159 232 244 255 31 -2.53605 202 200 255 149 -2.58512 110 106 255 82 -2.65092 59 61 255 31 -3.07717 55 63 246 52 2.4102 101 110 254 109 2.36265 194 202 255 105 2.90123 243 243 255 28 3.14159 250 250 255 1 0.785398 248 245 255 2 -1.5708 230 235 255 41 -2.89661 199 214 255 158 -2.64978 106 128 255 90 -2.6829 57 75 255 45 3.11937 63 76 255 61 2.44895 124 126 255 113 2.47513 211 209 255 92 2.95691 244 241 255 26 -3.06482 249 247 255 0 0 
229 241 255 19 -1.46592 202 210 255 151 -2.23416 69 66 211 39 -2.44685 30 28 218 3 0.982794 19 28 232 10 -1.47113 7 21 217 14 -0.2783 14 25 193 56 1.22658 84 92 213 105 1.91957 207 210 255 56 2.6072 244 245 255 6 3.14159 241 238 255 44 -1.93478 186 187 255 150 -2.32334 53 66 194 28 -2.55359 21 40 203 5 -0.785398 7 28 220 9 -0.110657 9 26 219 8 -0.358771 24 32 193 68 1.51204 110 113 228 91 2.02464 211 212 255 38 2.41069 244 246 255 0 0 
225 226 255 123 -1.96932 101 101 217 86 -2.43798 27 24 210 14 0.493941 16 21 244 2 0.785398 2 24 249 5 0.54042 3 29 250 2 2.67795 15 30 246 2 -2.03444 31 41 213 86 1.61727 140 149 246 93 2.25728 224 227 255 24 -2.71497 212 206 255 152 -2.13148 73 67 208 45 -2.38743 22 27 202 20 0.643501 18 33 233 2 2.67795 5 30 246 2 -0.785398 3 28 244 7 -1.8491 9 25 225 26 1.17601 50 62 218 96 1.82335 166 177 255 74 2.30861 232 242 255 0 0 
163 163 255 140 -1.91286 22 24 179 28 0.962994 26 30 242 6 -2.46685 6 19 255 7 0.785398 0 27 255 4 -1.32582 0 24 255 4 2.67795 5 24 255 7 -2.35619 14 28 231 31 1.44247 63 78 218 113 1.83938 181 191 255 132 -2.5934 112 112 255 103 -2.24704 24 23 203 24 0.844154 29 33 242 10 -2.55359 11 23 247 7 0.785398 4 28 255 7 -2.26553 0 22 252 7 0.785398 6 28 254 10 -1.9513 12 29 216 67 1.60064 106 117 231 100 1.9587 211 221 255 0 0 
95 105 255 76 -2.02863 19 32 218 3 0.588003 8 24 245 6 1.89255 4 26 255 1 0.785398 0 29 255 9 -1.98902 0 21 250 2 0.463648 0 22 248 10 0.380506 9 30 241 3 -1.5708 12 35 221 27 1.23755 40 62 244 35 -2.51485 19 37 232 8 3.14159 15 32 242 7 -1.4289 6 19 247 16 0.519146 11 25 255 10 -2.63449 4 20 255 8 0.463648 4 24 255 7 -2.55359 0 20 255 8 -1.10715 3 20 231 32 1.28824 61 68 219 106 1.7976 177 180 255 0 0 
48 63 255 37 -2.1294 11 29 236 3 -1.89255 0 20 249 14 0.68573 1 28 255 12 -2.81984 0 26 255 5 -0.54042 0 23 251 9 1.46014 10 32 255 12 -2.64225 4 27 249 6 1.73594 8 36 251 16 -2.35619 0 24 239 6 0 0 22 243 15 0.605545 2 30 255 11 2.60117 13 32 255 18 -2.1588 0 15 255 15 0.876058 14 27 255 19 -2.60987 0 17 255 13 0.463648 1 24 255 3 -2.1588 7 27 246 3 -0.588003 28 35 214 82 1.59518 120 123 255 0 0 
25 37 255 13 -1.64757 6 24 245 9 1.98902 5 31 255 14 -1.91382 0 18 247 15 0.965252 2 34 254 9 -2.27942 0 25 249 3 -1.24905 1 17 254 11 0.348771 3 20 255 5 -2.11122 0 20 248 10 0.588003 0 28 252 7 1.4289 0 34 255 17 -2.23677 0 19 248 12 0.499347 0 24 254 5 1.5708 10 27 255 16 -2.00742 0 10 248 24 0.870903 12 31 255 15 -2.58994 0 27 252 2 2.03444 4 33 244 7 -1.71269 15 28 226 47 1.50705 71 76 255 0 0 
24 36 254 36 -0.451453 2 20 241 8 1.69515 0 26 255 3 3.14159 0 27 255 2 -2.03444 0 27 248 5 0 3 25 251 9 2.27942 14 26 255 10 -1.67046 2 16 255 8 1.05165 0 28 255 2 -2.03444 0 27 255 6 -2.24554 0 22 252 9 1.0122 0 30 255 5 -1.5708 0 25 251 2 -2.03444 1 23 249 8 1.32582 13 28 255 10 -1.76819 0 19 251 7 0.588003 0 26 251 2 1.5708 3 31 246 3 -1.24905 15 29 235 13 2.19959 33 41 242 0 0 
60 74 255 62 -0.920926 5 22 232 6 1.73594 0 24 250 8 0.244979 0 25 255 6 2.46685 5 29 255 11 -1.83705 0 17 248 16 0.828849 14 26 255 6 -2.24554 8 21 255 4 2.67795 1 26 255 7 -2.35619 0 23 253 5 0.785398 0 28 255 3 2.1588 0 33 255 9 -2.43297 0 28 243 3 0.321751 3 28 246 4 1.32582 7 29 255 5 -2.76109 5 25 255 2 -1.10715 1 21 255 4 2.35619 10 26 255 13 -1.04272 10 22 224 25 1.72945 42 50 241 0 0 
105 126 255 110 -0.93271 9 32 208 24 0.668289 14 35 250 14 -2.25653 0 19 251 7 0.876058 5 26 255 6 2.67795 10 29 255 12 -2.89661 10 23 255 5 -1.19029 4 18 254 7 0.141897 0 21 255 5 0.927295 0 27 255 2 -0.785398 0 28 250 2 -0.785398 0 27 245 4 1.32582 2 30 248 1 -1.5708 2 28 248 5 -0.380506 0 23 252 4 1.32582 6 24 255 11 -2.60117 4 15 255 14 1.13839 26 34 255 29 -2.23484 17 24 203 100 1.34027 122 130 255 0 0 
180 215 255 136 -1.46822 39 67 191 105 -0.123183 15 31 228 6 2.67795 9 25 252 5 -1.76819 3 23 242 6 -0.463648 0 19 240 14 0.885067 11 26 255 2 0 9 25 255 6 -2.67795 1 24 255 5 0.643501 0 29 255 10 -2.9442 0 30 250 5 -2.49809 0 27 247 6 0.463648 0 27 255 5 2.2143 6 29 255 10 -2.55359 1 21 255 8 -1.05165 0 13 253 17 0.62025 19 22 255 11 -1.91957 20 21 225 18 1.46014 57 61 193 164 0.854255 190 196 255 0 0 
212 243 255 45 -1.54858 160 186 255 133 -1.19447 24 38 190 121 0.0660196 21 33 229 2 1.10715 14 31 241 2 3.14159 9 29 248 5 2.2143 11 29 255 11 -2.35619 1 21 253 9 0.785398 6 29 255 12 -1.99742 0 19 247 8 0.519146 0 25 246 7 1.2925 3 31 255 7 -2.1588 0 22 254 6 -0.321751 0 19 255 9 0.86217 9 25 255 9 2.81984 19 31 255 19 -2.72337 23 29 232 12 -0.426627 34 38 193 169 0.818719 178 184 255 61 0.878154 234 243 255 0 0 
236 249 255 4 0.785398 232 245 255 52 -1.66666 164 181 255 122 -1.15092 34 53 188 133 -0.00751866 17 33 230 29 -0.0344691 6 24 249 9 -3.03094 1 23 248 7 1.5708 8 30 255 10 -2.63449 5 24 251 1 0.785398 8 24 254 8 -0.124355 7 23 254 1 1.5708 6 24 255 4 2.03444 12 26 255 2 -1.10715 11 25 255 13 -2.5128 7 19 243 6 -1.10715 10 23 215 54 0.397628 43 62 197 159 0.678662 159 178 255 71 0.716202 226 240 255 10 0.71883 242 255 255 0 0 
255 254 255 6 -2.24554 243 246 255 5 0.54042 232 244 255 29 -1.67388 185 202 255 109 -1.28371 61 77 224 137 -0.287281 7 26 213 88 0.0906599 6 32 230 4 -2.67795 1 25 237 7 0.785398 8 25 252 8 1.21203 16 30 255 15 -2.53605 7 21 255 5 -2.9442 6 21 254 8 1.05165 16 30 255 15 -1.97569 8 21 229 12 0.499347 26 35 216 81 0.523685 78 90 226 154 0.66161 185 203 255 43 0.769006 229 246 255 1 1.5708 244 254 255 5 -2.11122 248 253 244 0 0 
255 248 255 5 0.785398 255 251 255 7 -2.44685 245 245 255 7 0.785398 237 246 255 6 -2.46685 216 236 255 83 -1.55875 115 141 241 120 -0.767856 17 40 196 119 0.0587558 13 34 233 3 1.24905 11 27 255 12 -2.41495 0 16 255 7 -0.141897 0 16 255 16 0.519146 3 28 254 11 -2.87534 10 32 234 5 0.54042 29 46 209 112 0.627488 118 129 233 132 0.764125 226 234 255 5 0.927295 239 248 255 2 -2.67795 247 251 255 2 -1.10715 255 247 255 3 0.982794 255 250 255 0 0 
255 254 255 6 -2.03444 253 247 252 8 0.785398 255 252 255 5 -1.9513 245 247 255 5 0.380506 234 251 255 4 0.785398 223 245 255 52 -1.5708 155 174 255 119 -1.18564 30 45 207 121 -0.0577868 12 23 234 12 0.726642 11 25 255 11 2.60117 14 33 255 17 -1.85685 2 24 226 13 1.20362 29 50 209 132 0.737307 138 153 255 100 0.785398 232 240 255 2 -2.67795 245 249 255 1 -2.35619 251 253 254 2 0.785398 255 255 255 1 -1.5708 255 249 255 1 0.785398 255 248 255 0 0 
250 254 248 4 0.785398 253 255 255 2 -1.5708 251 248 255 2 0.785398 253 251 255 0 0 253 255 255 2 3.14159 246 253 255 7 -1.5708 229 236 255 35 -1.3734 179 185 255 124 -1.28474 43 42 216 105 -0.104381 21 20 230 12 1.14417 32 33 237 16 -2.70497 32 38 203 143 0.834863 154 166 255 83 0.836202 232 242 255 2 -1.5708 246 246 255 1 3.14159 253 250 255 2 0.785398 255 254 255 2 3.14159 255 255 255 1 3.14159 255 253 255 1 3.14159 255 253 255 0 0 
251 255 247 3 3.14159 251 255 252 5 3.14159 253 252 255 4 3.14159 255 251 255 2 -1.5708 255 254 249 4 2.67795 255 255 251 6 3.14159 250 253 255 7 -1.5708 229 233 255 49 -1.4289 160 162 255 123 -1.12533 40 41 199 55 -0.162199 31 33 187 116 1.09949 144 148 255 94 0.77788 226 236 255 8 0.785398 246 252 255 5 -2.49809 252 249 255 3 1.24905 255 253 255 6 -2.81984 255 252 254 2 0.463648 254 254 254 1 0 254 254 254 1 -0.785398 253 253 253 0 0 
250 255 241 9 -2.92292 248 254 243 12 3.05845 249 251 251 10 2.76109 255 254 255 10 -2.49809 254 249 246 5 3.14159 253 250 246 7 2.26553 251 255 255 6 3.14159 239 250 255 10 -2.85014 218 236 255 109 -1.54328 100 122 200 80 -0.136643 91 111 188 146 0.935481 216 235 255 7 0.785398 237 251 255 4 -2.03444 244 252 252 2 1.5708 253 251 255 4 -1.10715 253 246 253 7 0.982794 255 254 255 14 3.14159 255 255 255 15 3.14159 255 255 255 16 3.14159 255 255 255 0 0 
243 249 230 0 0 238 243 228 0 0 239 243 237 0 0 247 248 246 0 0 249 244 243 0 0 248 244 243 0 0 245 250 248 0 0 229 245 252 0 0 225 249 255 0 0 184 215 254 0 0 182 211 250 0 0 225 250 255 0 0 237 254 255 0 0 246 253 248 0 0 255 254 255 0 0 255 251 255 0 0 243 240 242 0 0 240 240 240 0 0 239 239 239 0 0 240 240 240 0 0 
