255 250 255 4 0.785398 255 253 255 0 0 251 252 255 6 -2.67795 243 251 255 2 2.03444 245 254 255 4 -1.32582 241 251 251 5 1.76819 250 252 255 7 -2.9997 250 251 255 3 -2.55359 247 250 255 4 0.785398 248 255 255 13 -2.57486 237 251 247 9 0.785398 243 255 254 6 -2.24554 241 250 254 3 2.55359 247 250 255 3 2.1588 255 252 255 15 -2.81984 252 249 251 6 0.896055 255 255 252 6 -2.67795 252 255 246 2 0.785398 255 255 251 4 3.14159 255 254 251 0 0 
255 255 252 3 3.14159 255 255 255 6 -1.89255 244 246 255 2 0.785398 240 247 255 4 1.10715 243 251 255 22 -2.87534 237 244 255 8 -3.01724 239 242 255 8 2.78282 246 245 255 14 2.86329 250 252 255 12 -1.99742 239 242 250 11 1.22203 246 255 255 4 -2.03444 240 250 255 5 -2.35619 236 242 255 7 2.7367 243 243 255 11 -2.11122 236 233 255 14 1.6421 252 249 255 13 -2.7468 245 247 255 7 0.785398 250 254 255 4 -1.5708 252 250 249 7 0.785398 255 255 252 0 0 
255 255 237 3 0.321751 255 255 246 2 -2.35619 244 246 255 14 2.9997 239 242 255 133 -2.99122 214 220 255 174 3.09565 222 226 255 178 -3.13597 226 226 255 179 -3.12483 228 225 255 101 3.01358 245 243 255 7 -2.86329 244 243 255 5 1.5708 248 248 255 10 -2.55359 240 238 255 115 -3.0808 229 226 255 179 3.11925 233 227 255 189 -3.11514 228 222 255 181 3.12502 231 228 255 155 3.06433 243 244 255 30 3.14159 245 249 255 10 3.04192 251 254 255 6 3.14159 255 255 254 0 0 
255 255 249 17 -2.9105 247 248 255 19 -2.31917 223 223 255 215 -2.57415 98 98 174 86 -2.3398 29 31 125 12 0.321751 33 33 133 2 -2.03444 38 33 125 75 1.65063 118 112 191 128 2.1631 232 224 255 182 3.11413 239 232 255 42 -3.04664 233 226 255 200 -2.54805 120 109 181 100 -2.35619 43 32 125 6 -1.73594 36 22 127 9 0.321751 37 28 125 29 1.36678 66 60 147 138 1.70143 205 204 255 168 3.0224 228 231 255 38 3.01077 242 244 255 6 0.896055 250 253 255 0 0 
227 226 255 3 0 220 221 255 241 -2.28301 27 24 127 7 0.876058 24 20 155 10 1.67046 28 24 180 16 -2.57026 19 12 177 8 -1.05165 20 6 164 17 0.54042 34 20 162 6 -2.67795 38 23 144 145 1.557 185 170 255 197 -2.43845 55 40 161 27 -2.4837 34 18 155 4 -0.244979 28 10 169 4 1.10715 30 12 179 3 3.14159 29 14 175 5 1.19029 34 26 167 15 -2.2143 27 23 136 149 1.54396 183 183 255 146 2.81553 239 244 255 9 -2.92292 242 248 255 0 0 
218 218 255 164 -1.77297 52 51 147 36 -2.55359 21 18 158 8 0 14 8 179 8 -0.358771 7 0 192 12 0.844154 16 5 205 5 2.35619 26 11 203 16 -2.31274 19 2 183 9 0.558599 28 12 177 10 -2.28963 20 6 164 18 0.0554985 17 6 170 14 0.68573 24 11 187 12 -2.89661 18 1 198 10 -0.0996687 15 0 200 9 0.558599 20 7 199 6 -1.89255 16 6 182 2 2.67795 22 16 165 7 2.1588 37 34 143 177 1.5708 226 229 255 91 3.1306 233 239 255 0 0 
173 177 255 159 -1.72772 11 13 137 24 0.844154 22 20 180 11 3.14159 17 12 197 4 -2.35619 12 5 204 7 -2.7367 9 0 204 3 -1.89255 11 0 198 11 0.661043 20 6 201 11 -2.11122 10 0 186 19 1.03907 23 17 202 13 -2.67795 14 10 199 14 -1.91382 0 0 189 24 0.902507 15 10 215 11 -2.87534 12 7 212 10 -2.63449 11 5 200 6 -1.89255 8 2 187 9 -0.110657 13 3 179 15 0.694738 32 25 162 87 1.75474 132 132 202 101 1.86131 236 240 255 0 0 
144 148 255 117 -1.53662 23 26 161 11 -2.23184 9 5 178 8 1.32582 14 6 200 7 -1.2925 5 0 198 8 0.358771 10 0 203 7 1.1659 18 7 207 8 -2.03444 10 0 199 8 0.785398 15 5 206 7 -2.35619 6 0 203 7 0.141897 2 2 204 6 1.10715 6 7 211 7 -1.97569 0 0 207 1 -2.35619 0 0 203 2 1.5708 9 2 201 6 0.896055 17 8 202 2 2.35619 21 11 201 19 -1.98902 12 5 156 73 1.48879 101 101 179 118 1.48625 226 230 255 0 0 
153 154 255 134 -1.26791 24 19 152 0 0 18 5 180 14 0.588003 21 7 203 5 -2.9442 18 5 205 2 -2.35619 16 3 203 0 0 18 4 200 5 0.380506 20 5 203 10 -2.63449 11 0 204 7 1.1659 15 5 212 3 -1.5708 8 2 209 6 3.14159 5 4 208 5 -1.19029 2 0 203 1 0 3 0 200 9 0.708626 16 5 205 2 -2.67795 17 5 201 5 -2.35619 13 2 194 6 -0.674741 16 11 164 77 1.49303 109 110 190 112 1.28274 224 230 255 0 0 
202 198 255 168 -1.51728 31 22 142 17 0.74542 34 20 186 10 -2.1588 19 2 197 4 2.67795 16 3 203 3 3.14159 14 2 204 5 1.76819 21 9 205 13 -2.09887 9 0 194 17 0.41241 16 0 207 4 1.32582 17 4 214 10 -2.1588 4 0 203 12 0.726642 10 5 210 6 -1.89255 4 0 203 6 1.10715 14 5 209 6 -2.67795 14 2 204 3 -1.5708 15 1 196 6 0.896055 20 11 192 5 -2.49809 26 20 161 103 1.60961 143 145 216 109 0.707633 221 227 255 0 0 
220 217 255 164 -1.53423 51 44 135 127 -0.0550624 31 19 169 12 -2.53087 14 0 188 9 0.321751 8 0 201 3 0.588003 6 0 207 1 -1.5708 9 1 202 12 1.14417 22 12 212 21 -2.76109 17 2 207 6 -2.67795 14 0 205 6 1.10715 17 5 211 5 -2.49809 12 2 208 6 -0.165149 11 1 208 9 -2.81984 8 0 205 9 0.321751 13 1 207 5 0.197396 17 7 197 5 -2.60117 21 13 173 3 -0.982794 27 24 139 194 1.34823 230 232 255 3 2.55359 237 244 255 0 0 
233 230 255 44 -1.3423 183 178 247 147 -1.33893 25 15 145 32 0.380506 23 15 186 6 -2.67795 9 5 200 1 -0.785398 3 1 207 5 2.35619 9 6 210 14 -1.5708 0 0 196 12 0.499347 9 0 202 10 0.643501 17 1 208 2 -2.67795 14 1 207 7 1.1659 20 8 214 20 -2.25311 2 0 199 15 1.24905 17 7 214 12 -3.05845 18 8 209 18 -2.6292 14 7 182 13 0.298499 29 24 155 38 1.62338 75 76 162 199 0.806672 230 234 255 4 1.81578 239 245 255 0 0 
247 244 255 19 -1.46592 221 218 255 149 -1.42985 57 54 157 150 -0.159702 18 18 162 5 0.785398 10 12 190 7 -2.26553 0 0 198 8 1.10715 7 4 213 6 -2.67795 6 0 213 5 0.643501 14 2 214 8 -2.62245 12 0 209 4 1.5708 16 3 211 11 -2.23184 5 0 202 7 0.2783 7 0 206 13 -0.152649 5 0 198 13 -0.367174 2 0 183 24 0.96007 29 27 180 21 -2.6168 32 34 129 237 0.848003 221 225 255 5 1.03038 234 238 255 11 1.03038 248 252 255 0 0 
252 249 255 4 3.14159 245 244 255 20 -1.5708 211 213 255 169 -1.46469 28 32 144 151 -0.0331005 10 16 165 3 0.982794 6 10 189 2 -1.10715 4 0 203 7 1.5708 11 3 218 11 -2.35619 7 0 209 7 0.404892 10 0 209 4 -0.785398 7 0 203 7 0.785398 12 4 205 8 1.92957 22 12 212 13 -2.98894 23 15 200 6 -2.46685 23 18 179 19 -2.39321 19 18 138 223 0.829673 196 200 255 36 0.726642 229 234 255 13 0.628796 244 247 255 4 2.03444 251 253 255 0 0 
254 246 255 5 0.927295 250 248 255 2 -1.10715 238 240 255 36 -1.54303 189 196 255 157 -1.3597 25 31 138 150 0.0133325 20 20 168 3 -1.89255 13 4 191 5 -2.9442 10 0 204 9 0.86217 17 2 213 6 -2.97644 15 4 208 3 -2.81984 12 6 201 3 -0.982794 11 6 192 2 -2.03444 14 6 183 8 0.785398 25 19 174 17 -2.27305 21 16 137 214 0.788698 182 180 255 53 0.864182 232 235 255 9 1.0122 245 251 255 7 -2.44685 245 246 255 7 -0.694738 242 241 250 0 0 
255 251 255 2 0.785398 255 252 255 4 -2.67795 246 248 255 4 -1.10715 233 239 255 37 -1.48989 187 191 255 152 -1.34645 31 30 140 158 -0.0442748 19 8 164 12 0.96007 25 10 192 7 -2.35619 17 1 196 2 1.5708 17 3 198 4 1.10715 21 11 195 6 -1.73594 17 10 179 5 1.5708 29 20 170 13 -2.19959 25 19 138 221 0.737511 183 180 255 53 0.74542 226 226 255 14 0.885067 242 246 255 4 -0.785398 244 247 251 9 0.86217 253 253 255 2 -2.03444 253 251 255 0 0 
255 255 254 4 -2.03444 253 250 252 4 1.32582 253 252 255 3 -1.89255 245 246 255 7 -2.1588 234 235 255 25 -1.3734 202 201 255 161 -1.37705 38 31 135 174 -0.0114937 31 18 156 39 0 26 9 177 6 2.46685 28 9 188 3 2.81984 31 12 185 13 -2.7468 27 15 165 34 -0.0880074 31 24 135 245 0.716145 200 197 255 31 0.876058 231 233 255 13 0.463648 242 245 255 7 0.694738 250 253 255 0 0 252 254 255 0 0 254 253 255 0 0 254 253 255 0 0 
255 253 252 2 -0.463648 255 251 252 2 2.35619 255 253 255 6 -1.40565 246 245 254 3 1.89255 246 247 255 4 0.244979 241 243 255 16 -1.9513 219 220 255 137 -1.49793 77 73 162 153 -0.290833 28 18 142 158 0.0379564 32 19 157 72 -0.110657 26 12 147 164 0.252364 70 61 172 208 0.788788 224 221 255 4 -1.32582 227 227 255 21 0.851966 250 252 255 1 3.14159 253 255 254 2 -2.67795 254 254 254 0 0 254 254 254 0 0 254 254 254 0 0 254 254 254 0 0 
255 254 255 5 -1.5708 254 249 251 5 1.9513 255 253 255 8 -1.81578 247 246 250 11 0.785398 251 255 255 12 -2.29744 237 245 252 9 0.110657 233 243 255 7 0 228 237 255 33 -1.48014 189 197 255 84 -1.23412 107 114 183 141 0.593896 188 193 255 41 0.768451 221 225 255 3 0.588003 228 234 255 14 0.68573 242 248 255 2 0.463648 250 253 255 11 -3.05093 253 253 253 2 0.463648 254 254 254 0 0 254 254 254 0 0 254 254 254 0 0 254 254 254 0 0 
255 254 255 0 0 252 247 249 0 0 255 251 255 0 0 255 254 255 0 0 245 249 244 0 0 248 255 252 0 0 242 255 255 0 0 232 249 255 0 0 219 236 255 0 0 226 242 255 0 0 220 234 255 0 0 224 238 255 0 0 241 251 255 0 0 246 253 255 0 0 239 242 246 0 0 255 254 255 0 0 254 254 254 0 0 254 254 254 0 0 254 254 254 0 0 254 254 254 0 0 
