255 253 249 4 0.785398 251 251 255 5 -2.49809 238 238 255 125 -2.80979 190 192 255 112 -2.70175 140 141 215 36 -2.69014 128 125 197 56 1.67753 189 182 249 99 2.62866 241 238 255 146 -3.13474 242 248 255 38 3.03672 246 255 255 7 3.14159 246 255 255 5 3.14159 241 244 255 114 -2.67795 183 172 255 155 -2.60889 90 80 227 80 -2.37374 14 19 188 32 1.32582 44 56 210 18 0.110657 62 73 177 104 0.566729 134 142 202 98 1.78615 246 247 255 121 -3.13333 254 251 255 0 0 
251 251 255 4 -2.03444 240 240 255 169 -2.36875 110 107 192 72 -2.8023 79 76 185 27 2.27942 98 96 209 41 2.87323 111 109 215 40 -2.47839 95 87 180 51 -0.193622 88 85 154 131 0.94702 199 204 237 124 2.85554 234 241 255 65 3.11083 234 238 255 130 -2.30758 130 130 208 118 -2.3681 38 28 164 4 -0.785398 23 15 186 12 0.896055 19 21 209 42 1.47584 61 68 241 84 2.1294 145 153 255 123 -2.6996 108 112 200 58 -0.0688565 120 121 165 114 1.52696 243 241 255 0 0 
235 239 255 133 -1.96385 105 105 189 96 -2.40028 26 17 174 29 1.07685 43 32 224 20 -3.09163 37 32 223 21 2.01317 59 57 231 65 2.04814 128 122 255 94 2.97122 153 148 255 113 -2.23726 71 72 146 136 0.71261 158 161 236 99 -2.92839 130 126 245 138 -2.39699 27 19 179 9 0.558599 20 13 210 5 0.380506 13 9 228 9 0.708626 15 14 237 11 -2.48055 10 11 221 5 1.03038 24 24 208 117 1.54516 155 154 255 125 -2.67083 114 116 194 68 0.857438 175 177 225 0 0 
170 177 255 163 -2.07552 20 22 147 26 0.866302 28 17 221 8 -1.92957 9 0 238 13 0.837981 12 11 245 10 -2.9442 12 14 233 7 -2.44685 19 15 210 39 1.36847 69 64 225 91 1.97569 162 162 255 135 -2.18333 51 49 172 122 -0.213369 16 7 181 28 0.607802 19 13 222 4 2.67795 9 8 242 7 2.55359 8 9 253 12 -2.18152 0 0 242 5 1.03038 6 7 241 5 1.19029 18 16 236 7 2.86329 31 30 210 101 1.71969 149 150 255 74 -2.32763 103 107 186 0 0 
75 84 217 59 -2.2377 23 28 191 4 3.14159 14 9 230 5 2.35619 7 6 254 10 -2.1588 0 0 245 7 0.2783 0 2 243 15 0.643501 11 12 246 16 -2.83871 17 14 223 42 1.49949 71 69 235 99 2.07496 160 156 255 129 -1.89985 26 21 226 14 -0.885067 5 3 233 8 0 0 0 243 11 0.266252 0 2 250 1 3.14159 0 1 250 7 0.588003 3 5 253 5 -2.2143 1 3 245 6 -1.40565 3 7 215 65 1.35544 85 90 235 28 -2.85354 86 92 205 0 0 
29 36 205 26 -2.5948 12 16 205 2 0 5 2 235 9 0.218669 0 0 252 5 0.927295 0 5 255 7 1.4289 0 12 255 21 -2.09559 0 0 243 15 1.1659 9 9 245 9 -1.68145 14 10 213 93 1.46368 109 104 255 97 -2.30514 30 24 249 13 -1.10715 7 8 248 14 2.9305 0 11 255 9 -1.98902 0 1 251 7 1.5708 0 7 255 7 -2.44685 0 1 254 2 0 0 1 254 7 1.8491 9 16 243 24 1.94378 51 54 229 23 -3.05485 58 60 208 0 0 
3 6 198 19 0.602287 12 12 218 8 1.05165 14 9 248 8 -2.67795 3 1 254 2 1.5708 0 7 253 8 -2.52134 0 2 248 5 -0.380506 0 0 249 8 0.950547 1 7 250 3 2.55359 15 13 239 18 1.73594 37 32 253 28 -3.10589 34 28 255 38 -2.17308 0 0 234 19 0.714091 3 5 253 6 -2.24554 0 0 251 1 0.785398 0 1 252 5 0.54042 0 4 255 7 -2.55359 0 0 252 4 0 0 5 239 9 1.15257 23 23 223 25 -1.98092 9 5 188 0 0 
22 21 214 32 -0.0312398 18 16 222 5 -1.19029 7 1 240 6 0.674741 4 1 254 5 -1.9513 0 0 246 7 1.5708 0 7 253 2 -2.03444 0 4 254 2 -0.463648 0 3 251 2 1.5708 5 6 246 7 -1.97569 4 0 236 6 0.896055 10 4 241 5 1.5708 15 8 249 7 -2.26553 4 0 250 2 0 1 0 252 5 1.3734 2 5 255 8 -2.03444 0 0 247 7 0.982794 0 4 255 4 3.14159 0 9 245 6 -2.24554 13 11 217 12 1.07145 33 26 217 0 0 
63 60 230 53 -0.61377 27 22 213 12 -2.97644 16 7 241 7 -2.7367 4 0 252 5 -0.643501 0 0 249 7 0.876058 0 4 253 4 0.244979 0 4 255 9 -2.81984 0 2 253 3 -0.321751 0 2 247 2 0 2 3 245 1 0.785398 9 3 244 0 0 10 2 246 1 1.5708 11 0 252 1 -2.35619 7 0 253 0 0 2 0 253 0 0 0 2 251 2 -1.5708 0 0 252 5 0 0 6 237 5 1.9513 24 22 212 38 1.75296 71 66 235 0 0 
120 113 250 106 -0.951635 24 18 183 4 2.35619 11 3 227 12 0.726642 8 3 254 2 -1.5708 1 3 252 7 2.44685 4 7 255 14 -2.1588 0 0 248 12 0.785398 3 4 255 2 -2.35619 0 3 252 1 -1.5708 0 3 248 0 0 3 3 247 0 0 7 2 247 0 0 10 0 251 1 3.14159 9 0 253 0 0 3 0 253 0 0 2 1 251 3 1.5708 3 5 254 7 -1.8491 5 7 226 8 0 24 24 184 101 1.5807 136 134 255 0 0 
194 189 255 156 -1.33202 30 26 155 64 0.233743 23 18 223 9 -3.03094 8 6 249 8 -1.32582 0 0 243 5 0.54042 0 0 249 7 2.35619 6 3 255 6 -0.321751 4 1 254 4 3.14159 1 3 251 1 -2.35619 0 4 248 0 0 0 4 248 0 0 0 3 248 1 -1.5708 2 0 250 1 0.785398 5 0 253 1 0 5 0 253 1 0 7 0 251 1 0.785398 10 3 248 8 2.78282 23 20 220 14 -2.45586 34 38 151 173 1.15608 202 210 255 0 0 
240 237 255 126 -1.56286 101 100 192 118 -0.501366 21 19 192 10 1.27934 15 15 235 5 -1.76819 3 5 243 7 -1.5708 0 0 243 20 0.88848 14 9 255 19 -2.46685 2 0 250 3 0.982794 0 2 251 0 0 0 3 250 0 0 0 4 250 1 0 0 4 250 1 0 0 2 251 1 0.785398 4 1 254 0 0 8 0 254 1 3.14159 11 3 248 8 -1.69515 11 0 227 7 0 23 17 188 72 1.41919 114 118 196 146 0.882182 236 246 255 0 0 
248 248 255 23 -1.5708 214 215 255 159 -1.42624 35 35 165 110 0.0544915 23 25 210 21 -2.95337 9 8 236 6 1.40565 9 7 255 16 -2.31274 0 0 247 10 0.507098 2 0 253 1 0.785398 2 0 253 1 0 0 2 251 1 0.785398 0 3 254 0 0 0 4 254 0 0 0 3 254 0 0 1 2 254 1 -2.35619 7 0 253 1 3.14159 16 5 239 1 3.14159 26 16 212 9 2.72337 46 39 173 176 1.05656 216 219 255 27 0.708626 243 250 255 0 0 
253 254 255 2 3.14159 244 246 255 71 -1.5708 157 160 241 142 -1.06642 15 18 157 91 0.197396 19 15 221 9 -2.43297 4 0 241 11 0.785398 8 4 253 4 -2.35619 3 0 253 4 0.244979 3 1 254 0 0 0 2 254 0 0 0 2 255 1 3.14159 0 3 254 1 3.14159 0 3 254 1 -2.35619 0 2 250 1 -1.5708 6 1 246 2 0 18 11 222 8 -1.21203 24 22 172 108 1.1817 140 140 230 118 0.832981 246 246 255 7 -2.35619 248 250 250 0 0 
253 254 252 2 1.10715 250 254 255 2 -1.5708 239 246 255 104 -1.56118 121 125 206 131 -0.645023 24 18 191 60 0.14889 17 10 237 12 -2.89661 5 4 244 4 1.32582 4 6 254 6 -2.67795 3 1 254 1 3.14159 3 1 255 2 -2.67795 0 1 253 2 3.14159 0 2 251 2 3.14159 0 3 250 1 3.14159 2 5 244 1 0.785398 10 9 235 3 0.321751 23 25 203 30 1.43824 71 80 177 184 0.85044 228 235 255 8 0.358771 245 245 255 6 0.896055 255 254 255 0 0 
254 255 251 1 2.35619 251 255 252 1 -1.5708 247 255 254 0 0 236 243 255 124 -1.5708 95 94 214 134 -0.486899 17 14 190 61 0.162489 15 14 224 12 -2.89661 5 5 237 2 1.5708 3 2 250 3 -0.321751 1 0 253 3 -0.321751 0 0 251 1 3.14159 0 0 248 1 2.35619 4 3 243 2 1.10715 11 13 228 4 0.785398 22 28 205 10 0.197396 36 47 169 210 0.778687 202 216 255 35 0.785398 243 252 255 1 -1.5708 252 252 255 1 0.785398 255 254 255 0 0 
248 255 252 2 0.785398 250 255 254 2 -2.67795 247 255 254 3 3.14159 242 250 255 5 -1.3734 226 236 255 121 -1.60384 94 100 195 132 -0.493941 22 17 176 66 0.135528 19 11 218 5 2.11122 10 7 246 9 -3.03094 2 2 255 5 -1.9513 0 0 251 2 0 0 0 244 7 0.404892 19 6 236 11 2.79282 34 25 206 35 0.286051 49 61 162 204 0.768099 202 221 255 32 0.785398 241 251 255 0 0 251 254 255 0 0 255 254 255 0 0 255 255 255 0 0 
251 255 255 4 -2.67795 249 253 254 2 -0.785398 249 251 252 5 0.927295 250 255 255 10 -1.5708 233 245 251 10 0 226 235 255 114 -1.4833 104 101 200 137 -0.450661 32 25 176 107 -0.00934552 12 11 207 18 0.339293 7 11 230 2 -2.67795 2 8 233 7 0.785398 16 17 227 17 -2.11122 24 10 188 97 0.528074 86 77 198 178 0.761593 214 226 255 25 0.785398 239 255 255 3 3.14159 250 255 255 0 0 255 255 255 0 0 255 255 255 0 0 255 255 255 0 0 
255 246 255 5 0.785398 255 251 255 11 -3.05093 255 252 255 1 0.785398 255 254 255 9 3.14159 255 255 254 4 3.14159 250 253 255 0 0 243 247 255 77 -1.5708 155 160 223 119 -0.868539 44 52 173 142 -0.0912948 21 29 182 58 0.103082 25 31 198 10 -1.0637 25 29 172 149 0.547284 126 123 208 141 0.72547 232 231 255 16 0.785398 248 254 255 3 -1.5708 248 255 246 4 0.785398 253 255 254 0 0 255 255 255 0 0 255 255 255 0 0 255 255 255 0 0 
255 248 255 0 0 253 239 251 0 0 255 251 255 0 0 255 245 245 0 0 255 252 247 0 0 255 255 249 0 0 251 255 249 0 0 239 250 255 0 0 195 206 255 0 0 88 97 218 0 0 39 45 182 0 0 162 167 255 0 0 241 244 255 0 0 253 255 252 0 0 255 255 247 0 0 255 255 245 0 0 255 255 252 0 0 255 255 255 0 0 255 255 255 0 0 255 255 255 0 0 
