246 252 255 2 1.5708 251 255 254 3 -1.5708 255 255 242 4 -0.785398 255 253 239 8 0.785398 255 255 255 7 -2.26553 247 245 255 8 2.35619 250 249 255 12 -3.05845 249 250 255 9 3.03094 255 255 252 13 -3.06482 255 255 247 4 -2.35619 253 251 250 5 0.785398 251 255 255 12 -2.89661 243 255 249 1 -0.785398 240 252 252 7 2.55359 250 250 255 10 3.14159 253 248 255 10 3.14159 255 253 255 10 -2.49809 251 249 249 8 0.785398 255 254 255 4 3.14159 255 254 255 0 0 
248 252 255 2 0.785398 251 255 255 19 3.14159 255 255 251 11 3.14159 253 255 255 12 -2.71497 241 243 255 49 -2.9997 231 230 255 59 3.14159 227 226 255 108 3.12308 231 231 255 64 -3.09475 235 236 255 9 1.15257 246 249 255 11 2.79282 250 252 255 12 -1.89255 234 239 254 12 2.24554 237 249 255 24 -2.80686 227 238 255 92 3.14159 231 232 255 110 3.14159 234 232 255 64 3.11035 242 239 255 8 1.81578 253 252 255 15 -2.88099 253 249 254 3 0 255 250 251 0 0 
253 254 255 20 -1.92379 231 235 240 20 0.398522 233 241 254 2 3.14159 225 235 255 169 -2.88517 171 181 251 129 -3.00955 149 154 255 124 -2.73564 100 97 223 66 2.37747 149 146 255 128 2.61184 223 225 255 186 -3.10935 221 228 255 42 2.87947 232 241 255 29 -2.57228 214 222 255 145 -3.10712 202 211 255 182 -2.70728 121 128 213 80 -2.91479 103 106 204 82 2.54683 153 155 243 134 2.64462 226 228 255 179 -3.11367 229 231 255 15 1.10715 252 250 255 5 2.9442 255 254 255 0 0 
250 245 254 9 0.785398 248 248 255 17 -2.31622 221 225 255 214 -2.28348 45 54 144 12 -2.53087 25 37 161 6 -0.463648 17 25 178 17 1.74547 34 34 210 18 -1.91009 22 19 188 10 -1.5708 21 23 148 141 1.37202 165 170 255 140 2.94838 192 200 255 198 -2.38821 55 62 159 30 -2.09407 23 28 151 11 1.48014 31 33 175 8 -1.81578 19 23 172 7 -0.588003 20 23 157 5 2.49809 34 37 135 181 1.6425 226 229 255 148 3.12808 242 241 255 8 2.35619 253 252 255 0 0 
255 247 255 13 -1.96559 234 225 255 141 -1.61332 72 64 189 42 -2.28963 20 20 188 12 0.844154 15 26 208 13 -2.09887 0 10 206 14 1.49949 15 19 228 11 -1.83705 8 8 214 19 1.15257 35 31 220 30 -2.07789 11 9 183 20 1.62075 31 31 197 14 -2.70918 24 25 193 10 -1.67046 10 10 194 8 1.32582 16 15 209 3 3.14159 13 14 212 15 -1.97569 2 6 185 16 -0.380506 7 11 154 54 0.992894 67 70 168 146 1.76953 229 230 255 34 2.93855 245 245 255 0 0 
252 239 255 13 -1.49402 226 213 255 168 -1.83445 37 23 189 4 1.10715 20 14 225 6 -2.03444 0 9 223 6 -0.674741 0 4 224 10 1.47113 7 10 238 12 3.14159 11 10 238 5 -1.76819 9 6 229 14 -2.06474 0 0 210 9 1.0122 6 6 212 7 2.1588 10 13 218 8 -2.08994 3 2 220 4 0.785398 6 2 227 6 -0.463648 1 0 225 7 1.1659 10 11 223 10 2.07789 26 29 211 26 -2.62714 27 31 163 139 1.52766 190 191 252 66 2.37747 246 247 255 0 0 
251 237 255 58 -1.5708 179 166 252 117 -1.68145 33 22 198 1 -2.35619 13 8 229 4 2.67795 4 12 233 11 -2.35619 0 3 226 5 -0.643501 0 0 227 13 0.942 11 8 238 14 -2.25653 0 0 223 3 -2.81984 0 1 218 15 -0.0665682 0 3 211 11 0.54042 0 8 219 8 3.14159 1 3 227 10 2.49809 9 7 237 7 -2.1588 4 0 233 6 -0.165149 3 1 227 10 -1.0637 0 0 209 17 1.10715 25 27 191 85 1.58256 136 137 218 84 1.83292 232 231 255 0 0 
247 236 255 71 -1.62707 162 152 242 106 -1.41028 29 22 197 4 -1.81578 7 5 225 4 -0.463648 0 2 227 4 1.5708 2 5 234 3 0.321751 10 4 237 11 -2.60117 6 0 229 7 -0.694738 0 0 219 19 1.0839 9 16 233 6 -2.03444 0 12 224 12 -1.5708 0 0 215 8 0 0 0 222 14 0.737815 5 1 237 5 2.35619 10 4 241 5 -2.76109 7 4 238 8 -2.35619 1 0 228 8 0.950547 20 21 201 64 1.74101 112 112 202 98 1.49949 225 223 255 0 0 
238 233 255 50 -1.53082 174 171 255 124 -1.39381 26 25 189 2 0.463648 11 12 224 14 -2.70918 0 1 229 9 0.785398 7 5 241 12 -1.81578 4 0 231 12 0.96007 16 3 235 2 -2.03444 8 7 223 7 2.44685 10 15 224 18 -2.97644 1 12 224 4 -2.03444 0 5 226 8 0.358771 4 3 237 5 -1.19029 1 0 235 5 0.54042 5 0 238 13 -0.226799 1 0 232 6 2.24554 6 5 233 12 -2.35619 9 10 190 82 1.42549 119 119 209 101 1.23041 230 228 255 0 0 
237 241 255 30 -1.50423 194 199 255 145 -1.37744 28 32 180 16 -2.14213 0 3 202 22 0.688924 7 9 234 6 -2.67795 4 1 240 2 -0.785398 11 0 236 3 2.55359 15 2 234 10 -2.42276 6 1 216 8 -1.05165 0 0 208 14 1.07685 3 7 226 6 1.5708 7 10 238 9 -2.81984 6 4 240 6 -2.81984 6 1 240 11 1.83705 17 13 249 21 -1.99365 0 0 222 14 0 0 1 213 18 0.708626 25 27 191 104 1.67617 155 156 237 84 0.776995 228 227 255 0 0 
239 253 252 5 -0.785398 224 236 255 180 -1.60412 21 30 157 116 0.103082 19 24 209 13 -2.40878 1 6 223 5 1.76819 4 6 238 8 -0.950547 4 0 229 4 -2.35619 3 0 223 19 0.257324 10 4 223 5 -2.35619 4 0 220 7 0.982794 6 2 235 6 -0.463648 2 0 236 1 0 2 0 233 10 0.0996687 3 0 233 6 0.896055 6 6 236 3 1.5708 12 14 228 19 3.14159 21 24 206 15 -2.12245 22 26 158 188 1.19523 221 222 255 14 0.982794 243 244 255 0 0 
244 255 248 14 -1.8491 222 235 255 59 -1.36678 146 154 255 125 -1.13561 16 22 181 18 0 5 10 209 11 1.66146 13 13 237 16 -2.00742 0 0 226 19 1.31347 20 14 245 26 -2.38321 6 0 224 8 0.463648 10 0 230 9 2.1294 16 5 245 8 -2.03444 6 0 238 10 0.982794 13 10 240 16 -2.83871 7 6 232 5 2.9442 8 8 232 19 -2.17308 0 0 198 20 0.574305 22 26 175 64 1.67974 102 105 203 155 0.821746 234 235 255 9 0.785398 250 250 255 0 0 
246 254 247 4 0.463648 241 248 255 17 -1.45369 211 214 255 149 -1.49043 50 49 175 153 -0.124355 17 17 189 9 0.558599 13 10 219 13 -2.91479 6 0 234 5 -1.76819 0 0 236 9 1.15257 10 2 239 10 -2.1588 3 0 229 9 1.24905 10 1 241 3 2.55359 12 4 241 14 -2.0032 0 0 223 11 0.54042 5 3 223 5 -1.19029 4 0 214 21 0.588003 25 22 201 13 -1.8693 28 30 142 250 0.785398 219 222 255 16 1.13417 248 247 255 15 -2.2143 241 240 249 0 0 
253 255 254 3 3.14159 250 251 255 7 -1.71269 237 234 255 9 -1.46014 218 213 255 163 -1.54013 39 37 167 153 -0.104196 10 8 181 17 0.54042 9 5 218 10 0 3 0 232 5 -2.9442 2 0 228 4 3.14159 2 0 229 12 0.244979 5 0 236 2 -2.67795 4 0 233 8 0.358771 9 7 227 10 -2.9442 13 10 214 13 1.00407 31 27 210 31 -2.81984 33 30 170 223 0.848605 217 218 255 7 1.4289 236 238 255 8 -0.124355 244 242 254 10 0.588003 254 251 253 0 0 
255 251 252 2 1.10715 255 251 255 5 -2.11122 253 242 255 5 -1.3734 240 230 255 18 -0.938047 210 207 255 154 -1.46727 38 42 155 149 0.0268392 26 31 194 15 -1.70335 0 7 200 14 0 0 4 208 16 1.32582 11 16 233 16 -2.39965 0 0 232 9 1.68145 11 10 238 15 -1.5708 1 0 210 15 1.50423 25 25 201 27 -1.93797 13 15 140 232 0.809784 195 196 255 33 0.679414 230 230 255 19 0.822418 253 252 255 2 3.14159 255 253 255 3 -1.89255 255 251 252 0 0 
255 252 254 2 -0.785398 255 249 252 3 -2.81984 255 248 251 7 0.785398 255 250 255 10 -1.5708 236 235 255 21 -1.47584 199 205 255 149 -1.40234 36 43 158 161 0.0062111 25 33 186 14 -0.785398 10 15 194 8 3.14159 6 8 210 10 0 4 3 219 10 1.3734 18 16 222 19 -2.35619 13 12 186 11 0.348771 27 29 161 219 0.714549 185 189 255 49 0.756835 232 235 255 8 1.21203 250 250 255 1 -0.785398 255 253 253 2 0.463648 255 253 254 1 0 255 253 254 0 0 
255 253 255 7 -1.97569 248 247 251 9 0.785398 255 254 255 1 3.14159 255 254 255 10 -2.2143 242 243 255 8 0.244979 237 239 255 11 -1.83705 213 219 255 150 -1.46453 54 56 164 150 -0.186979 19 13 168 66 0.274167 34 22 206 12 -2.41495 26 11 202 10 -2.49809 23 13 180 22 0.502843 43 40 156 228 0.76992 211 213 255 20 0.750929 236 238 255 7 0.141897 244 246 255 6 1.40565 253 254 255 0 0 255 255 255 0 0 255 255 255 0 0 255 255 255 0 0 
250 251 255 3 0.982794 253 254 255 2 -2.67795 254 253 255 5 -1.76819 249 248 250 6 1.10715 253 254 255 9 -1.5708 241 242 255 12 0.726642 240 245 255 18 -1.78947 215 217 255 113 -1.40275 96 90 201 130 -0.436163 35 27 164 103 -0.0678568 28 19 159 66 0.335968 56 49 164 224 0.760246 218 220 255 10 1.47113 237 240 255 6 2.03444 250 251 255 5 -1.76819 250 249 253 7 0.785398 255 254 255 0 0 255 255 255 0 0 255 255 255 0 0 255 255 255 0 0 
252 255 251 1 -0.785398 253 254 252 4 3.14159 255 252 254 2 -0.463648 254 250 255 4 0.785398 255 253 255 10 3.14159 251 254 255 5 -1.5708 241 249 255 6 0.896055 237 251 255 14 -2.0032 217 230 255 71 -1.38717 144 155 217 88 -0.559797 97 107 171 173 0.777268 222 233 255 8 -0.950547 222 234 255 7 0.876058 235 243 255 12 0.726642 250 248 255 6 2.97644 255 249 255 0 0 255 253 255 0 0 255 255 255 0 0 255 255 255 0 0 255 255 255 0 0 
253 255 249 0 0 249 250 246 0 0 255 254 255 0 0 255 252 255 0 0 247 243 249 0 0 253 255 255 0 0 247 255 251 0 0 235 252 249 0 0 232 253 255 0 0 220 243 255 0 0 222 243 255 0 0 229 249 255 0 0 227 246 249 0 0 244 255 255 0 0 246 240 255 0 0 255 247 255 0 0 255 252 255 0 0 255 255 255 0 0 255 255 255 0 0 255 255 255 0 0 
