255 255 246 2 0.785398 255 255 244 109 -2.6168 211 208 180 174 -2.64726 131 129 88 99 -2.45586 72 72 12 6 0.165149 73 74 10 61 1.71728 134 133 75 108 2.20504 217 216 172 169 2.82919 255 255 240 102 -3.13179 255 255 244 3 -2.81984 255 255 240 6 -1.24905 254 255 227 93 -2.7353 222 224 178 193 -2.62695 131 132 76 91 -2.4104 75 71 13 2 1.5708 75 73 15 61 1.74921 131 134 78 105 2.29587 205 210 165 155 2.75869 255 255 236 99 3.13149 255 255 244 0 0 
255 255 241 111 -2.12655 167 168 142 160 -2.35179 57 57 21 9 -0.708626 54 55 5 26 0.837981 78 79 15 20 -2.39066 65 66 0 10 0.588003 70 70 10 10 -1.76819 56 56 8 111 1.46311 164 162 132 148 2.42276 255 255 236 49 3.06014 255 255 237 106 -2.05965 170 172 136 165 -2.3391 54 57 7 8 0.62025 63 65 6 7 1.1659 75 71 12 9 -1.5708 64 63 2 12 0.165149 63 65 6 5 1.03038 63 68 17 103 1.69635 164 165 133 147 2.39923 255 255 238 0 0 
203 208 169 166 -2.03176 56 61 16 9 2.43297 65 70 15 5 2.11122 74 78 13 13 -1.93797 64 68 0 11 1.10715 74 78 3 5 -1.9513 68 70 4 4 1.81578 70 71 15 13 -1.72345 53 54 12 161 1.54596 211 214 175 86 3.10672 214 218 177 180 -2.06661 57 61 12 3 2.1588 63 67 8 8 0.124355 68 69 5 4 1.10715 75 73 8 3 2.1588 78 76 11 13 -2.57486 68 70 4 12 -1.07145 53 58 0 20 0.35299 58 61 12 153 1.55119 211 212 170 0 0 
131 140 84 108 -2.28442 51 59 0 21 0.484478 64 72 2 6 2.67795 71 76 1 3 -2.1588 71 74 0 6 0.463648 74 77 0 7 -2.55359 68 70 0 14 0.211093 70 71 9 7 -1.4289 59 62 7 71 1.55671 127 133 80 54 3.08609 130 136 81 99 -2.28489 56 63 2 13 1.20362 71 78 11 11 -2.67795 70 74 3 0 0 73 72 4 7 -2.26553 67 67 0 14 0.737815 77 78 6 8 2.89661 76 79 10 13 -2.40878 67 67 7 54 1.44189 119 120 64 0 0 
62 73 5 8 1.81578 71 82 10 18 -2.1588 60 69 0 15 0.463648 70 77 0 5 1.19029 79 82 0 10 -2.1588 70 72 0 16 1.32582 86 84 13 16 -2.4859 72 73 5 8 -2.19105 62 66 1 18 1.05841 76 82 17 17 -2.65164 68 75 8 5 -1.3734 63 71 1 2 -0.785398 63 69 0 11 0.463648 71 74 2 5 -2.11122 68 68 0 12 0.96007 80 78 7 15 -2.49809 71 70 0 9 0 69 70 0 12 0.726642 77 76 8 15 2.9442 78 79 13 0 0 
61 71 1 31 0 63 73 0 9 1.46014 76 85 0 8 -2.52134 72 81 0 8 -2.78282 73 76 0 9 0.110657 76 75 0 1 -1.5708 73 71 0 5 -2.76109 69 68 0 11 0.661043 74 76 6 9 -2.1294 63 70 0 10 0.927295 71 78 3 4 -1.81578 67 74 0 6 1.40565 75 79 7 9 -2.1294 68 71 0 5 1.19029 75 76 4 9 -1.68145 68 67 0 17 0.74542 82 79 4 9 3.14159 80 79 5 18 -2.1294 62 62 0 24 0.726642 78 77 9 0 0 
94 99 38 73 -0.420991 64 71 4 11 3.05093 69 76 0 7 -0.876058 66 72 0 15 1.1659 82 84 2 12 -2.46685 76 74 0 7 -0.982794 70 64 0 17 0.74542 80 76 11 12 -2.53087 71 71 1 3 0.982794 72 76 1 1 1.5708 72 77 2 2 -2.35619 70 75 0 4 3.14159 70 74 3 4 -0.244979 70 72 2 3 0.588003 74 75 3 5 1.76819 81 80 6 12 -2.24554 71 69 0 5 -0.197396 70 68 0 15 0.876058 80 78 14 31 2.44685 98 97 36 0 0 
161 161 113 127 -1.00887 53 57 0 24 0.785398 74 79 4 5 -1.19029 70 76 0 3 -2.55359 72 73 0 6 1.24905 80 77 3 4 2.35619 83 77 12 12 -2.07014 72 66 1 7 0.785398 75 73 2 3 0.321751 74 75 1 6 -2.97644 71 75 0 4 -1.32582 67 71 0 10 0.927295 75 76 8 4 -2.67795 73 74 6 2 -2.35619 73 74 2 2 -1.10715 71 72 0 5 0.643501 74 74 4 4 1.5708 76 76 12 23 -1.91957 53 52 0 102 1.40404 154 151 100 0 0 
227 225 191 163 -1.3362 70 69 25 71 0.0281616 76 77 13 22 -2.67795 67 71 0 10 0.291457 72 73 0 2 0.463648 75 73 2 5 3.14159 77 71 6 8 0 77 71 6 3 1.89255 78 76 5 12 -2.41495 68 69 0 13 0.463648 74 75 1 1 1.5708 73 76 4 2 -1.5708 71 73 3 1 0 71 73 3 3 2.81984 72 76 1 4 0.244979 73 77 2 8 -3.01724 71 74 5 4 -2.03444 65 67 8 4 2.35619 66 65 21 173 1.21809 227 226 188 0 0 
255 255 238 126 -1.55492 139 137 103 135 -0.71744 52 54 2 42 0.495552 76 78 12 13 -2.77442 72 74 4 6 -1.40565 68 69 0 13 1.2723 83 80 12 13 -2.40878 74 71 3 5 -1.9513 69 67 0 17 0.825377 82 82 6 9 -2.43297 74 76 0 10 3.04192 75 76 2 2 -0.463648 72 75 3 6 -2.46685 68 71 0 9 1.0122 76 80 4 11 -1.83705 64 68 0 8 0.62025 65 71 6 9 -2.58299 57 62 11 74 1.0832 121 122 88 187 0.864478 255 255 237 0 0 
255 255 247 26 -1.64757 238 236 212 155 -1.4162 86 88 46 132 -0.228497 59 63 4 12 0.844154 70 74 8 8 -2.78282 69 73 2 5 -0.197396 71 71 1 3 -2.81984 72 70 0 10 0.982794 81 81 5 7 -2.1588 75 75 0 14 -2.45586 66 66 0 23 0.60005 77 80 1 11 -2.35619 67 71 0 7 0.982794 73 77 2 5 3.14159 72 77 2 1 -1.5708 67 75 4 10 -1.9513 54 62 2 39 1.31347 88 95 50 188 0.947462 239 242 216 23 0.60005 251 253 234 0 0 
255 254 249 2 0 255 255 243 49 -1.5708 213 214 182 159 -1.25103 64 68 19 125 -0.0559416 58 64 5 13 0.837981 72 76 10 13 -2.40878 66 68 0 11 0.785398 76 77 5 2 -0.463648 75 77 1 17 -2.31622 64 64 0 29 0.809784 85 86 6 17 -2.23677 69 72 0 5 0.927295 71 75 0 4 -0.785398 67 71 0 6 0.896055 70 75 6 7 -2.44685 61 68 7 6 0.674741 60 69 18 189 0.81524 195 203 166 86 0.793528 255 255 239 2 -0.785398 251 255 243 0 0 
255 255 254 2 -1.5708 255 255 247 2 2.67795 255 255 240 76 -1.55764 185 189 154 145 -1.01147 64 70 21 113 -0.0794782 58 64 5 9 1.46014 71 75 9 12 2.97644 76 78 8 16 -1.9513 63 64 0 24 0.870903 82 84 8 18 -2.55359 72 75 0 1 0 72 75 0 5 2.2143 74 78 2 9 -2.92292 71 74 5 5 -1.76819 62 65 9 6 2.03444 65 68 22 168 0.873775 190 194 158 99 0.771113 255 255 235 3 1.24905 255 255 247 1 3.14159 253 255 251 0 0 
255 254 255 4 -1.5708 253 251 250 4 1.5708 255 255 248 0 0 255 255 240 87 -1.5708 175 179 143 143 -0.998207 58 63 12 114 -0.0350733 57 62 1 10 0.927295 69 71 5 7 1.2925 77 79 9 13 -2.09887 67 68 0 9 0.708626 73 76 0 4 -1.81578 67 72 0 3 -0.588003 64 68 0 13 0.463648 68 70 10 15 -2.67795 59 57 16 162 0.802788 173 170 142 130 0.779993 255 255 239 1 -1.5708 255 255 243 2 0.463648 254 255 251 6 -2.46685 248 250 250 0 0 
253 253 255 4 -2.03444 249 250 254 5 0.785398 255 254 255 2 3.14159 255 255 249 10 -2.07789 251 254 229 85 -1.46531 170 173 134 146 -0.872555 61 65 13 99 0.0403821 69 71 11 10 -2.9442 70 70 6 2 2.35619 74 74 4 2 -1.5708 72 74 0 2 0 70 74 0 7 1.5708 76 78 12 23 -2.14717 52 53 3 164 0.819867 170 165 140 134 0.806448 255 255 247 1 -1.5708 255 255 250 2 2.67795 255 255 254 6 -1.89255 249 248 252 8 0.785398 255 253 255 0 0 
251 251 255 2 1.10715 253 254 255 2 -1.5708 253 252 255 5 -2.60117 252 250 249 7 0.785398 255 255 245 3 3.14159 255 255 237 107 -1.5708 159 160 121 147 -0.795013 57 57 9 94 0.0637433 65 66 10 7 2.55359 71 72 10 0 0 71 74 5 6 -2.81984 69 70 6 6 -1.73594 59 61 9 138 0.86217 162 160 125 143 0.780472 255 254 241 5 0.927295 255 254 254 3 -1.5708 255 251 252 3 0.321751 255 252 254 2 0.785398 255 254 255 5 -1.76819 250 248 254 0 0 
255 254 254 1 2.35619 255 255 255 7 -1.5708 250 248 247 8 0.950547 255 255 252 3 -1.5708 254 254 248 3 0.982794 255 255 248 7 -2.55359 255 255 237 114 -1.53572 146 147 115 147 -0.689539 54 57 12 75 0.132552 65 69 17 12 -2.64225 59 63 11 3 0.982794 61 64 18 100 1.01326 144 145 113 163 0.798384 255 255 238 3 0.588003 255 255 250 1 0.785398 255 255 255 3 3.14159 255 255 255 0 0 255 255 255 1 -1.5708 254 253 255 1 0 254 253 255 0 0 
255 253 252 2 0.785398 255 255 254 2 -1.5708 255 254 250 2 1.5708 255 255 252 3 -2.81984 255 254 254 5 -1.3734 251 249 248 8 0.785398 255 255 248 8 -2.62245 255 255 237 133 -1.54073 127 130 91 148 -0.539261 51 56 11 32 0.215358 58 62 20 56 1.2658 110 114 79 199 0.820844 254 255 235 7 0.982794 255 255 248 5 3.14159 255 255 254 3 -1.5708 252 252 252 3 1.24905 255 255 255 0 0 255 255 255 0 0 255 255 255 1 3.14159 255 255 255 0 0 
255 255 255 0 0 255 255 254 3 -2.55359 255 254 250 2 -0.463648 252 253 251 3 1.5708 255 254 255 6 3.14159 255 255 255 7 -1.5708 253 249 244 9 0.785398 255 255 242 11 -2.03444 254 255 223 171 -1.54741 83 87 46 116 -0.0688565 75 78 39 209 0.972198 246 248 218 21 0.71883 255 255 242 3 -1.24905 254 251 246 5 1.76819 255 255 255 2 -1.5708 253 252 254 2 0.785398 255 255 255 2 3.14159 255 255 255 3 -2.81984 254 254 254 3 3.14159 254 254 254 0 0 
255 255 255 0 0 254 252 251 0 0 255 255 254 0 0 252 253 251 0 0 251 248 250 0 0 255 255 255 0 0 255 255 252 0 0 255 255 239 0 0 255 255 228 0 0 199 202 163 0 0 193 195 159 0 0 255 255 234 0 0 255 255 244 0 0 251 251 245 0 0 255 254 255 0 0 255 254 255 0 0 253 252 254 0 0 252 252 252 0 0 251 251 251 0 0 251 251 251 0 0 
