248 253 255 7 -2.35619 239 248 255 6 2.24554 239 252 255 28 -2.1294 206 221 255 77 -3.11562 192 204 255 157 -2.872 144 153 255 114 -3.08027 141 142 255 102 2.88477 172 174 255 134 2.86227 220 228 255 143 3.1346 223 239 255 5 1.76819 221 246 255 22 -2.91812 205 236 255 117 -2.83871 159 186 255 149 -2.91279 120 143 255 90 -3.05294 116 129 255 89 2.71311 160 171 255 130 2.87803 206 219 255 135 3.06029 226 241 255 12 2.81984 241 250 255 3 -0.982794 241 250 254 0 0 
239 246 255 4 -2.03444 232 239 255 6 -1.5708 217 227 255 165 -2.5939 122 133 207 110 -2.36901 33 45 157 11 -0.348771 23 34 168 27 0.298499 35 39 182 13 -0.298499 36 39 167 25 1.08991 68 75 162 144 1.69601 215 225 255 96 -2.97474 192 212 255 111 -2.11892 89 112 188 89 -2.26124 8 32 146 39 0.588003 27 46 183 9 0.110657 31 45 188 10 -0.927295 30 40 171 27 1.12328 66 77 169 135 1.70433 210 221 255 159 3.02816 237 248 255 22 3.14159 241 252 255 0 0 
230 241 255 3 -2.55359 223 231 255 176 -2.15407 65 68 173 29 -2.18709 29 33 175 26 0.514451 30 41 203 11 1.30454 35 49 221 9 -2.58299 34 43 217 9 -2.58299 32 39 208 14 -0.493941 34 36 190 66 1.51026 104 105 249 64 2.81004 121 128 255 133 -2.36149 22 32 179 27 0.890275 34 47 217 4 -0.463648 28 42 220 2 -1.10715 28 42 214 3 -2.55359 32 44 202 9 -0.558599 37 44 185 9 -0.708626 42 48 155 154 1.53185 205 217 255 128 3.03265 224 239 255 0 0 
220 233 255 98 -1.77619 117 127 204 100 -2.41247 36 40 182 23 0.755104 41 45 224 9 -2.27942 22 36 226 8 0 17 35 228 7 -0.785398 15 30 222 16 1.81578 35 47 237 17 -1.92957 24 30 219 9 0.110657 27 32 219 13 -1.2723 12 20 203 30 0.643501 28 37 224 8 1.10715 31 42 240 7 -2.35619 24 37 235 13 -2.67795 20 35 222 12 0.844154 32 46 224 10 -2.49809 34 41 215 7 -1.2925 35 43 186 26 0.866302 66 80 168 137 1.82812 204 222 255 0 0 
191 206 255 154 -1.77963 31 47 144 25 1.53082 42 55 207 14 -2.64765 25 38 224 7 1.2925 23 42 239 11 -2.87534 14 40 238 14 -1.91382 4 27 219 27 0.528074 18 42 232 6 -2.97644 19 40 232 5 -2.35619 15 35 230 8 2.08994 22 42 237 4 -2.67795 20 40 235 7 -2.9997 21 37 237 13 -2.03444 9 25 225 22 0.661043 24 41 234 11 -2.48055 19 35 225 6 0.674741 27 39 229 10 2.28963 40 54 220 32 -1.72579 19 37 154 132 1.51782 156 177 255 0 0 
152 164 255 120 -1.78767 25 40 162 15 0.785398 22 38 204 8 1.21203 21 39 230 10 -0.588003 8 30 232 3 1.5708 9 33 237 16 1.19029 26 50 246 20 -2.25311 8 36 227 1 1.5708 6 37 230 4 -1.81578 0 32 227 18 0.390607 7 39 236 10 -2.63449 6 32 232 6 0 11 31 232 12 1.24905 27 43 244 15 -2.17634 15 30 230 9 0.86217 22 38 235 9 -2.1294 13 30 227 12 0.896055 26 46 223 22 -2.07364 17 37 179 88 1.3313 108 128 253 0 0 
121 125 255 81 -1.58314 33 41 195 3 1.5708 22 38 215 16 1.05165 29 47 242 21 -2.38844 12 29 234 10 0.982794 21 37 244 8 -2.62245 19 35 235 3 -1.24905 12 34 229 5 0 3 37 227 15 1.10715 12 51 243 25 -2.3007 0 31 225 14 0.785398 6 39 238 2 -1.10715 13 36 236 1 -2.35619 18 33 236 2 2.35619 23 33 241 5 -2.35619 17 31 234 7 0.785398 15 41 232 9 -1.24905 8 36 214 12 1.5708 32 52 213 38 1.85977 75 92 243 0 0 
118 122 255 83 -1.29085 31 39 200 17 2.43934 30 43 229 11 -1.10715 13 29 229 7 1.2925 20 34 240 6 -2.46685 17 31 234 4 1.32582 23 37 233 3 2.81984 21 39 232 3 0.588003 12 43 236 14 -2.40378 0 33 227 17 0.489957 3 41 237 4 2.89661 7 40 239 7 -2.55359 12 34 236 6 -0.321751 16 31 234 2 0 17 30 236 8 0.62025 19 37 238 3 1.89255 16 44 235 14 -2.1588 6 36 215 11 0.0906599 20 40 205 52 1.74218 77 94 251 0 0 
143 155 255 122 -1.24646 20 33 173 29 1.43373 35 48 234 25 -2.60788 15 29 235 13 0 15 31 231 7 0.2783 18 35 228 10 0 22 37 223 7 1.1659 25 44 231 13 -2.03444 6 30 226 21 0.851966 17 45 246 15 -2.35619 4 34 235 4 -0.244979 5 33 234 8 1.10715 18 40 242 10 -2.49809 16 34 235 5 1.9513 19 42 234 3 -1.5708 14 40 230 8 -2.62245 10 35 229 10 0.71883 23 45 227 19 -1.67567 16 33 190 86 1.74547 106 122 255 0 0 
189 203 255 151 -1.49149 29 44 160 66 0.0454233 16 30 203 22 1.48014 29 43 245 11 -2.60117 20 39 236 7 2.35619 25 47 237 12 -2.53087 23 41 226 3 -2.55359 19 38 227 8 1.32582 24 41 244 17 -2.60117 11 31 240 8 0.519146 13 36 242 5 -2.9442 14 35 241 4 -1.81578 12 30 237 1 0 12 32 234 7 1.5708 15 43 234 11 -1.10715 5 34 222 14 0.885067 24 43 234 7 -2.7367 29 46 217 33 -1.84496 8 26 157 164 1.25483 169 188 255 0 0 
212 226 255 97 -1.55018 106 119 205 122 -0.522189 25 39 189 10 1.3734 23 38 225 1 -0.785398 13 35 231 6 3.14159 9 34 234 4 3.14159 15 35 230 8 0.358771 20 36 236 9 -1.98902 11 24 234 17 0.825377 24 35 249 12 -2.46685 16 27 241 7 0.404892 19 30 244 2 -1.5708 15 29 242 7 -0.141897 10 30 239 12 1.48766 17 45 246 18 -2.8023 14 42 233 12 -2.71497 25 38 220 5 -1.03038 33 43 191 32 2.11645 71 89 180 176 0.777398 201 222 255 0 0 
224 235 255 14 0.493941 222 233 255 165 -1.6132 40 51 165 149 0.0603294 33 48 204 16 -2.62245 11 34 214 8 0.244979 7 32 226 15 0.927295 21 43 239 12 -2.29744 14 32 233 8 1.05165 24 36 244 9 -1.78947 17 26 237 10 1.0637 26 34 247 8 -2.62245 20 31 243 9 0.558599 22 37 247 11 -2.48055 13 32 237 6 -1.89255 3 29 227 13 0 12 33 214 16 0.571337 41 48 205 32 -2.24554 30 36 149 232 0.828055 212 226 255 8 0.463648 219 239 255 0 0 
248 251 255 13 -1.7976 228 233 255 15 -0.605545 203 214 255 155 -1.44165 33 49 156 154 0.0906599 31 51 198 12 2.89661 23 47 221 9 -2.58299 17 36 227 4 2.35619 20 36 236 1 1.5708 22 38 235 7 -2.86329 22 35 235 6 -2.67795 17 31 233 16 0.741947 27 43 244 21 -2.55359 15 31 231 2 0 16 33 226 9 1.46014 29 45 228 3 2.81984 41 54 210 40 -2.47839 35 40 155 213 0.792021 201 206 255 31 0.76318 232 243 255 9 0.86217 243 255 254 0 0 
254 250 255 4 0.785398 251 251 255 2 -1.5708 237 243 255 21 -1.90747 203 215 255 152 -1.49201 33 50 160 160 0.0437221 28 47 192 2 3.14159 19 38 213 7 0.876058 21 39 230 6 -1.89255 15 32 225 11 -0.0906599 13 31 226 18 0.982794 26 45 242 24 -2.27069 7 27 222 17 0.489957 18 36 227 6 -0.165149 24 39 215 5 1.9513 40 51 203 31 -2.03444 26 32 151 232 0.742741 197 201 255 32 0.896055 235 237 255 5 1.76819 249 254 255 7 -1.4289 245 252 237 0 0 
255 255 251 0 0 255 254 255 10 -2.1588 246 242 254 9 -0.110657 233 235 255 8 -0.519146 211 223 255 155 -1.545 40 57 160 157 0.0445565 33 50 201 1 -2.35619 23 40 221 11 2.48055 26 43 236 6 -2.81984 19 40 239 14 -2.25653 4 30 228 18 0.708626 18 44 235 13 -3.06482 26 44 227 11 -2.23184 31 43 197 7 -1.5708 46 49 157 225 0.769725 217 217 255 8 0.785398 230 231 255 8 0.463648 243 242 255 9 0.86217 255 255 255 3 -2.1588 255 255 244 0 0 
255 255 252 6 -1.5708 254 249 246 6 1.24905 255 255 254 3 -1.89255 248 249 255 7 -1.4289 227 237 255 8 -0.244979 211 225 255 151 -1.52447 46 59 175 149 -0.0603294 25 39 192 17 0.62025 27 41 219 9 -2.58299 17 32 224 13 1.17601 24 46 236 16 -2.00742 12 34 213 5 1.5708 28 45 202 5 -0.380506 42 54 172 214 0.808496 220 224 255 8 0.124355 233 235 255 10 0.927295 247 246 255 3 0.588003 252 251 255 1 -0.785398 255 253 252 2 0 255 254 247 0 0 
253 253 255 4 -1.5708 249 250 254 5 0.643501 252 255 251 1 -0.785398 249 254 252 3 3.14159 242 251 255 3 -0.982794 231 242 255 10 -2.1588 211 222 255 144 -1.47388 56 66 173 138 -0.0867383 35 42 189 24 0.334737 36 43 212 15 3.14159 35 42 215 14 -2.55359 32 40 193 26 0.380506 52 63 174 202 0.771413 206 217 255 24 0.668289 235 244 255 5 -2.9442 243 249 254 7 0.785398 251 254 255 0 0 255 254 255 0 0 255 255 255 0 0 255 255 254 0 0 
251 253 255 2 3.14159 251 254 255 1 3.14159 253 255 251 5 -1.5708 248 252 246 5 1.76819 251 255 254 11 -1.5708 235 241 252 14 0.832981 237 246 255 21 -1.99365 207 217 255 128 -1.4146 71 77 182 134 -0.225126 34 41 168 35 0.0855053 37 42 175 41 0.785398 71 77 190 182 0.79315 210 221 255 16 1.13417 236 247 255 10 -2.1588 237 246 250 12 0.785398 251 255 251 4 3.14159 255 255 254 0 0 255 255 255 0 0 255 255 255 0 0 255 255 255 0 0 
255 253 253 2 2.67795 255 254 253 1 2.35619 255 255 251 6 -1.5708 254 250 245 6 1.10715 255 255 254 2 -2.67795 252 253 255 8 -1.44644 235 244 254 9 1.35213 236 249 255 17 -1.92957 211 226 255 126 -1.4916 79 96 159 131 -0.0228968 76 91 160 183 0.770015 208 222 255 12 0.785398 226 240 255 6 0.321751 238 247 255 6 1.89255 253 255 255 4 -1.5708 253 251 250 5 0.785398 255 255 255 0 0 255 255 255 0 0 255 255 255 0 0 255 255 255 0 0 
255 252 248 0 0 255 254 249 0 0 255 255 251 0 0 255 252 248 0 0 255 253 250 0 0 255 255 254 0 0 243 248 249 0 0 233 249 255 0 0 226 244 255 0 0 216 237 255 0 0 212 234 255 0 0 220 241 255 0 0 237 252 255 0 0 240 248 248 0 0 255 255 255 0 0 255 254 255 0 0 255 255 255 0 0 255 255 255 0 0 255 255 255 0 0 255 255 255 0 0 
