255 255 255 4 -1.5708 251 251 251 5 0.785398 255 255 255 2 -1.5708 253 253 253 2 0.785398 255 255 255 0 0 255 255 255 4 -1.81578 251 251 251 5 0.785398 255 255 255 0 0 255 255 255 2 3.14159 255 255 255 2 3.14159 255 255 255 5 -2.2143 251 251 251 5 0.927295 255 255 255 2 -2.03444 253 253 253 2 0.463648 254 254 254 1 0.785398 255 255 255 5 -2.35619 251 251 251 5 0.785398 255 255 255 2 -2.03444 253 253 253 2 0 253 253 253 0 0 
255 255 255 2 3.14159 255 255 255 0 0 255 255 255 4 3.14159 255 255 255 5 3.14159 255 255 255 13 -3.06482 254 254 254 19 3.08901 255 255 255 5 3.14159 255 255 255 2 -2.03444 253 253 253 1 3.14159 253 253 253 2 -0.463648 252 252 252 2 2.35619 254 254 254 1 0 254 254 254 1 0.785398 255 255 255 9 3.14159 255 255 255 28 -2.9997 251 251 251 8 2.62245 255 255 255 5 -2.9442 254 254 254 8 3.01724 255 255 255 3 -1.5708 252 252 252 0 0 
253 253 253 2 1.10715 255 255 255 4 -1.5708 251 251 251 29 -3.10712 250 250 250 41 -2.94889 242 242 242 23 -2.83354 235 235 235 27 2.56369 250 250 250 36 3.03094 254 254 254 19 -3.03672 252 252 252 4 0.785398 255 255 255 5 -1.76819 250 250 250 7 0.785398 255 255 255 4 3.14159 255 255 255 36 -2.8899 246 246 246 36 -2.59174 227 227 227 19 2.0577 244 244 244 28 2.9305 250 250 250 37 -3.0339 246 246 246 21 2.71874 255 255 255 4 3.14159 255 255 255 0 0 
254 254 254 1 0.785398 255 255 255 53 -2.47562 222 222 222 13 -1.344 209 209 209 45 0.244979 220 220 220 32 -0.244979 212 212 212 43 0.0464781 214 214 214 40 0.54042 235 235 235 32 2.4859 255 255 255 28 -3.10589 254 254 254 8 3.01724 255 255 255 4 -2.03444 251 251 251 38 -2.20912 220 220 220 6 -0.896055 215 215 215 31 0.0964738 218 218 218 37 -0.0540015 216 216 216 38 -0.078784 213 213 213 37 0.355636 226 226 226 25 1.45137 251 251 251 34 3.02448 255 255 255 0 0 
255 255 255 51 -2.1751 213 213 213 18 0.708626 225 225 225 38 0.803578 253 253 253 2 -0.463648 252 252 252 3 0.982794 255 255 255 6 -1.5708 249 249 249 40 -1.44644 209 209 209 49 0.372988 227 227 227 21 2.05527 246 246 246 7 1.5708 253 253 253 30 -2.16797 228 228 228 12 -2.81984 224 224 224 35 0.665969 246 246 246 12 0.785398 255 255 255 6 -2.97644 254 254 254 6 -1.40565 248 248 248 20 -1.21781 229 229 229 22 -0.563316 217 217 217 35 1.31203 251 251 251 0 0 
226 226 226 3 0.321751 227 227 227 31 0.920926 252 252 252 4 0.785398 255 255 255 1 -2.35619 254 254 254 1 0.785398 255 255 255 1 -1.5708 254 254 254 3 2.81984 255 255 255 38 -1.64958 217 217 217 38 0.859337 246 246 246 31 -2.81984 236 236 236 25 -2.2143 216 216 216 48 0.828849 252 252 252 4 0.785398 255 255 255 6 -1.5708 249 249 249 8 0.785398 255 255 255 4 3.14159 255 255 255 7 -1.5708 248 248 248 23 -1.26274 226 226 226 20 0.643501 238 238 238 0 0 
229 229 229 20 2.1451 246 246 246 12 0.785398 255 255 255 1 -1.5708 254 254 254 1 2.35619 255 255 255 2 3.14159 255 255 255 4 -1.81578 251 251 251 4 0.244979 252 252 252 10 -1.27934 242 242 242 29 -1.10715 216 216 216 9 2.58299 221 221 221 30 1.94513 249 249 249 7 0.982794 255 255 255 4 3.14159 255 255 255 3 3.14159 255 255 255 4 -1.5708 251 251 251 5 0.785398 255 255 255 0 0 255 255 255 13 -1.64757 242 242 242 25 -1.07145 220 220 220 0 0 
218 218 218 37 1.54378 255 255 255 0 0 255 255 255 5 -2.76109 253 253 253 2 0 253 253 253 2 0.463648 254 254 254 1 0.785398 255 255 255 3 3.14159 255 255 255 0 0 255 255 255 47 -1.59207 208 208 208 23 0.0867383 210 210 210 48 1.07963 253 253 253 2 -1.5708 251 251 251 4 0.244979 252 252 252 3 0.982794 255 255 255 0 0 255 255 255 1 3.14159 255 255 255 1 -2.35619 254 254 254 1 0 254 254 254 35 -1.68459 219 219 219 0 0 
219 219 219 36 1.5153 255 255 255 5 -1.5708 250 250 250 7 0.785398 255 255 255 6 3.14159 255 255 255 0 0 255 255 255 6 -2.67795 252 252 252 4 0.785398 255 255 255 6 -2.97644 254 254 254 23 -1.52735 231 231 231 22 0.0906599 233 233 233 29 0.737815 253 253 253 2 0.785398 255 255 255 2 -2.67795 254 254 254 1 0.785398 255 255 255 1 -1.5708 254 254 254 0 0 254 254 254 1 0.785398 255 255 255 7 -2.35619 250 250 250 27 -1.38769 223 223 223 0 0 
221 221 221 34 1.6588 255 255 255 2 3.14159 255 255 255 6 -1.5708 249 249 249 7 0.982794 255 255 255 6 -1.89255 249 249 249 8 0.785398 255 255 255 6 -2.03444 249 249 249 8 0.785398 255 255 255 2 -1.5708 253 253 253 2 0.785398 255 255 255 0 0 255 255 255 2 -1.5708 253 253 253 2 1.5708 255 255 255 4 3.14159 255 255 255 2 -2.67795 254 254 254 1 0.785398 255 255 255 5 -2.11122 250 250 250 7 0.785398 255 255 255 35 -1.6563 220 220 220 0 0 
218 218 218 37 1.19029 253 253 253 29 3.07274 255 255 255 2 -1.5708 253 253 253 1 3.14159 253 253 253 2 0.785398 255 255 255 3 -1.5708 252 252 252 3 1.89255 255 255 255 0 0 255 255 255 0 0 255 255 255 1 3.14159 255 255 255 2 3.14159 255 255 255 2 -1.5708 253 253 253 2 -0.785398 251 251 251 3 0.588003 253 253 253 2 2.03444 255 255 255 3 -1.5708 252 252 252 3 1.24905 255 255 255 3 -1.5708 252 252 252 41 -2.27165 220 220 220 0 0 
232 232 232 23 -0.348771 224 224 224 33 1.96788 255 255 255 9 -2.81984 252 252 252 4 0.785398 255 255 255 0 0 255 255 255 6 -2.46685 251 251 251 5 0.785398 255 255 255 3 3.14159 255 255 255 2 -2.67795 254 254 254 1 -0.785398 253 253 253 2 0.785398 255 255 255 3 3.14159 255 255 255 1 -2.35619 254 254 254 2 -1.10715 252 252 252 4 0.785398 255 255 255 2 -2.03444 253 253 253 2 0.785398 255 255 255 30 -1.80003 225 225 225 13 2.7468 230 230 230 0 0 
254 254 254 43 -1.59405 211 211 211 44 0.913721 246 246 246 31 2.85014 255 255 255 6 3.14159 255 255 255 5 -1.5708 250 250 250 7 0.785398 255 255 255 3 -2.1588 252 252 252 3 0.321751 253 253 253 2 1.10715 255 255 255 0 0 255 255 255 3 -1.5708 252 252 252 2 0.785398 254 254 254 2 2.67795 255 255 255 2 3.14159 255 255 255 1 -1.5708 254 254 254 1 0.785398 255 255 255 9 -2.35619 248 248 248 46 -2.29566 213 213 213 41 1.00963 248 248 248 0 0 
253 253 253 15 -1.76819 238 238 238 27 -0.912908 216 216 216 35 1.19553 249 249 249 30 2.9442 255 255 255 0 0 255 255 255 3 -2.55359 253 253 253 2 1.10715 255 255 255 1 -1.5708 254 254 254 1 0.785398 255 255 255 3 3.14159 255 255 255 1 -1.5708 254 254 254 2 -1.10715 252 252 252 3 0.321751 253 253 253 2 0.785398 255 255 255 0 0 255 255 255 7 -1.97569 248 248 248 36 -2.14376 217 217 217 18 1.35213 235 235 235 28 0.785398 255 255 255 0 0 
250 250 250 7 0.785398 255 255 255 26 -1.5708 229 229 229 25 -0.410127 219 219 219 36 1.37875 255 255 255 42 -3.07029 252 252 252 3 0.588003 254 254 254 1 0.785398 255 255 255 3 3.14159 255 255 255 4 -2.35619 252 252 252 3 1.24905 255 255 255 0 0 255 255 255 3 3.14159 255 255 255 5 3.14159 255 255 255 0 0 255 255 255 5 -2.60117 252 252 252 40 -2.49809 228 228 228 9 -2.27942 221 221 221 46 0.815692 255 255 255 0 0 255 255 255 0 0 
255 255 255 0 0 255 255 255 5 -2.60117 252 252 252 26 -1.45592 226 226 226 29 -0.448723 213 213 213 43 1.27063 255 255 255 36 3.14159 255 255 255 14 -2.9305 252 252 252 3 0 252 252 252 2 0.463648 253 253 253 2 0.785398 255 255 255 3 -2.1588 252 252 252 3 -0.588003 250 250 250 7 0.785398 255 255 255 12 -2.71497 250 250 250 41 -2.33925 220 220 220 2 1.10715 222 222 222 45 0.754158 253 253 253 2 0.785398 255 255 255 1 -1.5708 254 254 254 0 0 
255 255 255 5 -2.11122 250 250 250 7 0.785398 255 255 255 4 -2.67795 253 253 253 27 -1.5708 226 226 226 29 -0.236849 219 219 219 25 1.03709 241 241 241 33 2.70497 255 255 255 20 -3.09163 254 254 254 1 1.5708 255 255 255 2 -1.5708 253 253 253 2 1.10715 255 255 255 3 3.14159 255 255 255 21 -2.59304 244 244 244 36 -2.45392 221 221 221 5 0 221 221 221 48 0.785398 255 255 255 0 0 255 255 255 0 0 255 255 255 0 0 255 255 255 0 0 
252 252 252 4 0.785398 255 255 255 5 -2.2143 251 251 251 4 0.463648 253 253 253 2 0.785398 255 255 255 23 -1.82598 232 232 232 30 -0.762147 211 211 211 42 0.601074 235 235 235 27 2.38183 254 254 254 33 3.1113 255 255 255 4 -2.89661 254 254 254 2 -2.35619 252 252 252 34 -2.69093 237 237 237 30 -2.37945 216 216 216 28 0.354706 226 226 226 41 0.785398 255 255 255 2 3.14159 255 255 255 0 0 255 255 255 0 0 255 255 255 0 0 255 255 255 0 0 
255 255 255 3 -1.5708 252 252 252 3 1.24905 255 255 255 2 3.14159 255 255 255 6 -1.5708 249 249 249 7 0.785398 254 254 254 8 -1.44644 246 246 246 32 -1.28824 215 215 215 36 0.165149 221 221 221 31 1.31019 251 251 251 41 3.11721 252 252 252 53 -2.51696 221 221 221 11 -0.54042 215 215 215 44 0.688924 243 243 243 16 0.785398 255 255 255 2 -1.5708 253 253 253 2 1.5708 255 255 255 0 0 255 255 255 0 0 255 255 255 0 0 255 255 255 0 0 
255 255 255 0 0 253 253 253 0 0 253 253 253 0 0 255 255 255 0 0 254 254 254 0 0 255 255 255 0 0 255 255 255 0 0 251 251 251 0 0 229 229 229 0 0 210 210 210 0 0 209 209 209 0 0 231 231 231 0 0 249 249 249 0 0 255 255 255 0 0 255 255 255 0 0 253 253 253 0 0 255 255 255 0 0 255 255 255 0 0 255 255 255 0 0 255 255 255 0 0 
