246 250 255 3 3.14159 246 251 255 3 -0.982794 243 249 255 6 0.896055 248 255 255 8 3.14159 246 255 254 4 -2.03444 242 253 251 4 0.244979 241 250 255 2 2.35619 243 254 255 4 -2.03444 241 255 242 4 1.32582 245 255 244 1 0.785398 246 255 252 8 -1.92957 238 248 248 5 0.54042 243 251 251 5 1.03038 248 255 255 8 -2.08994 243 249 248 9 0.708626 249 255 253 1 0.785398 248 255 254 9 -2.43297 242 251 248 6 2.03444 248 255 252 7 -1.5708 241 251 245 0 0 
243 249 254 5 1.3734 248 254 255 2 -2.67795 247 253 255 7 -1.4289 238 248 248 6 1.89255 244 255 253 2 0.785398 244 255 255 10 -2.63449 239 248 255 34 3.08284 241 250 255 51 -3.12199 240 255 247 37 3.0339 244 255 248 22 -3.00606 241 255 251 2 0 241 253 253 3 0.321751 244 253 255 2 -1.10715 242 252 252 6 2.46685 248 255 255 6 3.14159 248 255 254 8 -2.19105 241 249 248 7 -0.2783 239 247 246 12 0.785398 248 255 254 4 3.14159 248 255 254 0 0 
242 254 248 4 0.463648 244 255 250 11 2.96174 246 255 255 10 -1.5708 234 246 246 14 0.785398 244 255 255 19 -2.65469 234 246 252 84 -2.77867 204 211 230 68 -2.92134 189 197 214 39 2.80371 202 214 218 47 2.73396 221 235 233 61 2.79421 242 255 255 29 3.10712 243 255 255 21 -3.09401 243 253 255 49 -2.97976 235 246 250 65 3.09547 240 251 249 74 3.12808 241 252 250 39 3.01408 246 255 255 11 3.14159 246 255 255 4 -1.5708 242 252 252 4 1.81578 246 255 255 0 0 
246 255 248 16 -2.22649 231 246 238 18 0.785398 244 255 255 0 0 243 255 255 19 -2.10252 226 235 248 80 -2.0512 153 162 182 19 -1.15257 133 141 171 39 0.385157 148 155 188 26 0.226799 154 165 187 19 0.257324 159 172 186 50 1.4317 209 224 233 36 2.8899 218 233 242 66 -2.69137 191 201 219 35 -2.39617 167 177 194 23 -0.255182 163 174 182 37 1.24905 199 211 215 53 2.47562 233 243 250 49 2.91632 246 254 255 7 -2.35619 241 250 254 5 0.380506 243 252 255 0 0 
234 250 239 14 0.785398 244 255 252 0 0 243 255 255 17 -2.52134 231 242 255 45 -1.79427 185 193 222 28 -1.97104 157 163 204 14 0.885067 167 171 222 4 1.32582 171 175 228 5 -0.197396 168 176 223 9 -0.785398 161 172 210 12 0.674741 169 183 211 18 -2.1294 153 167 195 15 0.321751 160 169 206 30 0.946773 185 195 229 17 -1.85685 169 181 205 28 -0.68573 153 166 182 41 0.700854 184 193 207 58 1.95767 239 248 255 14 2.79857 244 253 255 2 -2.03444 242 252 255 0 0 
244 255 252 10 3.14159 243 255 255 14 -1.5708 227 241 247 15 -0.404892 219 230 252 56 -2.21784 172 177 222 11 -2.60117 165 166 226 6 0.463648 166 166 236 8 1.10715 172 174 245 1 2.35619 171 177 244 9 -2.72337 167 175 234 16 -0.828849 155 168 214 14 0.68573 164 177 221 12 0.674741 174 182 235 5 0.380506 176 184 237 10 1.9513 188 198 238 8 -1.92957 182 193 223 28 -1.85885 160 169 189 62 1.41088 225 232 247 21 2.11935 243 251 255 5 -2.11122 238 247 255 0 0 
233 247 246 14 0.785398 243 255 255 7 3.14159 239 254 255 54 -1.68145 183 194 222 59 -2.78282 159 163 222 14 2.40378 167 167 243 11 3.05093 166 167 248 8 2.78282 167 170 251 13 -2.61352 159 163 244 16 1.87368 175 181 255 12 -1.89255 163 174 236 8 1.10715 171 182 242 9 2.81984 175 183 250 15 -2.67795 168 176 243 15 2.35619 181 189 248 22 -2.51611 172 180 227 9 -1.98902 168 176 205 41 1.49776 213 220 239 27 1.93797 239 248 255 6 -0.896055 234 243 255 0 0 
243 255 255 7 -1.8491 234 249 252 4 0.244979 233 249 255 104 -1.55157 126 138 166 33 0.785398 148 150 215 10 1.9513 154 154 238 4 1.10715 155 159 242 6 -0.165149 152 158 241 20 0 152 157 242 18 1.13095 167 176 255 14 -2.86329 163 175 247 14 -2.79857 160 170 240 14 -2.9997 158 167 241 4 -1.81578 156 163 236 4 1.5708 161 168 237 4 2.89661 166 173 230 5 -2.76109 171 177 212 28 1.4289 203 210 230 40 1.67046 243 251 255 4 -1.5708 239 248 255 0 0 
241 253 255 2 -0.463648 238 253 255 5 -2.9442 235 253 254 82 -1.5708 150 165 184 16 -2.89661 142 147 210 19 0.968509 154 157 238 16 0.519146 159 166 245 17 0.868539 170 180 255 18 -2.43297 156 168 246 7 -0.694738 151 163 241 9 -0.418224 147 160 236 5 -1.5708 144 155 229 13 2.13753 157 166 239 3 -1.5708 154 163 236 5 0 156 163 236 5 0 159 167 227 11 0.661043 175 181 218 20 1.81578 199 205 228 44 1.59352 243 251 255 5 -2.35619 239 248 255 0 0 
243 255 255 8 -1.5708 233 248 251 4 1.5708 235 253 252 98 -1.55039 134 150 167 34 0.72425 153 159 218 19 1.3633 168 172 251 5 2.11122 170 179 253 13 -2.09887 154 167 241 8 1.5708 162 175 251 5 -2.76109 159 172 250 13 -1.7976 147 158 238 12 -1.73594 137 147 225 18 1.46014 157 166 240 4 0.463648 161 168 241 0 0 161 168 241 4 1.5708 170 175 236 8 -1.05165 170 176 211 25 1.89255 198 205 225 43 1.26375 239 247 255 3 -1.5708 236 245 255 0 0 
244 253 255 8 -2.03444 235 246 254 10 0.643501 239 254 255 74 -1.58431 161 175 193 51 0.0196053 157 164 219 13 2.03444 165 171 244 5 2.9442 163 172 245 10 -2.63449 154 167 241 5 0.54042 157 170 246 5 3.14159 156 169 248 14 -2.1588 145 155 239 8 -1.44644 139 146 231 21 1.19029 161 169 246 3 -0.588003 161 168 241 1 0 162 168 241 8 1.21203 174 180 239 19 -1.5708 162 169 202 45 1.74674 211 219 236 32 1.02514 239 248 255 4 -0.463648 237 247 255 0 0 
242 248 255 5 2.35619 244 253 255 3 -1.5708 238 252 255 22 -1.66146 212 226 245 59 -1.22777 153 160 210 15 1.01914 160 168 235 3 -2.1588 154 163 236 11 0.909753 161 171 248 11 -2.48055 152 163 243 3 -0.982794 149 160 242 3 -1.89255 146 154 243 4 -0.244979 147 154 241 15 1.3734 166 171 250 5 -2.2143 163 169 242 6 0.321751 167 172 241 7 0.694738 176 182 235 29 -1.98902 156 163 190 71 1.40102 228 237 250 16 1.13417 243 253 255 5 -1.76819 238 249 255 0 0 
240 244 255 10 0.851966 246 252 255 7 -2.44685 238 247 255 3 0 234 245 255 68 -1.55609 161 170 213 31 0.0964738 160 168 227 12 2.64225 163 169 246 8 -2.08994 152 159 244 8 2.67795 154 164 248 10 -2.49809 148 157 244 2 2.35619 152 157 248 2 -1.10715 152 156 245 9 1.78947 164 167 248 5 1.9513 171 175 246 2 1.10715 175 180 241 13 -1.93797 166 173 216 16 -2.95624 168 177 197 76 1.01914 236 245 254 8 0.950547 243 253 255 7 -2.44685 238 249 253 0 0 
249 254 255 5 -1.3734 242 248 253 4 2.03444 242 250 255 2 -1.10715 237 246 255 38 -1.51821 194 205 235 49 -0.89919 149 161 209 18 0.785398 159 165 240 20 -2.56729 146 150 238 4 1.81578 148 155 242 5 3.14159 148 155 242 5 1.5708 155 159 247 5 -1.9513 152 155 240 9 1.46014 164 165 245 8 1.44644 174 177 245 14 -2.86329 172 179 228 25 -1.89255 151 161 191 57 1.17735 210 219 232 41 0.802346 241 252 255 4 -1.32582 237 249 251 2 1.10715 239 251 251 0 0 
251 255 248 10 -2.2143 242 249 244 10 0.71883 245 252 255 5 -2.9442 239 250 255 9 -1.46014 225 242 255 58 -1.38016 164 179 211 43 -0.401871 143 150 219 7 2.44685 145 149 237 6 3.14159 143 151 234 10 0.507098 148 157 237 6 0.463648 153 160 239 2 -2.03444 154 159 234 9 1.35213 167 168 242 7 -1.2925 162 166 224 14 2.9997 167 177 207 6 1.5708 175 188 202 77 0.885975 239 251 255 2 1.10715 242 254 254 5 -2.35619 238 250 250 5 0.927295 242 255 253 0 0 
244 254 241 7 0.876058 248 255 251 7 -2.26553 240 249 253 6 0.896055 240 253 255 1 1.5708 237 255 255 28 -1.71269 206 223 242 66 -1.2634 139 149 203 50 0.0996687 142 148 219 15 1.8314 156 164 234 16 0.124355 158 167 235 5 -2.2143 155 163 230 11 0.0906599 160 165 228 13 0.732815 171 175 234 34 -2.41734 151 157 200 18 1.0122 169 181 199 70 0.896055 226 241 244 17 0.74542 240 253 255 3 -1.89255 238 250 250 3 0.982794 241 254 252 1 2.35619 242 255 253 0 0 
245 255 253 4 -2.03444 241 252 250 3 1.89255 242 254 255 1 1.5708 240 255 255 3 -1.89255 235 251 255 4 -1.32582 229 245 255 33 -1.33296 195 206 238 55 -1.08296 144 153 196 55 0.683191 179 186 235 19 -2.0577 162 169 219 22 0.463648 174 178 229 3 0 175 179 227 33 -2.184 150 155 194 19 0.748378 163 172 199 65 0.860525 215 227 237 33 0.785398 241 254 255 2 -1.5708 240 252 252 0 0 240 252 252 0 0 240 252 252 0 0 240 252 252 0 0 
241 253 255 3 -1.24905 238 250 250 4 1.10715 242 254 254 0 0 241 255 254 1 -2.35619 238 253 255 5 2.49809 239 255 255 15 -1.63736 224 236 254 35 -1.13246 190 201 228 38 -0.463648 173 182 216 15 0.927295 185 191 232 16 -2.70497 180 184 225 43 -2.60516 158 164 199 6 1.24905 166 173 198 72 0.618644 208 218 235 45 0.754158 241 253 255 7 3.14159 241 255 254 2 -2.35619 240 252 252 0 0 240 252 252 0 0 240 252 252 0 0 240 252 252 0 0 
244 254 254 2 -1.10715 240 252 252 2 1.10715 242 255 253 1 -0.785398 240 254 252 4 -1.32582 234 250 249 6 1.5708 238 254 255 4 2.89661 239 253 255 13 -1.72345 226 237 255 42 -1.38257 182 193 221 45 -0.266252 170 179 213 41 -0.768451 143 149 184 71 0.241566 160 168 198 98 0.692144 225 234 254 18 1.0122 241 253 255 11 -2.23184 234 247 249 9 0.558599 239 253 251 2 3.14159 240 252 252 0 0 240 252 252 0 0 240 252 252 0 0 240 252 252 0 0 
245 255 255 0 0 243 254 252 0 0 243 255 254 0 0 241 255 252 0 0 236 250 249 0 0 236 251 254 0 0 237 252 255 0 0 234 246 255 0 0 226 237 255 0 0 200 210 240 0 0 212 219 252 0 0 236 244 255 0 0 235 245 255 0 0 234 246 255 0 0 242 255 255 0 0 237 252 248 0 0 240 252 252 0 0 240 252 252 0 0 240 252 252 0 0 241 253 253 0 0 
