249 255 251 2 -1.10715 248 254 249 4 2.35619 253 255 252 2 -2.35619 253 254 252 2 0 255 251 255 2 1.5708 255 251 255 10 -1.5708 249 239 255 14 0.785398 255 250 255 7 3.14159 255 251 255 5 -2.49809 252 251 255 3 0.321751 251 255 249 2 0.785398 253 255 248 8 -1.92957 245 250 241 9 1.0122 253 255 252 8 -1.81578 247 246 250 6 0.674741 251 250 254 5 0.785398 255 255 254 14 -2.79857 250 253 244 7 0.785398 255 255 249 2 -2.03444 255 255 246 0 0 
250 255 255 9 -2.43297 245 250 248 7 0.588003 251 255 250 3 2.55359 255 255 254 8 -2.89661 255 252 253 2 0.785398 255 252 255 10 3.14159 255 251 255 7 -1.5708 250 243 255 7 0.404892 251 247 255 19 2.9341 253 254 255 128 3.14159 253 255 254 185 -3.12538 250 254 248 161 3.14159 250 254 249 135 3.13419 251 253 253 103 -3.13188 252 250 255 4 0.785398 255 253 255 16 -2.08994 241 241 241 19 0.785398 255 255 251 11 -3.05093 255 255 248 3 -1.5708 253 254 244 0 0 
244 247 252 8 1.05165 251 255 255 5 -1.5708 248 251 249 5 -0.643501 247 249 243 11 0.785398 255 255 252 13 -2.30361 249 245 244 14 0.785398 255 253 255 6 3.14159 255 252 255 26 -2.08525 230 229 238 204 -2.60368 123 125 133 129 -2.68487 66 69 73 24 1.01649 87 91 92 63 2.72017 113 117 118 86 2.75036 146 149 154 106 1.73131 253 251 255 180 -3.09718 245 244 254 10 0.851966 253 254 255 12 -1.99742 242 245 243 12 0.96007 254 255 250 4 -1.32582 250 253 244 0 0 
248 251 255 4 0.785398 253 254 255 5 -2.9442 254 255 251 1 1.5708 255 255 251 9 -1.5708 248 249 240 12 0.785398 255 255 252 8 -2.35619 251 248 250 9 -0.86217 240 240 246 227 -2.1844 52 53 63 80 -0.591439 6 8 18 211 0.347156 76 82 89 56 -1.09128 26 32 39 200 0.0199973 32 35 43 235 0.419949 128 130 141 87 -0.728549 71 69 88 230 0.88659 250 248 255 197 -3.12129 246 246 255 5 0.197396 249 249 255 5 0.785398 253 255 254 10 -1.5708 243 247 241 0 0 
253 254 255 9 -2.58299 248 250 250 6 0.674741 254 255 251 2 2.67795 255 255 249 3 3.14159 255 255 251 10 -2.55359 249 250 246 6 1.10715 253 255 255 171 -2.14424 107 110 115 33 0.369334 118 120 130 92 1.23874 201 208 217 165 -2.48479 98 107 116 159 2.25433 222 231 240 233 3.06023 243 249 255 257 -2.9305 189 193 212 192 3.02175 214 212 241 172 -1.88337 52 48 77 247 0.925681 250 247 255 216 3.14159 250 250 255 5 3.14159 251 254 255 6 -2.81984 249 254 253 0 0 
245 247 248 11 0.785398 253 255 255 5 -2.49809 250 252 252 3 0 250 252 252 6 -1.24905 244 245 249 6 1.10715 250 249 255 90 -1.67046 157 158 172 47 -2.70624 135 137 155 126 3.05451 144 148 167 169 -2.68853 67 75 92 98 -2.33461 0 4 21 8 -1.92957 0 0 13 8 0 0 0 17 30 0.229232 0 0 29 163 1.39861 159 155 197 71 2.58447 197 192 237 169 -1.75434 30 27 66 246 1.02898 241 241 255 137 -3.13429 244 244 255 61 3.09245 247 249 255 0 0 
251 255 255 5 -2.2143 247 250 254 4 1.10715 251 253 255 8 -3.01724 250 250 255 63 -3.06239 245 242 255 139 -3.09845 238 233 255 239 -2.59759 110 107 146 116 -2.05367 4 4 44 50 -0.302885 0 0 28 107 0.0931873 0 2 35 106 -0.0565434 0 0 26 132 0.0227234 0 0 30 145 0.151605 14 20 57 110 0.0454233 19 21 69 106 0.74542 95 88 149 68 1.5855 163 155 218 99 -3.05093 154 148 205 114 -2.65834 101 99 145 91 2.18598 179 180 208 107 2.54842 239 243 255 0 0 
248 250 255 1 2.35619 249 250 255 6 -1.5708 243 241 255 120 -2.65943 186 182 211 107 -2.28348 103 97 138 80 -1.10715 29 22 73 95 0.285463 53 46 107 57 -0.0175421 48 45 107 68 0.69288 90 90 150 18 2.6292 98 102 155 20 1.5708 116 124 171 59 2.88852 131 139 186 85 -3.00134 121 125 176 58 -2.66268 95 95 155 24 -2.84615 90 83 158 32 -1.9797 62 52 129 27 -0.414507 49 43 114 43 -0.115759 46 42 101 74 0.554308 87 87 127 157 1.33971 240 244 255 0 0 
246 246 255 2 1.10715 248 246 255 137 -2.17496 135 130 161 22 -2.13411 114 107 150 25 1.5708 137 128 185 70 -2.91374 118 107 179 26 -2.83189 106 96 179 17 -2.85554 98 89 179 25 -1.80634 71 65 152 36 0.746956 94 93 173 67 -2.54539 54 58 129 46 -0.260602 44 47 115 78 0.269589 67 68 136 65 0.0307595 71 68 140 17 0.174672 77 67 150 17 0.463648 85 74 160 29 0.236849 90 83 164 19 0.856706 105 102 171 18 2.43297 119 120 170 128 2.08994 233 235 255 0 0 
247 245 255 77 -1.5708 170 167 193 52 -2.0259 121 118 150 81 -3.05539 112 108 150 125 -2.78468 66 58 118 80 2.78428 91 82 155 20 3.14159 87 77 167 39 0.152649 90 81 178 20 0.398522 96 88 188 60 -1.26988 36 32 128 86 0.818173 97 98 184 19 1.82812 118 119 199 36 2.86329 132 131 205 85 -2.57307 88 85 157 90 3.11937 93 86 161 100 2.9305 114 105 185 121 -3.06735 103 96 177 54 -2.91893 91 87 159 58 -2.42923 55 55 109 175 1.64495 230 233 255 0 0 
247 244 255 100 -1.62075 147 144 169 113 -1.96761 40 39 65 60 -2.33294 0 0 25 123 -0.0081299 0 0 33 136 0.655248 69 67 126 101 2.51789 125 120 199 75 -2.95461 107 102 193 65 3.03431 112 107 206 83 -2.93717 93 90 189 56 -3.12374 94 92 182 78 -3.00149 85 84 164 76 -2.78282 62 61 129 83 -2.27165 0 0 59 9 -0.708626 0 0 49 131 -0.015266 0 0 50 79 0.838918 50 46 118 46 -3.07647 47 43 114 18 -0.390607 42 43 94 195 1.67862 238 239 255 0 0 
243 240 255 140 -1.7137 103 102 122 131 -2.24316 0 0 18 134 1.11712 117 121 140 110 -2.99584 98 102 130 121 -2.06752 0 0 32 73 1.13744 52 51 113 54 -3.04926 44 41 120 37 -2.87065 30 28 118 24 2.7686 39 35 130 41 -2.54683 16 15 101 12 -2.71497 15 14 88 9 -1.98902 9 10 68 13 -2.91479 10 11 55 125 1.22885 131 133 164 103 -2.2606 50 52 87 60 -2.42585 6 5 61 60 1.73594 64 64 124 72 -2.4733 23 23 69 194 1.60171 219 220 255 0 0 
225 222 238 201 -1.59567 22 22 34 38 1.75296 59 63 68 84 -0.591292 10 16 21 133 0.26494 41 50 59 72 -0.25169 20 28 51 91 -0.197396 0 3 47 13 1.72345 10 11 71 8 2.78282 9 9 85 5 -2.76109 7 6 86 11 3.14159 9 8 80 10 2.9442 14 14 74 21 -2.11935 0 2 42 53 1.83379 57 59 83 129 0.0773647 71 73 83 89 -0.737815 9 12 26 127 -0.0314857 0 1 39 39 0.337878 11 12 56 11 0.54042 20 22 53 219 1.60275 239 242 255 0 0 
222 216 233 203 -1.57572 17 15 27 115 1.67477 130 134 135 83 2.99801 141 147 146 58 -2.71639 113 122 125 39 3.09036 112 121 134 154 -2.34702 0 5 38 7 1.71269 3 7 56 94 0.0637433 6 8 73 74 -0.10769 0 0 67 101 0.00990067 1 2 63 113 0.00884933 5 7 55 49 -0.436627 0 0 21 195 1.53491 190 191 205 174 -2.83255 140 142 142 3 0.321751 139 143 144 151 -2.47303 40 43 64 37 -2.76109 23 27 55 24 -2.67795 15 19 38 225 1.67753 241 244 255 0 0 
223 214 234 214 -1.48224 7 2 17 44 1.5708 51 49 55 64 0.708626 89 92 96 12 -0.896055 76 82 87 79 -1.01086 5 12 27 30 -0.0996687 1 4 35 102 1.67822 99 101 149 90 -2.98557 83 83 143 84 2.9139 102 101 163 107 3.02069 117 116 172 146 -2.66571 54 53 95 78 -2.29321 2 0 25 22 1.61622 27 25 37 159 0.811941 149 144 145 133 -2.00425 26 24 24 96 -0.103792 7 11 22 53 -0.0188657 4 10 23 150 -0.0864507 0 0 7 357 0.775497 245 249 254 0 0 
242 234 251 233 -1.50651 9 2 15 161 0.61377 100 98 104 67 3.12667 99 100 104 24 1.40565 121 124 129 81 -1.83061 39 43 54 52 -2.13753 0 0 19 101 0.237836 15 16 50 84 -0.0831412 7 6 48 85 -0.0704713 1 0 44 90 -0.110657 0 0 31 95 0.115276 7 5 35 78 -0.102207 2 0 19 137 1.32759 139 136 145 76 -2.43013 93 88 90 37 2.16621 122 120 120 53 -1.64613 63 66 71 110 2.08319 158 162 167 160 2.5329 251 254 255 160 -3.12909 249 253 254 0 0 
255 253 255 129 -2.02752 139 137 143 166 -2.45376 33 32 36 78 1.97736 105 104 106 90 -3.13048 102 103 107 134 -2.45065 16 16 22 83 1.65493 97 98 108 82 3.03227 106 106 118 98 -3.08044 100 99 115 91 -3.1306 99 98 114 77 -3.07675 94 94 108 83 -3.06943 90 88 100 84 -2.46501 37 36 45 44 1.89255 81 80 84 78 -2.97434 70 67 69 65 2.31274 116 116 116 151 -2.39356 11 13 14 33 0.571337 29 31 32 64 1.49283 93 95 96 160 1.67046 253 255 255 0 0 
198 197 199 189 -1.4543 10 9 11 163 -0.0490404 2 1 3 196 0.0662295 15 14 16 184 -0.0813419 0 0 1 201 0.0546718 11 10 12 194 0.0412138 19 18 20 183 -0.0382327 12 11 13 202 0.00495045 13 12 14 202 0.0642678 26 25 27 196 -0.0560636 15 14 16 204 0.0538694 26 25 27 206 -0.00485433 25 24 26 218 -0.0964738 4 3 5 231 0.0863647 24 23 25 230 -0.0824215 5 4 6 238 0.151375 41 41 41 214 -0.0233602 36 36 36 222 0.194748 79 79 79 212 0.695341 215 215 215 0 0 
220 219 221 58 -0.930708 173 172 174 85 0.295926 198 197 199 56 0.0178552 199 198 200 46 0.0434509 201 200 202 54 0.073939 205 204 206 50 -0.0599282 202 201 203 54 0.222661 214 213 215 41 0.0243854 215 214 216 40 0.173246 222 221 223 32 -0.0934768 219 218 220 38 0.346539 232 231 233 25 0.410127 242 241 243 7 -1.1659 235 234 236 27 0.759763 254 253 255 14 -2.06474 241 240 242 19 0.785398 255 255 255 8 -3.01724 254 254 254 12 -1.48766 242 242 242 16 0.655696 252 252 252 0 0 
255 254 255 0 0 255 254 255 0 0 254 253 255 0 0 245 244 246 0 0 255 254 255 0 0 255 254 255 0 0 255 254 255 0 0 255 254 255 0 0 255 254 255 0 0 254 253 255 0 0 255 254 255 0 0 255 254 255 0 0 245 244 246 0 0 255 254 255 0 0 247 246 248 0 0 255 254 255 0 0 247 247 247 0 0 255 255 255 0 0 255 255 255 0 0 253 253 253 0 0 
