243 254 246 7 0.785398 250 255 252 2 -1.5708 249 254 253 11 -3.05093 250 251 255 3 0.588003 252 251 255 1 -0.785398 249 250 255 3 -2.1588 243 249 255 6 0.674741 247 253 255 4 2.89661 250 255 255 2 -2.67795 252 255 253 1 -2.35619 255 253 250 0 0 255 254 249 2 1.5708 255 255 252 1 3.14159 255 255 252 1 3.14159 253 255 255 2 -2.35619 249 254 253 2 2.03444 253 255 255 9 -1.5708 246 246 246 12 0.785398 255 255 255 4 3.14159 255 255 255 0 0 
250 255 251 0 0 251 255 252 14 -2.06474 242 242 242 18 0.785398 255 254 255 0 0 255 253 255 8 -2.62245 251 249 255 4 1.10715 251 254 255 5 -1.9513 245 250 253 5 0.54042 249 254 253 2 0 253 254 252 2 0 255 253 250 2 0 255 254 249 1 0.785398 255 254 251 0 0 255 255 251 1 -0.785398 251 254 252 2 -0.463648 248 253 252 3 0.982794 255 255 255 0 0 255 255 255 4 -1.5708 251 251 251 4 -0.463648 249 249 249 0 0 
251 255 252 7 -1.8491 248 249 245 7 1.2925 255 255 254 0 0 255 254 254 11 -2.48055 255 246 248 6 0.896055 255 251 253 2 0 255 252 253 4 2.67795 255 255 254 3 3.14159 255 255 254 2 3.14159 255 255 252 2 3.14159 255 255 252 1 -2.35619 255 254 251 0 0 255 254 251 1 2.35619 255 255 252 2 3.14159 255 255 252 3 -2.81984 252 255 253 2 2.67795 255 255 254 3 3.14159 255 255 254 10 3.14159 255 255 254 0 0 255 255 254 0 0 
253 254 250 3 -0.982794 254 251 247 5 1.9513 255 255 251 99 -3.05093 255 245 242 108 3.08609 255 251 246 115 3.11551 255 254 249 129 -3.09511 255 249 243 116 3.11574 255 253 246 111 3.13258 255 254 249 55 3.14159 255 254 249 68 3.12689 255 254 251 72 3.14159 255 254 251 64 -3.12597 255 253 250 64 3.14159 255 254 250 72 -3.1277 252 254 248 68 3.14159 252 253 249 55 3.14159 254 253 249 16 -2.70497 247 246 242 14 0.785398 255 255 254 0 0 255 255 252 0 0 
255 255 252 8 -2.19105 255 248 244 92 -1.49486 175 155 150 40 -2.67795 165 137 130 44 -3.11887 167 136 127 26 -2.71183 154 126 115 33 0.209023 156 134 123 15 2.58994 159 143 131 74 2.27069 209 200 191 45 -2.85431 194 186 179 3 -1.89255 189 183 178 16 0.519146 197 190 187 8 -3.01724 196 189 186 10 -2.28963 186 182 177 14 0.211093 186 187 178 13 1.7976 199 200 191 63 2.45698 241 238 233 88 2.93757 255 255 251 16 3.14159 255 255 252 15 3.14159 255 255 251 0 0 
255 250 247 5 1.19029 255 254 251 136 -1.70335 145 119 112 26 -1.344 128 93 83 35 0.564569 152 113 99 47 1.35674 196 160 144 41 -1.93797 152 122 105 28 -1.85885 116 95 80 100 0.651453 170 156 144 105 0.28873 195 186 177 66 0.18256 205 196 192 52 -0.26791 189 182 179 69 0 189 182 179 70 0.186223 202 196 191 52 -0.26791 185 184 174 68 -0.502843 152 151 141 94 0.0212734 155 152 144 89 1.67158 244 240 235 18 3.08609 245 241 236 16 0.380506 250 247 242 0 0 
255 251 249 15 -1.3734 255 236 231 111 -1.6248 156 125 116 11 -2.96174 163 124 110 12 -3.05845 169 123 105 21 1.8491 190 145 124 42 -2.28963 149 115 92 61 1.65258 201 176 156 82 1.65596 255 255 244 9 -2.43297 255 250 242 3 -2.55359 255 247 243 5 2.2143 255 251 248 8 3.14159 255 251 248 8 -2.52134 253 247 240 6 -2.24554 248 244 233 5 2.9442 247 245 234 101 -1.69881 148 142 135 82 1.31409 228 222 215 55 2.4837 255 255 249 3 3.14159 255 255 249 0 0 
255 254 252 24 -1.61244 252 230 225 116 -1.63107 149 114 104 5 -2.49809 155 112 95 7 0.785398 167 118 96 4 -0.244979 166 118 94 9 -1.46014 148 110 86 59 1.53691 198 169 148 82 1.5708 255 250 235 6 -0.321751 255 248 238 8 -2.89661 255 244 240 3 -0.321751 252 243 240 1 0.785398 253 244 240 6 -2.81984 251 243 236 10 -0.588003 245 239 228 7 -1.4289 236 232 221 67 -1.43727 169 164 155 34 0.450661 184 178 171 80 1.9281 255 253 246 6 -2.81984 255 251 244 0 0 
255 253 251 30 -1.53748 245 223 218 113 -1.66784 145 110 100 6 1.73594 161 117 100 4 2.03444 171 122 100 8 -2.67795 167 119 95 9 -1.0122 152 111 88 57 1.62338 200 169 148 88 1.52537 255 255 241 18 -2.1294 254 239 230 14 0.68573 255 247 243 5 -2.60117 255 243 241 6 -2.03444 249 238 234 15 1.01914 255 253 244 17 -2.19105 246 240 227 5 0.197396 247 241 228 46 -1.81054 202 195 186 49 -1.10715 158 150 143 97 1.69388 253 247 240 9 1.35213 255 255 249 0 0 
255 254 252 42 -1.6421 232 212 207 103 -1.69635 142 109 100 7 2.44685 156 115 100 12 -0.165149 159 114 93 10 0.982794 168 124 101 16 -1.5708 145 108 86 64 1.52396 200 173 153 74 1.63826 255 246 233 7 0.785398 255 251 241 8 -2.08994 254 242 236 4 -0.244979 252 241 237 7 0.785398 255 247 240 10 -2.63449 252 243 234 1 1.5708 251 245 232 15 -1.43824 236 230 217 12 -1.32582 224 217 208 79 -1.36847 144 138 131 111 1.48095 255 249 242 37 -2.92865 247 241 234 0 0 
255 251 249 52 -1.55157 216 199 196 96 -1.53956 131 103 96 25 1.98092 161 127 114 17 -2.67795 158 119 104 6 2.67795 161 123 105 17 -2.27305 143 111 92 56 1.6065 190 167 151 99 2.14213 255 251 239 36 -3.03094 255 247 237 4 0.244979 255 246 240 8 3.14159 255 246 240 9 -1.35213 248 238 231 10 0.380506 252 243 234 14 0.211093 253 247 234 15 -1.10715 237 233 222 9 0.110657 238 233 224 84 -1.51134 154 148 141 71 1.10715 218 212 205 62 2.35619 255 255 249 0 0 
255 253 250 50 -1.70989 214 203 199 120 -1.12567 113 94 87 126 0.135171 138 111 101 113 0.0176973 145 113 102 107 -0.0186894 141 112 98 106 -0.037718 132 109 94 119 0.0336008 130 113 100 141 0.805395 227 215 205 90 2.73235 255 251 242 14 -2.30861 250 239 231 10 1.47113 255 249 241 14 -3.07029 255 249 240 46 2.9694 255 255 247 92 -3.09814 255 254 243 80 -2.9927 246 242 231 68 -3.0975 243 237 230 86 -2.42167 184 181 173 43 -2.86329 172 168 163 90 1.30163 255 255 248 0 0 
248 248 242 12 0.785398 255 255 251 36 -1.65394 231 219 213 31 0.159913 242 223 218 22 -0.179853 241 219 213 33 -0.0906599 236 217 210 39 0.232557 242 226 219 33 -0.530216 221 210 202 89 -1.07234 139 132 123 141 0.875156 248 241 232 91 3.14159 250 241 232 5 -1.3734 246 236 226 33 -1.75065 213 203 193 68 -2.55359 174 165 155 25 0.321751 178 174 163 34 0 176 174 164 36 0 176 172 167 48 -0.785398 141 138 133 92 0.624023 195 192 188 88 0.809394 255 255 251 0 0 
253 255 251 3 -1.5708 254 254 248 8 -2.89661 255 250 247 6 -0.674741 255 245 243 11 0.661043 255 252 250 2 0.785398 255 254 252 3 3.14159 255 255 252 8 -2.78282 255 253 248 31 -1.47432 226 223 215 77 -1.22864 155 150 141 95 1.29537 251 242 232 53 -2.91479 240 230 220 86 -1.34835 156 146 136 56 0.860258 198 189 179 18 1.35213 212 208 197 44 0.0454233 211 210 200 47 -0.0425275 209 206 201 48 0.144812 216 213 209 58 0.749269 255 253 249 3 -0.321751 255 252 248 0 0 
250 255 251 11 -1.66146 240 246 241 15 0.785398 255 255 254 3 3.14159 255 254 255 1 3.14159 255 253 255 4 -2.35619 255 251 253 5 -1.03038 249 247 247 11 0.785398 255 255 254 8 -1.92957 249 249 243 73 -1.48879 179 176 168 54 0.258252 199 190 180 69 2.13092 255 249 237 66 -1.52537 195 183 171 10 1.67046 202 193 183 60 1.87172 255 252 241 7 0.694738 255 255 248 3 -2.81984 255 254 249 2 2.03444 255 255 252 0 0 255 255 252 3 3.14159 255 255 252 0 0 
249 255 251 1 1.5708 251 255 252 3 -1.89255 250 253 251 3 0.588003 254 253 255 2 -1.10715 252 251 255 4 0.785398 255 254 255 0 0 253 255 255 3 -1.5708 250 252 252 3 0.321751 255 254 250 26 -1.53235 232 229 221 76 -1.46592 162 153 144 99 1.591 255 252 242 70 -1.52797 192 182 172 26 -2.8786 182 176 165 85 1.27487 255 255 249 4 -2.03444 253 253 247 3 0.321751 254 253 249 4 0.785398 255 255 252 3 -1.5708 254 252 251 3 -0.321751 253 252 248 0 0 
252 255 253 0 0 252 255 253 1 1.5708 253 255 255 0 0 253 255 255 0 0 253 255 255 0 0 255 254 255 0 0 255 254 255 0 0 255 255 255 1 -1.5708 255 255 251 19 -1.51821 240 236 231 86 -1.51272 156 150 143 104 1.64757 255 254 247 115 -2.11566 161 155 148 49 2.03444 203 200 192 75 0.813428 255 254 250 2 0.463648 254 255 251 3 2.81984 255 255 254 0 0 255 255 254 0 0 255 255 255 0 0 255 255 254 0 0 
254 255 253 0 0 254 255 253 1 1.5708 253 255 255 0 0 253 255 255 0 0 253 255 255 0 0 253 255 255 0 0 255 255 255 0 0 255 255 254 0 0 255 255 254 16 -1.9513 245 240 237 99 -1.45017 148 142 137 78 0.722418 198 194 189 73 -2.16257 137 133 128 146 0.935481 252 252 246 5 1.19029 255 255 254 14 -2.86329 251 252 250 5 0.785398 255 255 255 0 0 255 255 255 0 0 255 255 255 0 0 255 255 255 0 0 
254 255 253 0 0 254 255 253 1 1.5708 253 255 255 0 0 253 255 255 0 0 253 255 255 0 0 253 255 255 0 0 255 255 255 0 0 255 255 254 6 -1.5708 254 249 248 6 0.463648 255 252 249 52 -1.55157 207 201 196 70 -0.755104 157 153 148 121 0.585714 224 220 215 45 0.800782 254 254 248 11 -1.30454 243 241 240 19 0.785398 255 255 254 0 0 255 255 255 0 0 255 255 255 0 0 255 255 255 0 0 255 255 255 0 0 
254 255 253 0 0 254 255 253 0 0 253 255 255 0 0 253 255 255 0 0 253 255 255 0 0 253 255 255 0 0 255 255 255 0 0 255 255 254 0 0 255 255 254 0 0 255 253 250 0 0 255 252 247 0 0 255 254 249 0 0 255 252 247 0 0 255 255 251 0 0 255 255 254 0 0 255 255 254 0 0 255 255 255 0 0 255 255 255 0 0 255 255 255 0 0 255 255 255 0 0 
