158 115 94 19 -2.9341 154 112 89 14 -2.55359 148 104 81 1 3.14159 148 104 80 10 1.67046 158 115 88 15 -2.53605 149 107 78 7 1.4289 156 114 85 16 2.62245 164 123 91 13 -2.77442 157 117 88 4 -2.03444 153 113 84 2 -0.463648 151 112 84 5 1.3734 154 117 89 5 2.49809 157 119 95 2 2.67795 156 120 96 3 0.588003 156 122 99 5 0.927295 158 126 103 5 -2.11122 150 121 100 10 0.643501 154 127 106 7 0.785398 161 132 111 5 -0.643501 158 129 108 0 0 
138 97 75 13 0.226799 141 100 77 22 0.135528 144 104 79 7 3.14159 144 104 79 3 -0.588003 142 103 75 7 0.694738 148 108 79 8 -1.44644 140 101 69 21 0.422854 148 110 78 9 0.708626 154 116 86 2 3.14159 154 116 86 5 -0.380506 150 113 85 13 0 150 113 85 14 0.343024 153 117 93 9 0.708626 157 123 99 4 0.463648 159 125 102 8 -0.244979 154 123 100 17 0.358771 158 129 108 5 0.54042 159 132 111 6 0.674741 165 136 115 1 2.35619 166 137 116 0 0 
145 111 87 12 1.5708 157 123 99 70 -2.76109 131 98 72 37 0.270947 141 108 82 4 0.244979 142 110 81 13 0 144 110 80 18 0.632749 155 122 89 4 -1.32582 151 118 85 7 -0.404892 148 114 84 22 0.321751 153 122 91 10 0.643501 159 127 98 1 1.5708 160 128 99 3 -0.588003 156 125 100 8 0.358771 158 128 103 7 0.876058 164 133 110 6 1.40565 168 140 116 5 -1.76819 161 135 111 5 0.54042 164 138 114 6 -0.321751 164 136 112 6 0.321751 166 138 114 0 0 
142 112 87 62 -1.01389 89 59 34 89 2.14011 164 135 108 22 -1.34732 142 113 86 16 0.655696 152 124 94 5 0.380506 155 126 95 5 -2.60117 152 123 92 7 0.2783 154 125 94 13 1.00407 165 136 105 10 -2.55359 158 130 99 2 -1.10715 157 127 98 10 0.380506 160 131 104 12 0.244979 163 133 108 10 0 163 133 108 7 0.2783 163 135 111 4 1.32582 167 139 115 5 2.9442 166 140 116 7 2.55359 170 144 120 11 -2.96174 168 142 118 4 2.89661 169 143 119 0 0 
173 146 120 135 -1.73352 39 12 0 130 1.39301 167 140 113 38 -0.370891 153 126 99 6 2.81984 155 129 99 10 -0.927295 149 121 91 10 0.982794 158 130 100 10 0.197396 160 132 102 5 -1.9513 155 127 97 8 0.519146 157 131 101 11 0.661043 166 137 110 6 1.40565 170 143 116 12 3.05845 171 144 118 13 -2.91479 168 140 116 5 -2.2143 164 136 112 3 -0.588003 162 134 110 1 0 160 134 110 1 -1.5708 157 133 109 5 1.19029 162 138 114 10 -0.851966 154 130 106 0 0 
153 122 99 89 -1.45891 64 34 9 144 1.34763 205 175 150 116 -2.6395 149 119 94 28 0.510488 163 134 107 8 -1.92957 155 126 99 19 0.748378 168 139 112 12 -2.18152 156 129 102 10 0.380506 160 133 106 6 1.24905 166 139 112 5 -2.9442 165 138 112 8 -2.08994 158 131 105 7 0 158 130 106 13 0.566729 165 136 115 2 1.10715 167 138 117 11 -2.79282 161 134 113 17 -3.08284 158 134 112 7 2.9997 158 136 111 10 1.9513 168 145 123 30 -2.58994 152 130 105 0 0 
168 131 111 67 -1.51117 101 64 42 8 2.08994 106 72 49 85 0.986051 177 143 120 22 -0.688924 161 129 106 9 1.68145 170 138 115 8 -1.5708 162 130 107 11 0.661043 168 137 114 9 -2.72337 162 134 110 3 -0.321751 161 133 109 1 0 159 132 111 4 1.10715 163 136 115 4 1.81578 167 140 120 17 -2.96692 164 137 117 19 -2.60987 154 127 107 26 -0.380506 142 117 97 76 0.117872 150 126 106 104 0.0384426 152 131 109 78 -0.152649 140 119 98 12 0.96007 150 129 107 0 0 
174 134 116 75 -1.61077 99 59 41 67 1.04058 155 117 99 102 2.7303 194 158 140 64 -2.62245 162 126 108 12 0.96007 170 137 118 3 2.81984 170 138 119 11 -1.91957 157 127 108 12 0.726642 163 136 116 18 -2.97644 158 133 113 1 2.35619 159 133 116 13 3.06482 159 135 117 12 -1.65394 147 122 106 57 -0.0525831 144 119 103 111 0.290599 176 151 135 108 0.389097 215 192 176 59 0.666908 250 230 212 33 -0.721655 226 209 188 83 -1.60693 143 126 107 20 1.67046 163 146 125 0 0 
171 130 115 38 -1.64958 133 92 77 80 -1.05165 61 22 7 79 1.67172 138 102 86 36 2.14376 166 133 118 14 0 164 133 118 0 0 162 133 119 2 2.35619 162 135 121 24 -2.23909 140 117 102 15 2.03444 152 131 116 56 -0.197396 139 120 107 97 0.133227 152 133 120 128 0.366057 196 179 166 83 0.597969 243 226 213 33 0.827041 255 251 238 39 -2.83571 255 240 224 47 2.81984 255 255 238 85 -2.51452 221 206 187 86 -1.23087 139 123 106 123 0.0568492 146 131 112 0 0 
166 127 113 5 1.5708 169 132 118 118 -1.46107 49 14 0 114 0.624306 113 81 68 111 0.625485 176 147 133 18 -0.86217 159 133 121 13 -2.98894 155 131 119 33 -0.331096 140 120 109 95 -0.115276 127 109 98 78 1.30121 200 186 174 31 1.37961 231 217 205 53 0.74542 255 253 241 41 -3.02024 255 248 238 54 3.12308 255 250 237 96 -2.75722 223 214 201 65 -2.84868 206 195 181 83 -3.03358 199 186 170 59 2.20083 249 235 217 56 2.92678 255 246 229 136 -1.9622 136 120 103 0 0 
161 127 114 18 1.62629 177 145 132 40 -1.90042 135 108 94 80 0.91737 198 172 160 121 -3.03457 181 159 147 53 -2.31622 138 120 109 139 0.312701 178 163 154 92 0.60005 228 216 206 91 -1.19029 141 131 121 107 0.606135 199 193 182 193 2.80516 255 255 246 158 -2.85982 217 213 202 30 -0.624023 199 194 185 42 -0.91795 165 161 150 12 -2.18152 155 151 140 41 -1.91544 118 112 99 46 1.00076 162 151 137 42 2.42276 194 179 163 97 2.9866 210 194 178 126 -2.62147 147 131 115 0 0 
154 127 113 6 1.89255 159 133 119 24 1.81578 181 158 143 131 -0.942561 71 52 39 87 2.17778 140 124 112 147 2.05876 255 254 242 24 -2.53087 250 239 231 48 2.93195 255 250 241 71 -2.69052 224 219 210 210 -1.61363 14 9 0 116 0.949552 107 105 95 158 2.14479 240 238 228 189 -3.05189 223 221 211 79 -2.13074 156 154 144 70 -0.244979 139 137 126 36 3.14159 143 137 124 66 -2.86743 132 119 105 76 -2.64854 99 83 67 20 3.09163 100 84 68 79 0.661043 149 133 117 0 0 
149 126 110 7 0.2783 149 129 112 108 1.74653 254 235 220 256 -2.00484 19 2 0 85 0.669257 69 55 43 186 1.85352 246 234 222 57 -2.34385 202 193 184 9 -0.785398 193 186 177 24 1.65394 215 209 202 141 -1.91715 82 76 69 105 -0.595918 23 18 9 32 1.19029 53 48 39 134 1.81939 183 178 169 44 1.79929 226 221 212 126 -1.28162 107 101 90 51 -2.5644 82 73 60 21 -1.71269 67 52 36 67 0.162727 81 63 46 129 0.703614 165 147 130 19 -2.31917 151 133 116 0 0 
156 134 116 24 -1.77619 130 110 92 22 2.19628 146 128 111 109 -2.58396 86 70 54 66 -1.64641 17 4 0 191 1.51849 206 194 182 129 3.09511 210 200 190 61 -2.87678 193 184 175 59 -2.76109 171 161 154 68 3.11219 173 164 155 141 -1.24012 39 30 21 25 -0.643501 24 15 6 153 1.46014 178 167 159 89 1.5371 255 255 247 207 -1.84844 69 57 47 82 0.14531 85 69 56 97 0.528074 139 118 103 49 1.06173 184 162 144 43 -2.43798 156 133 117 10 0.851966 164 142 124 0 0 
153 129 109 32 -1.4158 119 97 79 79 -0.892134 55 35 17 63 0.491809 83 65 48 51 -1.72639 30 13 0 52 1.74218 81 65 53 95 2.2143 155 140 131 66 -2.95903 143 128 119 72 -2.64115 108 92 85 124 1.94833 224 208 201 204 -2.24554 66 48 41 24 -0.844154 49 30 22 144 1.29725 190 169 161 137 2.92846 221 199 188 121 -2.6153 162 137 127 24 2.53087 176 153 138 22 -2.63875 167 142 126 16 -2.14213 153 129 109 12 1.73594 165 141 123 18 -2.50884 154 130 110 0 0 
159 134 114 13 1.64757 171 147 127 58 -1.8491 113 92 71 59 -0.606605 79 57 39 101 -0.538727 25 5 0 111 0.0360205 27 8 0 95 0.792805 95 76 63 13 -2.13753 84 65 52 29 -0.616297 67 47 36 86 0.406419 101 81 70 57 -0.283096 87 65 53 73 0.0683863 94 70 58 78 -0.446604 62 36 24 98 0.633297 121 94 80 26 1.14103 147 118 104 19 0.785398 161 132 117 3 3.14159 159 133 116 9 -2.27942 152 127 107 1 -0.785398 151 126 106 2 0.785398 153 128 108 0 0 
160 133 112 6 -2.81984 156 132 110 10 2.07789 165 141 119 11 2.79282 169 144 124 29 -1.88179 141 116 96 45 -1.08735 100 76 56 58 -0.103082 94 70 52 66 0.307397 114 90 72 59 0.690446 152 128 110 11 1.10715 162 138 120 7 2.86329 165 139 122 14 2.9305 168 142 125 27 -1.93797 142 116 99 14 -0.785398 134 107 87 32 0.982794 161 134 114 3 -1.24905 158 131 111 7 -2.7367 155 128 108 0 0 155 128 108 0 0 155 128 108 0 0 155 128 108 0 0 
154 127 106 2 -0.463648 153 126 105 3 0.982794 156 129 108 7 2.1588 162 135 114 13 2.98894 164 137 116 13 -2.91479 161 134 113 6 -2.97644 160 133 112 5 2.49809 163 136 115 9 -2.81984 160 133 112 4 -2.67795 158 131 110 6 -2.24554 153 126 105 7 1.5708 160 133 112 7 -2.1588 154 127 106 3 -0.588003 152 125 104 11 1.03038 162 135 114 12 -1.99742 151 124 103 5 0.927295 155 128 108 0 0 155 128 108 0 0 155 128 108 0 0 155 128 108 0 0 
156 129 108 4 -2.89661 155 128 107 5 -2.49809 152 125 104 3 -0.982794 149 122 101 7 0.2783 151 124 103 4 1.10715 155 128 107 5 2.9442 156 129 108 2 -2.03444 154 127 106 9 0.218669 156 129 108 5 -2.76109 154 127 106 1 -1.5708 153 126 105 7 0.404892 156 129 108 1 2.35619 157 130 109 2 2.67795 158 131 110 3 -2.81984 157 130 109 7 -2.7367 154 127 106 5 0.197396 155 128 108 0 0 155 128 108 0 0 155 128 108 0 0 155 128 108 0 0 
152 125 104 0 0 151 124 103 0 0 154 127 106 0 0 156 129 108 0 0 153 126 105 0 0 150 123 102 0 0 155 128 107 0 0 163 136 115 0 0 151 124 103 0 0 154 127 106 0 0 160 133 112 0 0 155 128 107 0 0 155 128 107 0 0 155 128 107 0 0 150 123 102 0 0 159 132 111 0 0 155 128 108 0 0 155 128 108 0 0 155 128 108 0 0 154 127 107 0 0 
