247 255 254 1 1.5708 248 255 255 11 -2.48055 244 248 249 9 0.785398 253 255 255 2 -1.5708 253 252 254 5 2.76109 255 255 255 3 -1.5708 255 253 249 3 0.321751 255 255 247 2 1.5708 255 255 248 4 -1.81578 251 255 243 3 2.1588 252 255 247 8 -2.78282 249 254 245 5 2.60117 252 255 253 123 -3.11721 249 251 252 4 1.10715 255 252 255 3 -2.55359 253 250 255 2 0.785398 255 254 255 3 -1.89255 252 252 252 5 -1.03038 247 247 247 11 0.785398 255 255 255 0 0 
249 255 254 8 -1.5708 241 247 246 12 0.785398 251 255 255 7 3.14159 253 255 255 9 -2.27942 248 247 249 9 0.785398 255 255 255 9 3.14159 255 255 254 2 -1.5708 255 255 249 3 2.81984 254 255 248 5 -1.3734 247 252 243 3 -1.24905 244 249 240 4 3.14159 244 248 242 208 -2.55758 129 132 130 131 1.95975 251 253 254 184 -3.13616 252 250 255 39 3.06482 255 253 255 7 -2.9997 254 253 255 1 0.785398 255 255 255 5 3.14159 255 255 255 5 -1.9513 250 250 250 0 0 
250 255 253 1 0.785398 253 255 254 7 -1.5708 246 249 247 1 0.785398 249 249 249 8 0.785398 255 255 255 10 -2.07789 248 246 246 12 0.785398 255 255 255 5 -1.5708 252 250 249 7 0.785398 255 255 254 7 -2.44685 248 251 249 8 -2.03444 240 243 241 235 -2.33518 68 73 71 26 0.345556 79 81 81 16 -0.828849 67 69 70 144 1.61937 213 212 216 171 2.9362 248 247 251 137 3.09054 255 254 255 7 -2.35619 250 250 250 5 0.643501 253 253 253 2 0.785398 255 255 255 0 0 
255 255 254 0 0 255 255 254 10 -2.49809 249 250 248 8 0.785398 255 255 254 5 -1.76819 252 250 250 7 0.785398 255 255 255 7 3.14159 255 254 255 2 3.14159 255 254 255 6 -1.89255 247 248 252 10 -2.85014 242 245 249 249 -2.40997 75 78 82 20 1.10715 93 96 100 16 -2.83871 88 91 95 31 -1.89255 60 61 65 28 -0.636508 45 44 46 67 1.76528 111 110 112 174 2.22231 250 250 250 226 3.1239 254 254 254 2 2.67795 255 255 255 5 -2.49809 252 252 252 0 0 
255 255 252 8 -1.5708 249 248 244 11 0.785398 255 255 252 2 -2.67795 255 255 251 1 2.35619 255 255 254 7 -1.5708 250 248 248 7 0.785398 253 252 255 3 3.14159 251 250 255 15 -1.97569 234 236 247 260 -2.38336 53 56 70 28 1.39409 81 84 98 13 -2.61352 74 78 89 4 2.89661 77 80 88 10 2.85014 81 84 88 71 -2.30673 30 32 33 29 -1.12207 5 5 5 26 0.785398 24 24 24 228 1.66264 252 252 252 251 -3.13761 251 251 251 70 3.14159 251 251 251 0 0 
255 255 254 5 3.14159 255 255 252 4 -2.67795 255 254 250 2 0 255 254 250 2 1.5708 255 255 254 2 -1.5708 253 252 254 3 -1.89255 248 247 255 9 -2.81984 242 244 255 301 -2.42901 43 44 64 15 1.43824 56 59 80 12 1.14417 65 70 91 1 1.5708 68 72 90 5 -1.76819 65 68 82 60 -2.52134 32 36 41 10 2.28963 43 45 45 26 -2.22187 24 25 23 39 -0.553294 3 3 3 52 -0.0384426 1 1 1 180 1.57635 181 181 181 112 2.42527 255 255 255 0 0 
255 249 250 5 0.197396 255 251 250 4 1.10715 255 255 252 3 -2.55359 255 254 250 2 0.785398 255 255 254 7 -2.7367 250 251 255 14 -2.30861 236 238 248 317 -2.36733 12 14 32 84 0.400241 41 45 70 37 0.499347 58 62 91 24 0.244979 64 68 97 21 0 64 69 94 55 -1.8466 14 18 36 41 0.169101 23 28 37 10 -0.0996687 25 30 29 29 1.43373 56 59 57 36 -3.05845 55 55 55 70 -2.24554 0 0 0 97 1.39553 96 96 96 186 0.987245 252 252 252 0 0 
255 254 255 4 -2.67795 255 252 253 2 -0.463648 255 252 251 4 0.785398 255 255 254 7 -1.71269 246 248 248 9 -2.43297 238 241 246 326 -2.36918 7 10 24 112 0.829395 88 91 112 34 -2.78282 73 77 106 11 2.23184 80 85 118 38 0.078784 83 87 122 44 -0.945311 47 53 82 50 0.0599282 53 58 79 26 -1.17601 31 37 48 7 -1.8491 28 33 34 12 -2.07014 18 23 21 16 -2.39965 9 11 11 9 0.708626 17 17 17 220 0.968975 199 199 199 79 0.785398 255 255 255 0 0 
255 250 252 5 0.927295 255 255 255 3 3.14159 255 255 255 3 -2.81984 254 254 254 20 -2.45928 239 241 242 333 -2.36681 3 6 14 87 1.22007 81 86 101 26 -1.26109 54 58 82 14 2.06474 64 69 100 54 1.5153 116 122 157 68 -3.01 107 113 150 55 -2.92292 97 102 133 44 -2.16501 63 67 91 38 -1.19991 29 35 48 31 -0.351445 22 27 30 18 -1.18019 6 11 10 17 0.463648 16 18 18 162 0.868178 142 142 142 159 0.785398 255 255 255 7 3.14159 255 255 255 0 0 
255 253 255 2 -1.5708 254 251 253 3 0 252 252 252 22 -2.48055 238 237 239 334 -2.36254 1 2 6 103 0.346286 33 36 44 60 1.52084 89 94 109 83 -2.64033 47 51 75 53 0.446842 67 72 103 49 -2.79453 50 54 89 48 3.0378 55 59 94 31 2.57967 72 77 108 36 3.08609 77 82 103 40 -2.62245 59 65 78 44 -2.277 27 33 38 27 -2.84309 22 27 26 126 0.875045 121 123 123 186 0.785398 255 255 255 11 -2.48055 248 248 248 8 -1.05165 241 241 241 0 0 
254 253 255 1 2.35619 255 254 255 25 -2.19105 234 233 235 328 -2.34757 0 0 1 118 1.00861 98 99 103 59 -1.60468 37 39 47 125 -0.128323 18 21 36 82 1.39965 97 100 121 100 -2.34211 23 26 54 21 -0.982794 4 8 37 83 0.317948 30 34 63 41 2.94889 38 43 68 36 3.05845 42 48 67 38 -2.7707 30 36 47 36 -2.12065 1 7 12 132 0.844154 103 107 108 208 0.788788 253 255 255 9 -1.68145 246 246 246 10 0.643501 252 252 252 4 0.785398 255 255 255 0 0 
253 252 254 13 -1.7976 240 239 241 333 -2.35619 4 3 5 59 1.63849 63 62 64 64 2.56652 98 97 101 72 1.95387 163 162 171 138 -2.0022 35 35 47 62 -0.0483494 31 31 47 10 1.19029 39 40 60 50 1.8491 86 89 110 112 -2.14642 0 0 16 119 0.108812 5 9 28 3 2.1588 10 13 27 11 2.87534 13 18 27 111 0.753562 92 95 99 220 0.798218 250 254 255 5 3.14159 254 254 254 3 3.14159 254 254 254 1 0.785398 255 255 255 12 -1.99742 244 244 244 0 0 
248 250 250 246 -1.55047 4 4 4 5 -2.35619 0 0 0 12 0.785398 11 8 10 62 1.5708 73 69 74 75 2.64225 109 105 111 39 -2.98894 101 98 107 67 -2.02787 38 37 47 127 -0.062909 28 29 39 44 0.0454233 29 31 42 86 1.55917 115 117 128 139 -2.25451 7 9 19 13 -2.67795 2 4 12 107 1.07811 97 100 105 190 0.896874 250 249 253 2 -0.463648 249 248 250 6 0.321751 251 251 251 5 0.785398 255 255 255 5 -1.5708 250 250 250 5 0.54042 253 253 253 0 0 
253 255 254 255 -1.5904 0 1 0 172 0.0522779 11 9 8 7 3.14159 13 8 9 6 -0.674741 9 4 6 63 1.50739 73 66 71 65 3.09547 75 69 74 97 1.74606 171 165 170 122 -2.30422 78 75 77 44 -1.19873 35 34 36 24 -0.124355 32 31 33 43 -2.30705 0 0 1 69 0.958894 57 56 58 229 0.791571 220 219 221 47 0.740652 254 250 255 7 2.7367 255 254 255 0 0 255 255 255 0 0 255 255 255 1 3.14159 255 255 255 6 3.14159 255 255 255 0 0 
250 251 247 78 -1.59643 172 173 169 189 -1.1166 4 2 1 177 0.067693 18 13 14 14 -2.79857 16 7 10 29 -0.204018 10 1 4 51 1.51204 63 52 54 62 2.62045 92 84 84 41 2.97249 97 92 89 39 -2.1588 63 60 55 69 -2.20277 7 5 0 43 1.01463 44 41 36 230 0.880495 222 219 215 50 0.813169 255 254 255 10 -1.9513 250 243 246 14 0.785398 255 254 255 1 3.14159 255 255 255 1 -1.5708 254 254 254 5 -2.11122 249 249 249 8 0.785398 255 255 255 0 0 
248 249 245 8 0.950547 255 255 252 76 -1.58395 181 179 178 194 -1.16928 4 0 0 205 0.185946 43 37 38 46 -2.38649 13 5 6 12 -0.499347 7 0 0 44 1.5708 51 44 41 51 2.60788 75 71 66 77 -2.41069 23 20 12 11 2.35619 30 28 20 212 0.8586 191 189 181 94 0.77788 255 254 250 2 -2.35619 255 251 250 4 1.32582 255 254 255 1 -1.5708 255 253 255 1 2.35619 255 255 255 4 -1.5708 251 251 251 5 0.785398 255 255 255 4 -1.5708 251 251 251 0 0 
253 254 252 2 0.463648 254 255 253 1 2.35619 255 255 255 53 -1.64613 204 202 202 204 -1.30925 6 4 4 225 0.0577136 19 17 17 17 -1.68791 2 0 0 9 0 2 0 0 13 1.04272 14 12 11 2 -2.35619 12 10 9 208 0.839766 167 165 164 125 0.785398 255 254 253 5 -2.60117 253 251 250 4 0.244979 254 252 252 4 0.785398 255 255 255 2 -2.35619 255 253 253 2 0.785398 255 255 255 0 0 255 255 255 0 0 255 255 255 0 0 255 255 255 0 0 
255 255 255 3 -2.55359 253 253 253 2 -0.785398 251 251 251 5 0.927295 255 255 255 26 -1.64757 229 229 229 215 -1.46835 15 15 15 233 -0.0257454 9 9 9 24 -0.0831412 7 7 7 7 2.7367 10 10 10 173 0.933075 149 149 149 145 0.804813 254 254 254 5 -1.3734 249 249 249 8 0.785398 255 255 255 8 3.14159 255 255 255 5 -2.76109 253 253 253 4 2.67795 255 255 255 2 3.14159 255 255 255 0 0 255 255 255 0 0 255 255 255 0 0 255 255 255 0 0 
252 252 252 4 0.785398 255 255 255 4 -2.89661 254 254 254 1 -2.35619 253 253 253 2 -0.785398 251 251 251 5 -0.643501 248 248 248 215 -1.53825 33 33 33 224 -0.147568 0 0 0 190 0.636141 113 113 113 197 0.767479 250 250 250 5 1.5708 255 255 255 0 0 255 255 255 8 -1.5708 247 247 247 4 0.785398 250 250 250 5 -0.197396 249 249 249 6 0.674741 253 253 253 2 0.785398 255 255 255 0 0 255 255 255 0 0 255 255 255 0 0 255 255 255 0 0 
255 255 255 0 0 251 251 251 0 0 253 253 253 0 0 255 255 255 0 0 255 255 255 0 0 255 255 255 0 0 255 255 255 0 0 153 153 153 0 0 255 255 255 0 0 250 250 250 0 0 255 255 255 0 0 255 255 255 0 0 250 250 250 0 0 255 255 255 0 0 254 254 254 0 0 255 255 255 0 0 255 255 255 0 0 255 255 255 0 0 255 255 255 0 0 255 255 255 0 0 
