243 255 255 13 -2.40878 235 249 245 10 0.588003 245 254 251 4 2.89661 249 255 250 4 -1.10715 247 251 245 8 0.785398 255 255 251 14 -2.45586 246 247 245 9 1.46014 253 255 255 8 3.14159 251 254 255 9 -2.58299 245 249 254 5 1.5708 248 255 255 9 -1.89255 241 246 247 12 0.844154 253 255 252 6 3.14159 255 255 249 20 -2.03444 241 241 229 23 0.755104 255 255 245 2 -0.463648 255 253 249 3 1.24905 255 255 252 5 -1.5708 252 251 247 2 1.10715 254 254 248 0 0 
234 247 245 12 0.896055 246 255 254 11 -2.48055 243 250 245 9 0.785398 253 255 252 1 3.14159 255 255 252 11 -1.91957 246 245 241 8 0.358771 249 247 246 8 0 247 246 248 4 3.14159 245 245 251 8 0.358771 245 248 255 20 3.04192 247 250 255 43 3.09511 250 253 255 10 -2.63449 249 249 249 6 -0.463648 248 247 243 8 1.81578 255 255 248 1 0.785398 255 255 249 13 -2.98894 255 253 252 3 2.55359 255 255 254 5 -2.35619 253 252 248 4 -0.244979 252 251 247 0 0 
248 255 252 7 -1.2925 242 247 245 9 1.78947 253 255 252 1 -1.5708 255 255 251 17 -2.96692 255 252 248 4 0.244979 255 252 251 3 1.5708 255 254 255 46 -2.88099 245 241 246 55 2.92292 255 252 255 112 -2.91812 228 226 238 67 -2.82454 207 205 217 60 2.49809 243 241 253 83 3.02169 255 252 255 77 -2.9997 248 242 247 36 2.83708 255 253 255 15 -2.12245 249 241 242 13 0.628796 254 249 251 2 2.67795 253 250 252 5 2.2143 255 255 255 2 -1.5708 255 253 252 0 0 
253 255 254 13 -2.19959 244 245 243 15 0.785398 255 255 254 20 -2.07789 242 237 236 18 1.5708 255 254 254 3 -1.89255 255 250 252 66 -2.46218 217 207 213 67 -2.82454 194 185 195 51 -2.1045 149 140 153 57 0.370891 166 161 176 66 -0.0756131 161 155 172 83 0.0120476 162 156 173 49 0.32812 182 172 188 31 1.63522 214 204 217 64 2.51051 255 242 254 72 3.05845 255 249 255 10 -2.63449 252 245 252 4 0 250 246 251 7 1.1659 255 254 255 3 3.14159 255 254 255 0 0 
251 248 244 8 1.5708 255 255 254 10 -1.9513 252 244 244 8 -1.44644 246 235 237 24 0.756835 255 251 255 84 -2.44837 212 196 203 72 -2.30769 157 141 152 71 0.241566 172 158 170 97 0.376711 204 193 209 65 0.532504 236 226 243 17 0.74542 246 237 255 35 -1.3734 211 202 222 51 -0.6898 180 168 190 78 -0.244979 162 150 170 62 0.291457 184 168 186 71 1.82598 253 237 254 74 3.0339 255 247 255 10 -3.04192 255 247 255 4 0.244979 255 249 255 1 3.14159 255 250 255 0 0 
252 247 246 8 0.463648 255 250 250 14 -2.79857 255 244 247 11 0.909753 255 252 255 68 -1.86503 203 184 193 67 -2.54539 165 145 157 72 1.09473 227 209 222 50 0.883672 255 248 255 5 2.9442 255 249 255 48 -2.93195 249 239 255 40 2.9927 253 245 255 54 -3.10457 251 242 255 59 3.09079 255 244 255 45 -2.26272 222 209 231 71 -1.00623 166 148 171 61 0.213369 179 162 183 79 2.01198 249 236 252 46 2.86036 255 250 255 8 -2.62245 255 247 255 3 -1.24905 252 244 254 0 0 
255 253 255 18 -1.73594 244 235 238 18 1.05841 255 249 255 18 -1.84174 246 231 239 124 -2.17889 147 127 140 52 1.33971 198 178 191 94 0.732815 255 240 255 106 3.12273 255 243 255 163 -2.8877 213 203 216 112 -3.11481 209 200 213 124 -3.07717 197 193 205 113 -3.07972 190 186 198 98 2.80061 225 218 233 152 2.93004 255 249 255 156 -2.89661 224 210 228 85 -1.90362 143 129 147 92 0.716804 202 190 208 73 2.37542 253 242 255 17 2.9105 255 247 255 4 -1.5708 253 243 255 0 0 
255 249 255 6 -2.03444 251 242 252 9 0.218669 255 243 255 84 -1.71269 175 158 172 31 -2.49172 157 138 155 126 1.03308 255 247 255 142 -2.22134 152 134 151 145 -2.79165 98 85 99 9 2.58299 100 92 102 15 -1.5708 81 79 85 17 0.174672 82 82 88 14 1.13839 95 95 101 23 -1.39861 74 72 78 37 0.900275 105 100 109 104 2.17996 194 184 197 159 3.03508 211 200 216 64 -1.85335 149 137 157 87 1.54781 236 224 244 31 2.40162 255 246 255 6 -2.46685 253 243 255 0 0 
251 245 255 6 1.40565 255 250 255 26 -2.32917 241 230 246 97 -1.65308 146 132 150 71 1.71072 219 202 223 42 -1.52321 177 160 181 166 -1.73397 11 0 14 151 0.54949 88 78 90 14 1.07685 98 94 99 28 3.07029 96 98 98 10 -2.28963 86 92 87 22 0.502843 96 103 98 5 -0.785398 93 98 96 69 -2.24327 41 43 43 79 -0.165149 32 28 33 189 0.988659 192 184 194 42 -1.3597 151 139 157 62 1.71495 215 200 221 46 2.1588 254 240 255 6 1.10715 255 247 255 0 0 
250 246 255 13 -1.20362 237 232 247 19 -0.486899 232 221 241 100 -1.75065 134 121 143 84 1.78436 219 203 227 84 -2.1357 148 132 155 63 -0.126308 138 126 144 110 -0.398961 94 86 96 43 -2.60516 68 68 68 23 1.82598 87 94 87 51 0.376909 105 115 103 5 -1.03038 98 110 98 54 -1.2315 50 58 48 70 1.90148 119 123 118 42 2.82736 134 134 134 130 0.504861 201 194 201 80 -0.837981 142 130 148 48 1.9513 189 174 195 69 1.80189 255 243 255 4 -0.785398 254 240 255 0 0 
253 251 255 7 -2.9997 252 249 255 44 -1.75065 212 203 223 100 -1.40074 115 102 126 58 1.86553 174 157 184 38 1.28182 211 195 219 31 1.66727 240 228 246 200 -2.0032 55 50 59 52 2.97021 60 63 61 85 2.00813 135 143 133 97 -2.87174 108 119 103 69 2.99767 116 129 113 119 -2.26767 27 35 24 54 1.96842 79 83 77 181 1.97785 250 248 248 31 3.04512 255 248 255 132 -1.5405 124 113 129 50 1.93654 173 158 179 89 1.34484 255 246 255 11 -1.75065 249 236 252 0 0 
244 245 255 7 -2.86329 244 241 255 21 -1.12842 229 220 240 134 -1.44367 98 85 109 88 1.24905 185 167 196 25 2.0169 208 191 218 57 -1.06031 156 144 164 157 -1.87444 5 0 8 25 1.49097 26 27 25 28 2.40615 41 49 39 43 -3.11834 39 50 34 42 3.09401 42 52 36 56 -2.45586 8 13 4 1 -1.5708 9 10 8 208 1.59483 221 215 220 39 1.87668 255 250 255 159 -1.84308 108 94 112 85 1.54727 193 179 197 77 0.986352 255 245 255 10 -2.2143 250 237 251 0 0 
239 238 247 19 0.822418 255 251 255 11 -1.5708 248 237 255 122 -1.52984 127 113 137 83 0.571337 174 156 185 98 2.46369 236 218 247 125 -1.5468 111 95 118 159 -0.687498 8 0 11 133 0.0150365 7 4 6 123 -0.0243854 2 4 0 148 0 0 5 0 123 0 2 5 0 135 0.05919 12 10 9 124 -0.0483494 9 1 8 243 0.972532 212 198 216 28 0.244979 221 203 226 142 -2.27182 110 95 116 131 1.28517 236 222 240 30 0.551655 252 239 253 4 2.35619 255 243 255 0 0 
254 253 255 1 0.785398 255 252 255 45 -3.00904 254 242 255 57 -1.46592 199 183 207 112 -1.13095 99 78 110 146 1.30932 243 220 252 118 -3.09925 236 217 242 91 -1.4505 143 130 146 108 -0.073939 133 126 131 123 0.178411 154 150 149 92 -0.273842 127 126 122 130 0.0920468 141 137 136 116 -0.0258563 139 130 140 112 0.0624188 150 134 152 141 0.710164 245 221 251 139 -2.19272 131 108 140 34 2.52134 149 131 154 131 1.06296 255 249 255 13 -1.5708 249 237 249 10 1.0637 255 246 255 0 0 
255 255 254 45 -1.65945 212 208 213 63 0.785398 255 249 255 17 -2.11122 249 231 254 112 -1.49949 140 116 146 114 -0.122195 126 102 134 124 1.59499 250 227 255 136 3.0975 255 236 255 66 3.05093 255 245 255 19 -2.53931 246 236 242 20 0.927295 255 253 255 7 -2.86329 255 249 255 15 -2.67795 255 238 255 37 3.08759 255 236 255 155 -2.4749 168 135 179 88 -2.39617 106 76 117 172 0.707368 213 195 218 71 0.795299 255 249 255 16 -2.62245 252 242 254 7 0.694738 255 248 255 0 0 
253 252 248 5 0.785398 255 254 255 9 -1.5708 251 242 252 5 0.380506 255 241 255 6 -1.24905 253 232 255 131 -1.47188 123 100 128 123 -0.0730406 114 92 117 98 0.886502 190 169 191 102 2.5644 245 228 242 128 3.00853 255 246 255 131 -3.1187 255 243 254 126 -3.07029 248 233 247 132 -2.9131 221 199 223 127 -2.43382 140 113 146 45 -1.01914 103 70 114 181 0.847817 237 208 247 39 0.892134 255 246 255 13 -1.64757 246 237 247 16 0.785398 255 250 255 1 -0.785398 255 249 255 0 0 
255 255 252 5 3.14159 255 255 254 4 -1.5708 255 249 254 4 -0.244979 255 246 255 5 1.5708 255 249 255 21 -1.71269 243 227 244 73 -1.27934 175 156 175 114 -0.680198 103 84 103 149 0.100333 118 99 118 80 0.163095 131 112 131 56 0.0356991 133 114 133 47 -0.255182 121 102 121 71 0.0281616 123 103 126 109 0.35344 161 140 165 112 0.531273 218 196 224 63 0.706908 255 239 255 5 1.19029 255 249 255 1 0 255 252 254 1 0.785398 255 253 255 0 0 255 253 255 0 0 
252 251 247 5 1.5708 255 255 252 0 0 255 254 255 5 -1.5708 254 249 251 3 0.588003 255 249 255 6 2.67795 255 251 255 12 -2.97644 255 247 255 14 -2.1588 250 234 251 55 -1.4442 197 178 197 60 -0.165149 187 168 189 73 -0.109153 179 160 181 85 0.153544 190 173 194 78 0.446604 224 207 228 48 0.726642 254 240 255 8 1.10715 255 248 255 5 -2.11122 255 245 255 4 1.10715 255 252 255 0 0 254 254 254 0 0 254 254 254 1 0.785398 255 255 255 0 0 
252 252 246 5 1.19029 255 255 252 5 3.14159 255 255 254 4 -2.67795 255 252 253 7 -1.2925 251 244 249 9 -0.321751 250 239 247 12 0.165149 254 240 252 7 0.404892 255 242 255 2 -1.10715 255 239 255 7 0.404892 255 242 255 3 1.24905 255 245 255 4 3.14159 255 245 255 3 -2.81984 255 244 255 1 3.14159 255 245 255 1 1.5708 255 246 255 0 0 255 248 255 2 0.785398 255 253 255 0 0 254 254 254 1 0.785398 255 255 255 0 0 255 255 255 0 0 
254 254 248 0 0 252 252 246 0 0 255 251 250 0 0 255 254 255 0 0 255 253 255 0 0 255 252 255 0 0 255 247 255 0 0 255 244 255 0 0 255 246 255 0 0 255 243 255 0 0 255 241 255 0 0 255 242 255 0 0 255 244 255 0 0 255 245 255 0 0 255 247 255 0 0 255 250 255 0 0 255 253 255 0 0 255 255 255 0 0 255 255 255 0 0 255 255 255 0 0 
