255 255 255 5 -1.76819 250 250 250 6 0.896055 255 255 255 11 -2.96174 253 253 253 3 -1.5708 250 250 250 7 0.785398 255 255 255 11 -2.79282 251 251 251 5 0.643501 254 254 254 3 -1.24905 251 251 251 4 1.10715 255 255 255 105 -3.06555 247 247 247 11 0.785398 255 255 255 5 -2.49809 252 252 252 1 0.785398 253 253 253 2 1.10715 255 255 255 5 -1.9513 250 250 250 7 0.785398 255 255 255 4 -2.35619 252 252 252 3 -0.588003 250 250 250 5 0.380506 252 252 252 0 0 
254 254 254 1 0 254 254 254 10 -1.86225 244 244 244 14 0.68573 253 253 253 2 0.785398 255 255 255 12 -1.99742 244 244 244 15 0.785398 255 255 255 2 3.14159 255 255 255 5 -2.76109 253 253 253 111 -1.96628 150 150 150 179 2.51485 255 255 255 212 -3.12273 251 251 251 2 0.785398 253 253 253 1 0.785398 254 254 254 1 -0.785398 253 253 253 6 2.81984 255 255 255 3 -1.5708 252 252 252 3 1.24905 255 255 255 3 3.14159 255 255 255 1 3.14159 255 255 255 0 0 
255 255 255 4 -1.5708 251 251 251 5 0.927295 255 255 255 6 3.14159 255 255 255 10 -2.63449 250 250 250 7 0.785398 255 255 255 2 -1.5708 253 253 253 5 -2.60117 250 250 250 104 -2.7468 210 210 210 293 -2.36824 5 5 5 38 1.70162 43 43 43 214 1.77277 253 253 253 246 3.13753 254 254 254 1 2.35619 255 255 255 10 -2.2143 247 247 247 11 0.785398 255 255 255 2 -1.5708 253 253 253 2 -0.463648 252 252 252 2 0.785398 254 254 254 1 0 254 254 254 0 0 
255 255 255 4 -2.89661 254 254 254 5 -1.3734 249 249 249 6 -0.463648 246 246 246 10 0.982794 255 255 255 0 0 255 255 255 7 -1.5708 248 248 248 198 -2.64867 154 154 154 217 -2.35294 0 0 0 9 0 0 0 0 2 0 0 0 0 7 1.2925 7 7 7 246 1.59518 253 253 253 250 -3.12559 249 249 249 36 2.97644 255 255 255 0 0 255 255 255 4 3.14159 255 255 255 3 -2.81984 254 254 254 2 2.67795 255 255 255 0 0 255 255 255 0 0 
251 251 251 4 1.5708 255 255 255 0 0 255 255 255 3 -1.89255 252 252 252 5 2.60117 255 255 255 0 0 255 255 255 284 -2.4482 73 73 73 100 -2.34211 1 1 1 8 1.69515 9 9 9 11 -2.48055 2 2 2 2 3.14159 2 2 2 1 -0.785398 1 1 1 2 2.03444 3 3 3 210 1.58508 213 213 213 206 2.93659 255 255 255 88 -3.09617 251 251 251 3 0.321751 252 252 252 3 0 252 252 252 4 0.785398 255 255 255 4 3.14159 255 255 255 0 0 
251 251 251 5 0.785398 255 255 255 4 -2.89661 254 254 254 8 -2.19105 247 247 247 11 0.785398 255 255 255 320 -2.38929 36 36 36 48 -2.39965 3 3 3 4 -2.35619 0 0 0 1 0 0 0 0 7 0 0 0 0 3 1.5708 3 3 3 3 -1.5708 0 0 0 3 0 0 0 0 13 1.00407 11 11 11 156 1.64119 167 167 167 183 2.64876 254 254 254 77 3.12861 255 255 255 6 3.14159 255 255 255 4 -1.5708 251 251 251 3 0.321751 252 252 252 0 0 
255 255 255 4 -1.81578 251 251 251 4 -0.463648 249 249 249 8 0.785398 255 255 255 326 -2.34101 21 21 21 24 -2.08994 0 0 0 0 0 0 0 0 3 0.321751 1 1 1 6 1.5708 7 7 7 9 -2.35619 0 0 0 3 0.982794 3 3 3 2 3.14159 3 3 3 4 2.03444 7 7 7 9 -2.35619 0 0 0 5 1.03038 5 5 5 172 1.58824 177 177 177 191 2.75526 249 249 249 50 3.02216 255 255 255 12 -3.05845 254 254 254 7 -1.4289 247 247 247 0 0 
254 254 254 1 2.35619 255 255 255 1 3.14159 255 255 255 264 -2.11057 28 28 28 33 -2.54539 9 9 9 9 -1.98902 0 0 0 3 1.5708 3 3 3 2 -0.785398 1 1 1 1 -2.35619 0 0 0 2 1.5708 2 2 2 2 -2.67795 1 1 1 1 0 1 1 1 1 -2.35619 0 0 0 3 1.5708 3 3 3 8 -0.124355 2 2 2 2 -2.35619 0 0 0 199 1.56075 199 199 199 202 2.92292 243 243 243 15 0.927295 255 255 255 8 -2.62245 251 251 251 0 0 
253 253 253 1 1.5708 254 254 254 135 -1.60042 119 119 119 168 -2.35619 0 0 0 13 0.394791 5 5 5 7 -2.35619 0 0 0 5 1.5708 5 5 5 7 -0.785398 0 0 0 0 0 0 0 0 8 0 0 0 0 2 1.5708 2 2 2 2 -1.5708 0 0 0 6 0 0 0 0 11 1.22203 11 11 11 15 -2.35619 0 0 0 5 0.380506 2 2 2 2 -2.67795 1 1 1 251 1.57478 252 252 252 157 -3.11612 248 248 248 9 0.785398 255 255 255 0 0 
253 253 253 3 -1.89255 250 250 250 251 -1.68628 0 0 0 12 1.5708 12 12 12 16 -2.35619 0 0 0 4 0 0 0 0 10 1.5708 10 10 10 14 -2.35619 0 0 0 8 1.5708 8 8 8 11 -2.35619 0 0 0 3 0.588003 2 2 2 4 2.03444 6 6 6 6 -2.81984 4 4 4 4 -2.03444 0 0 0 7 0.694738 5 5 5 7 -2.35619 0 0 0 7 0 0 0 0 95 1.54975 95 95 95 168 1.89629 255 255 255 10 -2.63449 250 250 250 0 0 
252 252 252 31 -1.47432 221 221 221 222 -1.44032 0 0 0 3 0 0 0 0 4 1.5708 4 4 4 5 -2.35619 0 0 0 5 0 0 0 0 8 0 0 0 0 4 0 0 0 0 3 1.24905 3 3 3 5 -0.54042 0 0 0 4 0 0 0 0 6 0.321751 2 2 2 4 1.32582 6 6 6 6 -2.03444 0 0 0 7 1.1659 7 7 7 8 -2.52134 2 2 2 39 1.62203 41 41 41 207 1.40644 246 246 246 12 0.726642 254 254 254 0 0 
255 255 255 6 -2.24554 250 250 250 247 -1.56675 3 3 3 14 -0.211093 0 0 0 0 0 0 0 0 6 0.896055 5 5 5 5 2.60117 8 8 8 5 -2.35619 4 4 4 5 -2.49809 1 1 1 7 1.71269 8 8 8 8 -2.62245 4 4 4 2 1.10715 6 6 6 6 -2.67795 3 3 3 3 3.14159 3 3 3 3 3.14159 3 3 3 12 -0.244979 0 0 0 2 0 0 0 0 75 1.54414 75 75 75 199 1.12057 255 255 255 10 3.14159 255 255 255 0 0 
251 251 251 4 0 251 251 251 234 -1.58362 17 17 17 197 -0.0860812 0 0 0 4 1.5708 4 4 4 4 -1.5708 0 0 0 4 1.10715 4 4 4 5 -2.35619 0 0 0 13 0 0 0 0 160 0.00624992 1 1 1 24 0.165149 5 5 5 143 -0.0349508 0 0 0 31 0 0 0 0 6 0 0 0 0 16 1.19029 15 15 15 19 -2.4275 2 2 2 0 0 2 2 2 165 1.30243 162 162 162 122 0.744958 245 245 245 12 0.610726 252 252 252 0 0 
255 255 255 15 -2.67795 248 248 248 34 -1.36775 214 214 214 217 -1.39053 0 0 0 248 0.0161276 4 4 4 99 -0.0201993 2 2 2 11 -0.179853 0 0 0 17 0.825377 13 13 13 203 0.809784 160 160 160 163 -0.972607 25 25 25 124 1.43345 148 148 148 130 -1.11746 31 31 31 225 -0.111147 6 6 6 55 0 6 6 6 7 -2.26553 0 0 0 48 0.0416426 2 2 2 166 0.266778 46 46 46 292 0.780567 252 252 252 3 1.5708 255 255 255 0 0 255 255 255 0 0 
241 241 241 19 0.785398 255 255 255 3 -2.55359 253 253 253 5 -1.19029 248 248 248 145 -1.52256 103 103 103 171 -0.552419 13 13 13 242 -0.00413221 12 12 12 280 0.525769 153 153 153 142 0.770474 252 252 252 210 -1.56603 42 42 42 166 1.78817 205 205 205 109 2.66565 255 255 255 194 -1.5708 61 61 61 203 -0.299947 1 1 1 255 0.185107 48 48 48 236 0.507098 163 163 163 127 0.790923 254 254 254 2 -1.10715 252 252 252 3 1.89255 255 255 255 4 -1.5708 251 251 251 0 0 
255 255 255 3 -2.1588 252 252 252 4 0.785398 255 255 255 1 3.14159 255 255 255 6 -2.03444 249 249 249 8 0.785398 255 255 255 0 0 255 255 255 2 3.14159 255 255 255 2 -1.5708 253 253 253 260 -1.89497 6 6 6 102 1.62955 108 108 108 182 2.20443 255 255 255 0 0 255 255 255 5 -2.60117 252 252 252 3 1.24905 255 255 255 2 -1.5708 253 253 253 2 2.35619 255 255 255 4 -1.5708 251 251 251 5 0.785398 255 255 255 4 -1.5708 251 251 251 0 0 
253 253 253 2 0.785398 255 255 255 1 -1.5708 254 254 254 4 -2.67795 252 252 252 4 0.785398 255 255 255 4 3.14159 255 255 255 5 -2.76109 253 253 253 2 0.785398 255 255 255 85 -1.62955 170 170 170 240 -2.35619 0 0 0 0 0 0 0 0 255 1.55119 255 255 255 114 -3.09776 250 250 250 5 0.54042 253 253 253 2 0.785398 255 255 255 4 -1.5708 251 251 251 4 2.03444 255 255 255 0 0 255 255 255 0 0 255 255 255 0 0 255 255 255 0 0 
255 255 255 8 3.14159 255 255 255 5 -1.5708 250 250 250 7 0.785398 255 255 255 8 -2.67795 251 251 251 4 -0.244979 250 250 250 5 1.9513 255 255 255 5 -1.5708 250 250 250 331 -2.28792 0 0 0 0 0 0 0 0 9 0.558599 5 5 5 136 1.60754 141 141 141 181 2.46168 255 255 255 70 3.14159 255 255 255 6 3.14159 255 255 255 6 -1.5708 249 249 249 8 0.785398 255 255 255 0 0 255 255 255 0 0 255 255 255 0 0 255 255 255 0 0 
247 247 247 10 0.927295 255 255 255 3 3.14159 255 255 255 8 -2.03444 247 247 247 11 0.785398 255 255 255 8 -2.19105 248 248 248 9 0.785398 255 255 255 239 -1.94277 32 32 32 83 -0.393869 0 0 0 131 0.060993 8 8 8 117 -0.0682698 0 0 0 129 0 0 0 0 227 0.947486 185 185 185 102 2.46685 249 249 249 7 0.876058 255 255 255 9 3.14159 255 255 255 0 0 255 255 255 0 0 255 255 255 0 0 255 255 255 0 0 255 255 255 0 0 
253 253 253 0 0 252 252 252 0 0 251 251 251 0 0 255 255 255 0 0 250 250 250 0 0 255 255 255 0 0 168 168 168 0 0 109 109 109 0 0 131 131 131 0 0 125 125 125 0 0 129 129 129 0 0 133 133 133 0 0 105 105 105 0 0 254 254 254 0 0 246 246 246 0 0 255 255 255 0 0 255 255 255 0 0 255 255 255 0 0 255 255 255 0 0 255 255 255 0 0 
