236 255 249 1 0.785398 241 255 250 5 2.76109 248 255 254 16 -2.08994 239 241 241 19 0.748378 255 253 255 1 3.14159 254 252 255 8 3.01724 250 252 255 21 -2.42276 227 238 252 10 1.5708 226 249 255 21 -3.04664 217 248 255 31 3.07717 216 251 255 38 3.08901 219 255 255 29 -3.10712 227 255 255 9 -2.81984 233 253 248 4 0.463648 244 255 245 5 0.927295 251 255 249 2 -2.35619 246 254 254 1 0 249 253 254 2 -0.463648 255 251 251 3 -0.588003 255 249 246 0 0 
241 255 250 5 -1.19029 237 251 247 6 -0.165149 238 249 247 8 1.69515 248 255 255 2 -1.5708 246 252 255 12 -2.53087 235 244 253 8 -2.19105 221 237 250 14 2.9997 214 238 255 14 -2.30861 195 228 248 13 -1.96559 175 216 238 8 -0.62025 169 212 231 14 0.832981 181 224 239 19 1.87668 209 244 254 33 2.83871 228 255 255 42 3.11779 238 255 255 29 -3.10712 242 255 253 14 3.07029 242 254 255 3 2.81984 248 255 255 2 3.14159 255 255 254 2 -1.5708 255 252 250 0 0 
248 255 254 1 -2.35619 245 255 254 8 -1.44644 235 247 247 10 0.982794 239 255 255 17 -2.39617 220 243 251 18 -3.03094 209 241 254 20 -2.25311 182 224 243 12 2.64225 180 229 255 29 -2.93757 167 223 252 12 3.14159 161 222 254 22 -3.05093 161 220 252 31 -2.98168 160 215 246 26 -2.8786 161 208 235 11 3.14159 168 209 231 14 1.5708 191 224 240 14 1.8491 212 238 252 16 2.35619 230 250 255 9 2.92292 239 253 255 5 2.76109 253 255 255 3 -2.81984 255 254 253 0 0 
252 254 254 4 2.89661 248 255 255 4 -2.35619 236 252 255 10 -1.76819 214 243 252 23 -2.3259 182 226 239 5 2.60117 171 228 249 26 -2.57486 147 213 242 22 -2.57828 124 200 236 31 2.77905 130 210 251 32 -2.82955 120 198 244 30 -2.76726 110 187 233 22 3.14159 116 186 233 19 2.72337 131 194 238 17 2.47562 149 206 245 14 2.35619 166 216 252 9 2.43297 181 223 252 15 1.89255 208 240 255 11 2.60117 225 247 255 8 2.67795 243 252 255 3 2.81984 249 253 254 0 0 
250 248 254 2 0.785398 245 251 255 13 -2.98894 227 249 255 26 -1.96559 183 226 241 6 -1.5708 156 221 242 14 -1.2925 124 206 237 19 -2.53931 99 194 233 27 -2.19959 68 170 218 10 2.07789 76 178 231 8 -2.19105 70 169 227 9 -0.558599 71 161 225 17 0.231091 80 164 229 13 1.04272 99 176 238 19 2.28489 118 191 251 29 2.69287 134 205 255 28 2.85354 153 215 255 23 2.69717 182 229 255 15 2.58994 206 239 254 12 2.29744 230 249 255 5 2.49809 240 252 255 0 0 
250 248 255 13 -1.5708 227 236 249 1 2.35619 206 239 255 18 -2.27942 169 226 248 8 -2.89661 142 224 255 38 -2.08039 89 190 229 12 -2.07014 64 177 227 11 -1.91957 46 164 223 10 0.982794 57 170 236 8 0.785398 66 174 245 7 2.55359 77 175 251 15 -2.7367 76 168 245 9 -2.1294 72 160 236 10 0.0996687 75 162 236 17 0.868539 88 176 247 15 2.03444 112 192 251 33 2.57026 155 216 250 19 2.39321 188 232 249 17 2.27305 217 245 255 9 2.27942 231 252 255 0 0 
243 247 255 16 -2.08994 217 234 253 11 -1.03038 184 226 249 14 -2.35619 149 216 247 24 -2.58729 108 204 244 39 -2.5883 67 182 233 9 -1.78947 47 171 231 1 -0.785398 43 167 237 9 1.46014 57 173 250 20 -2.85014 57 165 247 6 -2.46685 61 159 243 6 0.463648 68 161 246 7 1.2925 73 169 253 11 2.96174 73 172 254 19 -2.88427 63 168 249 16 -2.70497 68 164 230 32 1.78615 127 202 240 19 2.17308 164 221 242 20 2.03444 200 239 253 11 2.11122 219 249 255 0 0 
226 240 255 5 0 214 240 255 35 -2.31622 165 215 245 21 -1.33705 117 194 233 26 -1.7976 65 168 217 11 1.5708 58 178 238 6 -1.5708 43 170 239 3 -2.81984 42 166 244 14 -0.982794 39 151 235 18 0.512389 55 158 245 7 1.71269 69 163 252 7 -2.9997 70 162 251 6 -1.10715 60 157 245 10 -0.643501 47 153 238 4 -0.244979 39 153 237 4 0.244979 49 158 226 30 1.19646 105 191 233 18 1.68145 146 212 237 31 0.71883 185 234 250 31 2.74925 206 245 255 0 0 
221 245 255 29 -1.60527 181 216 242 7 2.7367 161 219 254 32 -1.72579 106 187 232 21 -1.90747 63 166 223 11 1.75065 60 175 242 10 -2.07789 45 163 240 10 1.19029 59 171 255 5 -2.2143 64 164 252 8 -1.92957 65 155 244 31 0.0322469 71 155 244 40 0.226799 80 165 251 10 -0.0996687 72 165 250 10 -1.9513 51 157 240 13 -0.0767719 40 158 239 19 0.418224 55 170 237 15 1.31019 96 189 234 44 1.77256 163 236 255 32 -1.81578 151 204 224 42 1.49949 202 247 255 0 0 
213 245 255 35 -1.457 167 210 237 5 1.19029 152 214 252 34 -1.45369 97 179 227 17 -1.08084 63 162 224 10 0.927295 58 167 241 4 0 57 165 247 8 0.358771 63 166 253 4 -1.5708 70 160 249 26 1.64757 103 185 255 11 0.909753 117 194 255 21 -1.19029 94 176 255 15 -1.5708 71 162 243 7 1.71269 66 171 250 5 0.785398 58 178 254 6 -1.10715 57 175 240 6 2.81984 84 181 225 46 1.78947 152 228 255 24 -2.08994 150 207 228 42 1.49949 203 249 255 0 0 
213 250 255 37 -1.59782 167 213 237 12 0.610726 156 218 254 30 -1.43824 109 186 235 24 -0.785398 72 166 231 6 1.5708 69 169 247 5 0.927295 72 171 255 5 -1.76819 70 164 253 6 -1.89255 73 157 246 35 1.48529 115 192 255 25 2.73147 129 203 255 41 -2.39066 97 177 254 17 -2.03444 74 162 238 13 1.17601 75 177 250 6 2.67795 66 182 253 19 -2.28489 56 169 231 7 -2.86329 76 171 215 43 1.5708 140 215 247 10 -2.49809 155 210 231 40 1.44644 206 250 255 0 0 
214 251 255 26 -1.72345 179 224 245 10 0.0996687 164 222 255 18 -1.91009 129 203 251 34 -1.45369 78 165 231 13 2.40878 76 171 250 6 3.14159 72 169 255 13 -2.67795 68 162 251 3 -2.81984 74 161 247 9 1.46014 89 171 253 13 2.91479 95 175 252 17 -2.78282 87 171 243 4 -2.35619 79 169 240 1 0.785398 71 172 241 7 -2.55359 58 169 239 10 -2.1588 55 161 224 6 0.896055 79 169 216 38 1.14202 134 207 239 7 1.1659 164 214 236 35 1.28474 206 249 255 0 0 
219 248 255 12 -1.32582 198 235 249 18 -0.938047 167 217 247 7 -1.71269 140 207 252 48 -1.67459 75 155 220 13 1.344 73 165 242 6 -1.89255 60 158 242 4 2.35619 62 161 247 4 0.785398 68 164 247 8 -2.52134 67 160 239 5 0 70 162 235 12 0.610726 77 170 239 1 2.35619 76 171 240 10 -2.55359 67 165 235 5 -2.35619 58 161 234 6 0.165149 66 163 229 20 0.996491 100 184 232 29 0.832981 142 209 242 15 1.10715 179 223 246 26 1.10715 212 248 255 0 0 
231 252 253 5 -0.785398 218 247 255 27 -1.31712 173 217 241 15 -0.785398 142 202 244 40 -1.59579 81 158 221 32 0.244979 73 164 239 10 -0.71883 54 156 239 13 0.732815 58 165 250 7 -1.1659 51 159 240 7 1.4289 59 167 244 5 1.03038 70 174 245 5 -0.785398 67 170 239 7 -1.2925 64 162 232 2 -2.67795 63 161 233 6 1.73594 69 165 241 8 0.785398 82 173 242 29 1.07685 127 203 252 14 0.68573 154 215 249 19 1.46592 196 234 255 16 0.915101 218 248 255 0 0 
243 255 253 3 -2.81984 234 254 255 23 -1.61425 193 228 248 25 -1.12469 149 201 241 7 -1.4289 117 190 250 34 -0.476467 81 173 246 10 -0.507098 60 167 248 8 0.244979 52 170 253 9 -1.98902 41 162 242 14 0.68573 50 173 247 7 2.1588 61 179 250 10 -2.49809 61 173 243 12 -1.14417 57 160 233 10 0 62 158 234 13 1.344 78 168 252 14 1.2925 101 184 255 26 1.02401 144 213 255 0 0 162 216 249 27 1.64474 212 244 255 5 1.03038 225 250 255 0 0 
239 254 250 6 2.97644 233 254 255 11 -1.48014 209 239 255 34 -1.24905 158 204 235 31 0.830821 160 224 255 39 -1.82812 103 184 245 33 -0.179853 79 178 246 27 -0.367174 58 168 240 18 0.321751 57 175 246 18 -2.8023 51 170 239 10 2.9442 57 173 238 8 2.08994 71 179 243 6 -1.40565 74 171 237 14 -0.493941 74 163 230 27 0.528074 95 175 246 30 0.901157 131 200 255 10 0.982794 160 214 255 20 -0.0996687 175 215 240 42 0.851966 223 248 255 2 0.785398 234 250 255 0 0 
224 248 248 10 0.851966 228 255 255 2 -0.463648 222 252 255 23 -1.44109 190 228 246 17 -0.489957 170 218 246 15 0.321751 162 222 255 14 -1.07685 135 208 252 18 -1.29985 105 190 240 31 -1.20825 67 161 214 53 0.0188657 62 162 216 48 0.165149 72 170 224 41 0.291457 90 182 233 31 0.191184 104 188 236 26 0.152649 117 192 236 23 0.388319 137 200 244 21 0.524796 164 212 246 28 0.934288 210 238 255 8 0.785398 230 246 253 7 0.982794 241 252 255 3 0.982794 246 255 255 0 0 
234 254 255 3 0.982794 237 255 255 5 3.14159 236 255 255 11 -1.5708 219 244 254 13 -0.628796 204 235 250 16 -0.185348 192 231 253 18 -0.938047 163 215 245 17 -0.74542 139 203 238 27 0.496423 143 215 255 10 -2.76109 132 210 255 9 3.14159 132 210 255 8 2.78282 138 214 255 3 2.81984 150 216 251 3 0 159 216 247 10 0.643501 177 223 247 14 0.68573 200 233 249 16 0.828849 232 246 252 8 0.519146 246 251 250 5 0.785398 250 255 254 1 0.785398 251 255 255 0 0 
255 255 251 4 -1.5708 250 251 249 6 2.24554 253 255 255 4 3.14159 250 254 255 3 -1.5708 240 250 255 8 -1.21203 221 241 255 14 -1.13839 196 227 252 11 -0.0906599 182 226 255 27 -0.890275 152 204 241 35 -0.0855053 142 201 240 34 0.0294033 143 202 241 32 0.244979 155 211 246 29 0.236849 172 219 247 26 0.189988 186 224 248 23 0.388319 208 233 253 17 0.54042 226 243 255 12 0.726642 244 253 255 2 0.463648 250 255 254 1 0.785398 251 255 255 1 3.14159 251 255 255 0 0 
255 255 248 0 0 255 246 242 0 0 255 251 248 0 0 255 254 255 0 0 251 253 255 0 0 236 247 255 0 0 217 238 255 0 0 210 242 255 0 0 196 239 255 0 0 187 235 255 0 0 184 234 255 0 0 194 239 255 0 0 207 244 255 0 0 219 246 255 0 0 232 248 255 0 0 242 252 255 0 0 250 255 255 0 0 251 255 255 0 0 250 255 254 0 0 251 255 255 0 0 
