255 255 245 4 -2.89661 255 255 246 5 3.14159 254 255 250 1 -0.785398 249 254 252 2 0.785398 253 254 255 10 -2.07789 228 243 255 9 0 200 241 255 38 -2.95942 161 231 255 103 -2.78622 95 190 255 60 -2.56729 50 155 246 14 -3.07029 59 153 242 23 2.79282 83 164 239 69 2.35619 157 217 255 142 3.00765 201 239 255 98 3.07029 233 246 255 10 3.04192 244 248 255 8 -2.52134 239 245 255 5 0.380506 243 249 254 5 0.785398 255 255 251 15 -2.2143 247 244 236 0 0 
255 254 243 2 -0.785398 251 252 243 7 0.876058 248 255 254 3 3.14159 243 255 255 6 -2.24554 232 248 255 5 2.11122 221 252 255 90 -2.59357 146 202 243 90 -2.32495 53 133 194 31 0.321751 37 139 221 17 0.231091 32 141 233 9 -1.35213 30 132 221 24 -0.870903 27 114 194 47 -1.11649 7 74 135 70 1.08168 92 139 183 101 1.9422 210 235 255 124 3.10935 228 240 255 12 2.53087 239 250 255 9 3.03094 245 253 255 9 -1.89255 245 246 244 14 0.785398 255 255 251 0 0 
248 255 249 2 0.463648 243 255 253 2 -1.5708 233 254 255 4 -2.89661 217 251 255 10 -2.76109 197 244 255 84 -2.1786 109 174 213 34 -1.98321 56 139 195 36 0.785398 62 162 234 6 -2.67795 43 156 242 12 -1.14417 25 144 237 19 0.257324 34 148 242 17 -2.19105 32 135 222 31 -1.44247 22 104 181 29 -0.2783 34 98 162 19 0.418224 63 108 159 119 1.41115 197 229 255 121 3.07557 221 240 255 7 1.71269 239 249 255 4 2.03444 251 255 255 2 3.14159 255 255 252 0 0 
244 255 254 1 -2.35619 238 255 255 10 -2.55359 220 248 255 9 -0.785398 191 239 255 42 -1.5946 123 195 235 57 -2.48055 65 158 214 10 2.2143 57 162 235 7 -0.876058 40 154 238 9 1.0122 41 161 251 3 1.5708 41 163 255 24 -1.52915 18 138 234 18 0 27 137 233 7 -1.97569 38 130 219 18 -1.46014 38 113 192 9 1.35213 63 124 190 22 -1.75065 60 106 154 128 1.52396 211 238 255 156 3.10315 233 246 255 5 0.927295 246 252 255 2 0.785398 253 255 255 0 0 
245 255 254 9 -1.5708 227 246 249 14 0.785398 221 253 255 15 -1.63736 178 236 255 109 -2.23984 55 148 204 5 0.927295 34 149 222 25 0.840897 42 165 251 10 -2.49809 35 158 250 9 0.321751 41 160 253 9 0.418224 45 163 255 9 -0.785398 36 154 255 23 -2.05331 21 132 234 2 -2.35619 33 128 231 18 -1.78947 29 110 207 3 1.89255 46 117 197 15 -2.2143 55 109 170 34 -1.71681 48 80 115 165 1.53445 231 249 255 46 3.07647 244 253 255 10 -2.49809 244 249 252 0 0 
247 255 254 1 1.5708 237 255 255 10 -3.04192 215 251 255 83 -1.72802 99 166 211 22 -2.41861 42 149 217 22 0.909753 35 164 249 9 -2.43297 24 156 250 11 1.39094 36 166 255 3 1.89255 50 168 255 8 2.89661 56 169 255 25 -1.53082 29 143 244 12 -1.5708 20 129 235 8 -2.67795 29 121 232 20 -2.32173 26 107 212 5 -1.5708 32 106 194 8 -1.92957 45 103 169 23 -1.61425 49 85 125 113 1.62384 181 202 223 67 2.49219 233 245 255 10 0.851966 246 254 255 0 0 
252 254 254 9 -1.46014 227 244 253 10 -0.380506 195 236 255 90 -1.88555 73 147 201 21 0.851966 47 161 238 5 -2.49809 23 156 247 7 2.7367 22 158 254 8 2.03444 35 165 255 8 -2.62245 44 160 255 12 1.07145 62 169 255 39 -2.4275 36 141 244 20 -1.67046 20 119 227 10 -1.67046 20 107 217 1 -0.785398 30 107 210 8 -1.21203 32 102 193 15 -2.7367 44 101 170 29 -1.88179 41 78 122 65 1.5708 124 147 173 104 1.80189 238 251 255 4 3.14159 243 252 255 0 0 
253 255 255 3 3.14159 234 253 255 42 -1.75902 156 208 245 44 -1.66146 77 160 221 2 -1.5708 38 156 237 6 -1.73594 12 148 242 6 1.73594 16 154 250 5 1.9513 27 158 255 9 1.35213 50 165 255 30 -2.16797 32 139 237 10 0.197396 38 138 244 26 -2.35619 24 117 226 8 -1.69515 25 109 215 4 2.89661 36 111 211 26 -1.8805 22 89 176 1 -2.35619 37 92 161 19 -1.77829 41 77 123 41 1.49776 98 122 150 123 1.70925 232 246 255 7 0.785398 243 253 255 0 0 
245 251 255 5 -1.3734 219 245 255 38 -1.51821 138 203 247 40 -1.71969 64 160 226 12 -2.89661 33 155 239 8 -0.785398 13 148 240 5 1.03038 16 152 246 10 2.1588 27 160 255 11 -2.11122 28 148 248 17 3.02448 37 148 252 29 -1.95767 20 117 227 5 -0.197396 26 116 224 11 -1.91957 24 106 207 3 -1.89255 30 106 196 21 -2.11935 24 90 169 7 -2.55359 36 89 152 16 -2.31274 44 81 125 23 2.05331 79 106 133 144 1.58468 236 252 255 8 3.14159 241 253 255 0 0 
242 251 255 4 -1.32582 215 246 255 46 -1.5708 127 196 245 46 -1.52735 49 147 217 15 1.5708 43 160 245 10 -2.07789 21 150 243 4 -1.10715 15 145 240 9 1.89255 24 153 252 23 -2.05331 9 129 235 9 2.1294 26 134 245 14 -2.25653 29 121 234 10 -1.76819 29 111 218 12 -2.46685 29 106 202 13 -1.8693 26 96 179 17 -2.27305 24 85 159 9 -1.68145 29 79 139 12 -1.89255 35 70 113 30 1.50423 79 103 131 138 1.52012 228 244 255 8 0.358771 236 248 255 0 0 
242 250 255 5 -1.76819 215 244 255 44 -1.54807 129 197 250 49 -1.32582 52 146 219 11 1.03038 48 152 241 12 -2.97644 36 149 246 9 -1.98902 21 140 239 2 0.463648 21 139 244 18 -2.1588 9 121 235 5 0.927295 22 122 240 8 -2.62245 32 117 233 20 -2.07789 27 101 207 6 -2.81984 33 103 194 20 -1.71969 22 86 164 3 -2.1588 30 85 154 12 -1.5708 30 75 132 6 -1.5708 42 73 112 35 1.51372 89 110 137 139 1.45619 239 252 255 3 3.14159 243 254 255 0 0 
242 249 255 3 -1.89255 220 244 255 33 -1.48014 150 208 255 55 -1.31712 71 151 222 10 -2.2143 49 139 228 6 1.5708 44 143 241 7 -2.7367 34 139 244 11 -1.66146 21 126 237 2 -2.35619 21 121 239 8 -2.35619 24 114 233 9 -2.35619 33 106 220 16 -2.14213 29 95 198 3 0.321751 41 101 185 19 -1.82812 29 85 156 2 -2.67795 37 85 149 13 -2.03444 37 76 128 4 -2.03444 48 76 111 49 1.5708 109 127 150 133 1.11384 238 250 255 2 2.67795 244 252 255 0 0 
247 249 255 1 1.5708 232 248 255 22 -1.48014 181 222 255 74 -1.43647 84 145 209 2 -1.10715 63 138 224 9 -0.110657 49 134 233 5 2.60117 44 135 244 13 -2.09887 30 121 236 6 -1.5708 29 113 232 8 -2.08994 31 106 222 9 -1.78947 34 98 206 4 -2.67795 43 99 194 7 -1.8491 47 96 176 19 -2.17308 38 83 150 6 -2.24554 38 80 139 8 -1.5708 41 75 121 6 -0.321751 53 76 108 108 1.62629 172 187 206 81 0.811479 239 248 255 5 0 245 249 254 0 0 
248 251 255 3 0.982794 241 252 255 14 -1.71269 207 234 255 83 -1.45089 101 147 201 41 0.14531 82 148 227 15 -1.89255 52 129 226 1 2.35619 44 126 237 9 -2.58299 37 120 236 10 -1.9513 36 109 223 5 -1.9513 40 105 214 11 -1.66146 39 96 195 2 3.14159 48 99 185 17 -1.98321 41 86 159 10 -2.1588 39 80 142 2 -0.463648 42 82 135 5 -0.380506 50 82 123 14 -1.6421 50 71 98 176 1.30106 231 244 255 8 1.21203 248 254 255 1 3.14159 251 255 255 0 0 
250 255 251 1 -0.785398 244 253 255 6 -2.81984 230 247 255 52 -1.49402 155 190 233 66 -0.646513 83 145 215 19 -2.53931 52 129 222 6 -1.24905 37 118 229 4 -2.89661 36 116 231 11 -2.35619 41 108 217 8 -2.62245 46 107 205 13 -1.96559 41 98 184 5 -1.76819 45 95 171 15 -1.76819 39 82 149 4 -0.244979 43 83 141 6 0.321751 47 89 134 8 -1.44644 47 84 118 36 1.936 99 120 142 168 0.844154 238 247 255 4 1.32582 249 253 255 2 -1.10715 250 252 252 0 0 
251 255 251 8 -1.81578 240 248 248 9 1.0122 241 252 255 3 -1.5708 218 245 255 109 -1.58914 81 131 191 80 0.0872777 68 133 214 25 -2.64225 46 116 217 5 -1.5708 39 109 216 7 -1.8491 39 104 203 4 -0.463648 44 103 196 10 -2.28963 42 98 179 8 -2.19105 42 94 165 9 -1.0122 44 87 150 3 0.321751 52 90 144 4 -2.35619 53 91 133 24 -1.99742 40 72 101 178 1.09465 217 233 250 23 0.694738 242 249 255 5 0.927295 251 254 255 5 -1.5708 250 250 250 0 0 
251 253 254 1 -0.785398 247 251 255 5 2.60117 243 252 255 5 -1.5708 225 244 255 27 -1.68145 180 213 255 99 -1.27452 71 115 176 65 0.152649 69 121 198 13 -2.57486 55 112 198 4 -2.89661 50 110 200 14 -2.0032 37 97 187 6 -1.5708 35 93 175 9 0.321751 47 98 171 11 -2.03444 49 90 153 6 -0.896055 55 88 138 14 -2.35619 54 80 120 82 1.00963 134 154 179 132 0.796036 243 252 255 0 0 250 253 255 1 1.5708 253 255 255 0 0 255 255 255 0 0 
255 254 254 8 -2.08994 245 247 248 11 0.785398 248 253 255 12 -2.41495 231 243 255 9 0.558599 225 246 255 59 -1.58774 154 183 227 86 -0.867183 76 114 172 92 0 63 112 182 19 -2.98499 51 107 184 10 -2.42276 43 99 180 5 2.60117 49 103 180 14 -2.25653 45 94 162 12 -3.05845 58 95 151 31 -2.49172 52 79 123 101 0.446106 106 126 157 166 0.798163 236 248 255 2 1.5708 249 253 255 0 0 254 254 254 1 1.5708 255 255 255 0 0 255 255 255 0 0 
255 253 240 5 1.9513 255 255 248 9 -1.5708 246 248 242 9 1.24905 248 255 255 4 -1.5708 233 249 255 4 -0.463648 219 244 255 30 -1.63736 176 211 251 114 -1.33219 55 97 150 140 0.0570808 54 103 165 85 -0.0470241 48 99 162 64 -0.0156237 49 99 159 63 -0.222082 44 86 139 103 -0.135094 42 74 115 186 0.552356 153 175 203 96 0.778099 231 246 255 5 0.54042 243 251 255 2 2.03444 250 254 255 0 0 254 254 254 1 1.5708 255 255 255 0 0 255 255 255 0 0 
255 253 234 0 0 255 255 242 0 0 254 252 241 0 0 251 255 252 0 0 243 255 255 0 0 222 244 255 0 0 209 240 255 0 0 200 239 255 0 0 144 190 244 0 0 118 165 221 0 0 116 163 215 0 0 150 192 235 0 0 207 235 255 0 0 225 246 255 0 0 240 253 255 0 0 244 252 252 0 0 252 254 255 0 0 254 254 254 0 0 255 255 255 0 0 255 255 255 0 0 
