208 202 197 24 -1.90553 183 178 175 31 1.10715 210 205 206 20 -2.7886 199 195 206 21 -2.35619 179 176 201 26 0.345556 184 181 220 34 -2.33579 156 153 203 61 -2.89661 139 138 188 19 1.5708 156 160 201 54 0.414507 178 188 212 35 -0.286051 172 184 190 29 -0.690446 154 168 164 17 1.03038 171 183 177 30 2.49809 191 198 201 49 -3.08044 191 189 208 34 -2.99558 186 184 204 3 3.14159 186 186 198 10 -0.291457 183 186 191 15 0.321751 188 191 196 13 -0.298499 184 187 192 0 0 
198 193 192 3 -2.81984 197 192 191 8 -0.62025 189 187 187 3 -2.1588 184 181 190 26 1.22524 204 202 224 50 -0.911486 160 158 194 62 -1.3452 96 92 144 46 1.8314 139 136 191 70 1.75702 208 208 254 6 2.03444 214 219 250 22 -1.20682 193 206 214 43 -0.849825 162 177 173 44 -0.413689 147 159 153 31 -0.222082 142 150 150 13 1.04272 154 156 174 31 2.17634 182 181 201 39 2.80371 196 197 207 23 3.05485 198 201 205 12 2.89661 201 204 208 10 -2.1588 192 195 199 0 0 
194 188 193 9 1.5708 201 198 200 17 -2.19105 187 185 184 21 0.380506 191 193 194 56 0.973038 236 235 251 58 -1.38016 176 172 207 99 -1.06663 85 79 134 77 0.602287 128 120 183 80 1.75844 207 201 255 47 2.7729 222 224 255 27 3.14159 222 233 247 22 -1.93478 203 217 215 28 -1.5351 175 192 183 32 -1.25875 145 158 156 28 -0.479519 132 139 154 20 0.35299 141 145 163 27 1.75391 172 176 181 29 2.69287 186 190 191 17 2.60117 195 199 200 9 -2.1294 187 191 192 0 0 
190 189 193 1 -2.35619 189 188 190 16 1.5708 205 206 202 29 0.737815 223 226 224 34 0.868539 247 248 255 20 -1.76819 226 222 251 74 -1.24483 151 144 195 71 -0.51392 114 105 168 56 1.09128 164 156 217 53 2.44926 197 194 243 47 2.73396 214 221 246 32 -2.76109 202 214 224 19 -1.87668 183 198 200 18 -1.0122 167 182 185 27 -0.759763 146 159 175 25 -0.7299 133 141 158 12 0.426627 143 149 154 27 1.9853 170 176 175 23 2.20582 190 195 194 11 2.87534 192 198 197 0 0 
187 190 188 4 0 187 191 186 46 0.970746 225 230 221 26 0.837981 243 249 244 7 0 243 246 250 8 1.10715 250 249 255 33 -1.5708 217 209 249 74 -1.25752 144 134 187 68 -0.252096 125 115 175 43 0.785398 154 148 203 43 2.27441 186 185 227 68 2.96437 194 201 234 58 -3.08991 189 201 225 34 -2.96692 182 197 216 27 -2.33056 160 176 199 25 -1.80634 138 152 170 17 -1.39612 128 139 143 25 1.03709 154 162 161 22 1.70632 178 184 183 15 2.2143 188 196 195 0 0 
189 194 193 22 1.52537 211 216 214 35 1.00623 241 247 242 12 0.844154 250 255 251 3 -1.24905 247 251 252 5 0.785398 251 251 255 10 -1.9513 241 236 255 28 -1.39409 212 204 244 64 -0.939717 158 149 199 80 -0.35299 126 120 175 34 -0.174672 119 115 167 29 2.33181 136 138 186 63 2.80492 152 162 202 77 3.02524 159 174 207 63 -3.03094 148 169 197 37 -2.70175 136 155 176 17 -2.72918 138 151 159 7 2.1588 149 158 161 24 2.41495 165 174 177 26 2.35619 184 193 196 0 0 
189 190 204 40 1.76819 229 231 241 20 1.92379 248 252 255 3 2.55359 251 255 255 2 3.14159 251 255 255 6 -2.46685 249 250 254 1 -0.785398 248 246 255 7 0.785398 251 248 255 16 -2.14213 234 230 255 70 -1.457 162 156 203 85 -0.777134 97 94 149 101 -0.187762 74 75 131 77 0.0519014 73 82 132 32 0.785398 92 108 151 28 2.25653 111 133 168 43 3.09511 116 138 163 60 3.05845 130 145 161 57 -3.00215 126 138 148 65 2.91137 141 153 163 66 2.67119 171 183 193 0 0 
179 175 211 71 2.52625 220 218 248 84 2.86492 245 244 255 14 2.9305 248 250 255 3 -1.5708 248 250 251 17 3.02448 250 252 252 3 1.24905 253 255 255 9 -1.89255 242 243 253 9 0.321751 244 242 255 17 -1.5708 223 221 255 25 -0.950547 197 197 245 49 -0.999459 150 154 205 71 -0.775497 96 106 154 74 -0.244979 73 90 133 53 -0.0565434 66 90 126 25 -0.643501 53 77 107 15 0.551655 70 84 113 15 -1.89255 58 69 97 26 0.866302 78 89 117 51 2.12118 122 133 161 0 0 
121 106 174 18 1.5708 139 127 187 92 1.80003 231 223 255 59 2.85175 248 245 255 29 -2.38058 231 230 239 29 0.737815 251 254 252 2 -0.463648 250 253 251 10 2.85014 251 255 255 6 -1.5708 244 246 255 6 -0.321751 238 241 255 9 -1.24905 224 230 255 18 -1.5708 201 211 245 29 -1.43373 168 182 218 40 -1.1401 126 146 181 51 -0.7717 86 111 143 62 -0.356912 66 88 124 72 -0.138006 61 72 122 60 0.116142 72 77 132 45 -0.551655 48 53 108 56 0.455774 73 78 133 0 0 
123 101 183 59 -0.0508037 120 101 174 66 0.945311 174 161 215 61 2.11399 228 221 255 47 2.63036 251 251 255 5 3.14159 253 255 255 13 -1.5708 240 244 239 13 1.20362 251 255 252 1 3.14159 248 255 255 5 -2.11122 241 248 255 14 -2.1588 224 234 251 17 -2.23677 206 218 242 20 -2.25311 185 202 229 18 -1.9614 164 185 213 14 -1.2925 147 171 199 17 -0.54042 138 160 195 31 -0.76318 121 132 182 47 -0.301619 109 116 173 41 -0.291457 97 104 161 62 -0.356912 75 82 139 0 0 
183 163 236 54 -0.438859 160 142 209 69 -0.248487 143 128 185 51 1.03709 187 177 219 65 2.02764 246 243 255 51 3.04387 251 253 255 22 -2.77761 243 250 243 10 0.71883 249 255 247 7 -2.86329 245 255 246 10 -1.47113 231 244 242 15 -1.50423 215 225 235 16 -1.5708 195 206 226 10 -1.47113 180 195 221 6 -1.89255 172 189 216 5 -2.49809 165 187 212 6 -2.97644 164 186 211 8 3.14159 168 183 215 21 -2.01317 151 163 197 9 0.86217 158 170 204 48 -1.48766 110 122 156 0 0 
234 219 255 27 -2.95848 229 214 255 60 -1.30163 171 156 207 50 -0.220829 158 148 191 39 1.23292 195 189 220 57 2.48055 229 230 244 46 2.67795 250 255 254 8 -1.92957 240 252 240 6 1.73594 244 255 246 10 -1.9513 232 246 240 16 -1.81578 215 225 235 15 -1.76819 196 207 227 13 -1.72345 181 192 219 8 -1.5708 172 185 211 5 -1.3734 165 182 201 4 -0.785398 162 180 197 4 -0.244979 163 179 195 5 -2.35619 159 176 189 7 0.785398 165 181 194 34 -2.25451 137 154 167 0 0 
209 205 216 46 2.18855 247 241 255 29 -2.11122 222 211 244 57 -0.958644 173 162 202 45 -0.483447 150 142 179 38 1.54449 187 184 209 69 2.09887 243 252 255 35 -2.97181 235 249 243 8 0.358771 238 254 243 10 -1.86225 227 241 239 15 -1.89255 210 221 235 16 -2.14213 196 203 230 15 -2.35619 185 190 221 12 -2.53087 178 185 212 5 -2.60117 173 186 202 2 -2.03444 173 186 194 9 -1.35213 164 179 181 6 0.896055 169 185 184 23 -1.87885 149 163 162 17 2.27305 160 176 175 0 0 
186 186 172 50 1.4317 234 233 229 28 2.1786 255 248 255 40 -1.5708 213 203 239 66 -1.12057 151 141 183 46 0.0434509 150 146 181 60 1.52084 206 213 230 67 2.55772 242 254 255 32 -2.88904 234 248 246 12 -1.81578 220 235 237 19 -1.67567 201 211 228 16 -1.50838 187 193 216 10 -1.3734 177 181 209 3 -0.588003 176 181 202 3 0.321751 177 187 194 4 0.244979 180 190 190 8 -1.05165 173 184 181 10 -2.55359 167 178 175 47 -2.56522 143 152 149 44 1.66146 185 196 193 0 0 
194 198 169 27 1.49686 221 221 205 43 2.02414 255 251 255 23 -2.65908 244 233 255 43 -1.40942 196 187 230 64 -0.686818 151 146 191 25 0.0399787 149 151 185 78 2.2296 209 217 240 62 2.81477 229 241 253 27 -2.72709 218 230 240 24 -2.4417 202 214 226 18 -2.20355 189 198 211 9 -1.78947 183 189 202 3 -0.588003 183 189 194 3 0.588003 185 195 189 1 1.5708 188 196 189 20 -1.62075 169 173 174 37 -1.38382 132 135 139 24 2.71497 144 145 149 50 1.31146 191 194 198 0 0 
196 200 171 6 1.73594 201 203 184 37 1.73156 236 232 237 35 2.63999 251 243 255 20 3.14159 247 240 255 66 -1.51026 178 173 212 93 -0.876058 102 103 137 85 0.643501 152 156 185 71 2.287 204 211 238 60 -3.05845 199 206 231 10 -2.2143 191 200 220 12 -0.499347 187 195 212 10 -2.76109 186 193 202 2 -2.03444 186 194 194 17 -0.0587558 187 195 188 4 0 188 195 188 23 -2.60117 180 179 181 72 -1.99742 114 112 118 75 0.635586 159 157 163 50 0.813169 196 194 200 0 0 
190 195 180 1 1.5708 191 194 185 13 1.10715 203 201 207 29 1.8491 231 227 239 40 2.49809 255 251 255 25 -2.73147 243 240 255 64 -1.4158 176 176 194 73 -1.04662 108 109 135 55 0.823355 146 146 186 75 2.44011 193 193 239 48 2.95624 202 204 245 28 -1.9255 175 180 211 29 0.170735 183 190 205 25 0.674741 201 210 214 18 -2.27942 191 196 197 30 -2.24044 168 172 173 22 -1.79427 150 149 151 31 0.920926 175 174 176 21 1.046 194 193 195 5 0.927295 198 197 199 0 0 
186 194 184 7 1.2925 193 199 194 2 -2.03444 195 193 199 5 2.35619 199 196 205 35 1.94607 234 231 233 37 2.47107 255 254 255 46 -2.21861 214 215 225 63 -1.47584 148 148 172 73 -0.843027 89 86 132 61 1.30598 145 142 198 55 2.12364 192 190 242 45 2.87534 204 206 246 24 -2.97644 202 209 228 22 -2.35619 189 197 204 28 -2.30624 172 175 183 11 -2.03444 163 166 170 15 0.132552 169 168 170 25 0.7299 186 186 186 14 0.832981 197 197 197 1 -1.5708 196 196 196 0 0 
188 196 186 4 1.5708 192 198 193 6 -2.24554 191 189 195 5 -1.03038 186 183 192 18 1.13095 205 202 204 27 2.09887 227 226 228 37 -3.06069 220 221 231 26 -2.30361 197 197 221 90 -1.33654 105 102 148 63 0.222082 116 113 169 32 1.50838 148 146 198 54 2.5128 180 182 222 46 3.05485 186 193 212 36 -2.59174 170 178 185 13 -2.61352 167 170 178 12 0.896055 178 181 185 21 0.2783 188 187 189 10 0.851966 196 196 196 2 0.463648 197 197 197 4 -2.03444 193 193 193 0 0 
188 196 186 0 0 188 194 189 0 0 194 192 198 0 0 194 191 200 0 0 191 188 190 0 0 190 189 191 0 0 202 203 213 0 0 218 218 242 0 0 167 164 210 0 0 118 115 171 0 0 104 102 154 0 0 134 136 176 0 0 155 162 181 0 0 158 166 173 0 0 175 178 186 0 0 199 202 206 0 0 195 194 196 0 0 198 198 198 0 0 195 195 195 0 0 189 189 189 0 0 
