169 107 47 22 0.321751 172 114 55 22 0.321751 172 120 67 26 0.226799 169 126 75 30 0.478352 176 139 95 35 0.825377 193 165 124 33 0.613207 209 183 146 33 0.0906599 208 187 149 51 0.880996 252 227 187 3 1.5708 255 232 186 19 0.104877 255 235 182 106 -1.8478 176 135 73 23 0.214061 193 140 73 24 -2.35619 185 125 49 32 0.0624188 196 127 48 9 1.24905 203 135 58 4 1.10715 200 136 71 13 0 195 136 74 12 -0.426627 193 131 67 12 -0.674741 185 124 58 0 0 
184 127 72 24 0.295441 188 134 81 36 0.339293 194 145 95 52 0.133811 194 152 105 56 0.197396 197 163 120 48 0.639386 218 192 152 38 0.711459 240 216 180 28 0.106736 241 219 183 26 0.262995 250 227 189 28 0.885067 255 250 206 46 -1.37758 238 205 155 54 -1.15629 197 157 99 36 -1.87531 173 123 57 37 1.0122 215 156 84 34 -2.23184 196 130 52 34 0.231091 204 137 62 25 0.643501 211 150 84 7 -0.2783 206 147 85 7 -0.876058 202 141 77 8 -1.44644 195 134 68 0 0 
198 148 102 30 0.643501 213 166 122 36 0.982794 238 196 153 25 0.410127 242 206 166 30 -0.165149 230 201 164 36 0.549853 244 219 185 27 1.04272 255 243 211 16 3.07917 255 245 210 43 -3.11834 255 244 208 14 2.0032 255 255 217 33 -1.80863 255 226 180 104 -2.22766 183 145 91 8 -0.463648 189 142 81 33 -2.86743 187 133 68 30 1.19646 222 162 92 7 -2.26553 216 156 86 19 0.104877 215 157 92 27 -0.147078 209 153 88 26 -0.394791 203 143 77 18 -0.390607 196 137 68 0 0 
215 170 132 29 0.493941 226 184 147 34 1.24905 255 218 180 19 2.0577 255 235 199 9 -2.72337 255 231 197 3 0.588003 255 233 201 8 -2.35619 248 227 195 48 -2.57644 222 201 169 76 2.64854 255 238 202 82 3.00824 255 250 210 150 -2.50741 193 162 117 125 -3.05382 189 152 102 69 -2.45788 152 108 54 34 1.62955 191 143 85 20 0.643501 209 155 94 26 0.758378 227 174 111 21 0.484478 235 183 123 33 -0.209023 228 176 116 35 -0.501604 213 160 97 24 -0.463648 203 149 84 0 0 
236 195 162 5 -0.197396 233 195 161 22 0.625485 243 208 174 20 0.996491 255 226 191 10 2.2143 255 234 200 18 -2.75099 252 227 193 49 -2.16997 209 187 152 56 -1.97104 157 135 100 21 1.5708 180 156 120 41 -2.407 155 129 89 115 -2.20215 66 37 0 62 1.84689 131 97 51 13 2.5128 145 105 57 76 0.748378 200 157 106 20 0.819867 219 172 120 46 0.396441 237 190 138 45 0.551655 255 215 163 28 -0.321751 246 206 154 39 -0.714091 224 180 126 32 -0.674741 206 161 104 0 0 
241 201 166 33 2.77226 253 214 176 8 2.35619 255 220 182 2 3.14159 255 220 182 16 -2.95624 251 218 179 29 -2.47755 231 200 161 43 -2.20971 194 165 126 31 -1.89255 164 135 96 26 -0.394791 154 126 85 75 -1.03038 91 61 20 60 -0.773634 51 19 0 69 1.23547 119 86 41 99 0.856706 197 160 116 12 0.96007 209 170 125 56 0.885067 255 214 169 14 1.71269 255 228 183 31 0.39234 255 240 197 20 -0.291457 255 234 191 39 -0.892134 238 204 158 37 -0.804264 213 177 129 0 0 
219 172 128 51 2.3425 254 210 163 36 2.86329 255 220 173 43 -2.81254 248 206 159 36 -2.86329 237 197 148 25 -2.19105 216 176 127 21 -2.01317 195 158 108 14 2.86329 199 162 112 13 2.77442 202 166 118 63 -1.87275 141 105 57 80 -2.25916 77 43 0 109 1.74494 185 151 105 58 2.84686 202 167 123 39 1.46859 241 206 163 21 2.86329 247 212 169 46 1.31019 255 255 217 4 2.35619 255 255 223 7 -2.9997 255 255 223 30 -1.63736 252 229 191 31 -1.63522 223 198 158 0 0 
194 138 83 39 1.80335 230 177 120 25 2.98294 234 181 124 19 -0.418224 224 174 114 10 1.47113 234 184 124 38 -2.7367 217 170 109 25 -1.85459 191 146 85 10 0.507098 195 151 92 13 -0.0767719 192 149 92 96 -1.84341 97 56 1 33 -2.00742 64 25 0 87 0.947887 133 96 46 85 2.02924 206 172 126 79 2.964 219 185 142 43 1.11746 255 224 183 35 2.13537 255 253 216 31 -3.10935 255 252 217 8 2.62245 255 255 223 40 -2.30361 246 226 191 39 -2.1588 215 193 157 0 0 
197 132 64 22 1.61622 217 155 85 47 1.73939 255 202 132 59 -2.70801 237 178 106 27 -1.90404 211 152 80 17 0.868539 223 165 93 22 -2.77761 213 157 86 12 2.35619 218 166 96 55 -2.33056 175 125 59 109 -2.30429 90 43 0 70 0.52091 122 78 19 102 -0.176366 98 58 5 112 0.335834 132 95 45 111 1.68738 239 205 159 111 3.13258 239 205 162 34 2.5861 251 223 182 31 2.33398 255 246 208 31 -2.60664 248 230 193 37 -2.41274 228 205 167 32 -2.39965 208 183 143 0 0 
201 133 58 16 1.13417 215 148 73 14 3.07029 216 150 72 20 1.52084 234 170 92 22 -2.87534 228 164 86 25 -2.3007 207 145 67 7 2.55359 209 149 73 56 -2.78076 186 129 54 92 -2.19482 107 53 0 93 0.602838 157 105 38 97 0.872136 226 179 117 15 -2.17634 208 166 107 82 -1.52205 121 83 29 38 0.346539 130 95 45 84 1.38036 211 177 131 31 0.920926 231 202 157 18 1.35213 245 220 176 24 -2.35619 227 204 159 24 -2.1251 209 183 137 11 -1.83705 200 172 125 0 0 
207 140 65 10 -2.55359 201 134 59 21 2.32395 217 150 75 4 -0.785398 212 147 72 3 -0.321751 211 146 71 16 -0.519146 201 139 63 55 -0.887605 156 96 20 52 -0.41241 132 75 0 106 0.556599 184 131 58 44 1.07685 220 169 99 11 2.87534 219 171 105 14 3.14159 214 171 108 50 -1.51087 160 120 61 64 -0.108942 150 113 57 106 0.946161 234 198 144 21 2.65711 240 208 155 11 -2.87534 237 205 152 14 -2.06474 224 192 139 13 -1.00407 217 181 127 22 -0.0454233 216 181 125 0 0 
189 129 63 29 -0.418224 177 117 51 62 0.579074 209 151 85 21 -0.141897 206 148 82 60 0.165149 216 159 90 65 0.200399 227 172 103 43 -0.769006 197 142 73 74 0.287576 216 164 94 68 -0.191648 200 151 83 39 0.177596 205 158 90 4 0 203 158 91 17 1.5708 217 175 110 24 2.67795 226 185 122 32 -2.85904 215 176 114 10 2.63449 218 181 121 21 2.11935 235 198 140 19 3.08901 232 198 144 32 3.11035 233 199 146 17 2.9105 239 203 149 7 2.1588 247 210 154 0 0 
198 152 104 34 2.75571 211 165 117 32 3.04812 214 169 118 53 2.40878 250 205 154 77 2.95942 255 220 167 52 -2.75407 244 200 146 14 0.785398 254 210 156 18 1.2315 255 228 171 41 -1.7635 230 188 129 56 -0.519146 202 161 99 12 -0.321751 198 157 94 13 -2.77442 193 153 88 13 0.152649 195 155 90 19 0.714091 208 169 101 17 0.174672 211 172 104 12 2.24554 217 180 118 124 -3.04512 198 165 116 123 3.01119 211 180 135 122 3.00201 230 197 151 123 3.09285 236 203 157 0 0 
148 117 86 103 3.01604 161 130 99 124 -3.10129 156 125 92 112 3.14159 156 126 91 125 2.80979 199 167 131 76 2.60788 240 207 168 13 0.463648 248 214 171 12 0.244979 252 218 172 32 0.519146 255 235 185 65 -1.43321 207 172 116 38 -0.83989 180 144 84 29 0.809784 204 166 102 26 0.152649 210 171 103 34 0.450661 227 187 115 22 -1.48014 206 165 92 106 -1.6742 93 57 0 10 -1.3734 69 41 0 32 2.59594 79 56 24 45 2.80595 94 72 37 57 3.08901 97 75 40 0 0 
26 10 0 9 -2.1294 18 2 0 7 1.5708 26 10 0 9 -2.27942 21 3 0 122 0.871887 117 98 77 146 0.925929 236 216 191 7 0.982794 245 223 195 21 2.05527 255 243 209 32 -3.04812 255 243 201 49 -1.77619 226 196 149 50 -0.757628 196 162 108 64 0.429179 227 192 129 39 0.232557 241 202 133 42 -0.336675 230 190 115 35 -1.3734 197 155 78 93 -1.53855 94 59 0 134 -0.302885 31 11 0 18 0.110657 20 9 0 2 0.463648 21 11 0 7 3.14159 21 11 0 0 0 
10 3 0 3 -0.982794 9 0 0 8 0.124355 15 2 0 78 1.5708 97 81 68 112 1.15077 205 185 167 41 0.922464 242 220 195 32 -2.88904 239 214 182 47 -3.07785 239 213 173 51 2.76468 255 234 187 52 -3.12236 255 234 180 31 -2.72017 255 223 164 15 2.7367 255 229 167 31 2.77905 255 241 176 63 -2.31178 234 195 126 39 -1.41815 198 156 85 63 0.526943 222 185 129 153 -1.367 49 27 2 90 -0.156025 22 9 1 10 -2.28963 9 1 0 8 0 7 1 0 0 0 
9 4 5 3 1.5708 17 8 4 9 -2.27942 22 3 0 124 1.5708 155 129 105 82 1.48564 246 213 180 23 -1.31561 230 192 150 26 -1.14103 211 170 121 5 -0.927295 213 169 110 26 2.54317 233 186 118 31 2.35619 255 210 137 36 3.08609 253 211 142 38 -2.90298 241 201 136 15 -2.9442 233 196 138 13 0.152649 235 197 143 19 0.531724 246 206 153 17 2.65164 251 212 168 102 -2.03444 150 115 89 110 -1.5708 28 2 0 16 0.436627 22 10 0 7 -2.44685 12 4 0 0 0 
7 4 6 4 -2.35619 11 2 0 1 -1.5708 26 3 0 131 1.48702 169 137 108 81 1.59548 255 220 181 34 -2.5861 250 205 154 37 -2.1294 223 175 117 29 -1.43373 200 149 79 15 1.3734 222 166 87 19 2.72337 228 175 94 21 3.09401 222 176 99 21 2.48875 228 186 119 26 1.91635 244 208 154 6 1.10715 248 212 164 22 -1.30454 228 189 145 23 -1.7005 205 163 126 47 -1.82598 155 115 87 103 -1.16337 50 18 0 55 -0.253674 20 4 0 6 0.165149 12 4 0 0 0 
4 1 3 2 3.14159 11 2 0 10 1.27934 37 14 0 118 1.44436 167 135 106 54 1.66313 230 191 152 41 -2.92551 230 185 134 32 -2.88904 227 179 121 30 -1.3734 203 152 82 19 -0.305879 204 148 69 7 2.35619 207 154 73 5 1.5708 205 159 82 21 1.33705 219 177 110 37 1.51679 247 211 157 9 1.98902 254 218 170 31 -1.60304 225 186 142 32 -1.38545 193 151 114 18 0.390607 196 156 128 92 -1.09744 104 72 53 82 -0.854255 26 10 0 7 -0.404892 14 7 0 0 0 
2 0 1 0 0 14 5 1 0 0 52 29 13 0 0 162 130 101 0 0 189 150 111 0 0 199 154 103 0 0 233 185 127 0 0 222 171 101 0 0 199 143 66 0 0 207 154 73 0 0 210 163 89 0 0 221 179 112 0 0 243 207 153 0 0 253 217 169 0 0 231 192 148 0 0 210 169 130 0 0 238 198 170 0 0 158 127 106 0 0 33 17 5 0 0 16 9 0 0 0 
