255 255 233 9 3.14159 255 255 236 5 -1.76819 250 252 240 8 2.08994 255 255 251 24 -1.5708 229 231 232 29 0.809784 247 249 255 2 2.35619 243 247 255 45 -2.82683 226 230 255 70 3.11303 223 231 255 91 -3.0213 210 220 255 46 2.88099 220 235 255 68 -3.08284 218 233 255 82 3.08069 226 238 255 93 3.08788 235 243 255 59 -3.04025 234 236 255 15 0.643501 245 246 255 6 2.97644 246 250 255 9 2.92292 250 255 254 10 -2.55359 245 255 232 4 3.14159 247 255 225 0 0 
246 252 229 8 1.92957 252 255 241 8 -1.21203 244 245 241 14 0.832981 253 252 255 19 -2.9341 246 244 255 24 -3.09995 241 241 255 99 -2.7367 200 200 236 123 -2.80454 156 160 195 19 -1.62338 133 142 175 71 0.51392 167 179 207 57 -0.193959 156 170 193 68 -0.266252 138 152 174 81 -0.073939 135 145 169 43 1.09695 176 182 211 117 2.55595 244 244 255 126 -3.07029 237 236 255 32 -3.07917 235 239 255 8 0.244979 239 247 247 7 -0.141897 241 252 232 8 1.44644 249 255 232 0 0 
241 245 234 19 0.822418 253 255 254 20 -3.09163 250 250 255 18 -1.89255 229 225 255 9 -1.89255 216 207 255 120 -2.54442 147 136 208 113 -2.53159 80 77 133 97 0.872136 155 158 196 76 0.60966 199 210 224 51 0.604306 228 243 246 10 -0.0996687 227 241 247 4 -2.35619 224 235 249 67 -1.52605 157 164 189 111 -0.785398 78 80 121 92 0.410557 115 110 172 108 2.23832 202 195 255 130 2.84647 241 240 255 44 3.11887 244 250 255 8 -2.19105 241 251 239 8 0.785398 247 255 237 0 0 
254 254 254 19 -1.51821 233 232 242 13 1.20362 241 238 255 20 -2.32173 221 214 255 135 -2.24669 111 96 194 95 -2.44551 48 34 135 94 1.30269 139 137 203 109 0.753151 218 223 254 30 0.855053 244 255 255 26 -3.02672 243 255 244 15 -1.97569 231 240 237 14 0.211093 232 239 248 9 1.5708 239 243 255 73 -1.50241 163 163 209 134 -1.02401 44 36 119 63 0.442374 71 62 148 120 1.72092 194 191 247 112 2.77761 237 240 255 36 3.03094 245 253 253 1 0 245 255 244 0 0 
255 253 255 16 -1.9513 236 233 255 14 -0.432408 223 217 255 86 -1.72082 130 120 210 125 -2.29413 31 14 141 37 1.48989 66 55 171 155 1.21654 216 219 255 18 2.20355 238 248 255 24 -1.94378 222 235 221 26 0.704494 244 254 231 7 2.1588 252 253 249 22 -2.63875 239 238 247 16 1.05165 248 251 255 21 -2.76109 231 234 255 128 -1.59423 96 89 186 63 -0.863888 46 38 145 37 2.1294 85 79 156 122 2.04539 198 199 243 48 2.11836 242 250 255 8 3.01724 245 255 253 0 0 
249 247 253 4 1.5708 248 245 255 37 -2.1294 207 199 255 156 -1.63481 42 32 139 29 -0.2783 27 14 154 88 1.45765 115 107 232 82 1.76582 201 210 255 29 0.616297 227 242 251 6 1.89255 245 255 236 22 -2.81984 246 249 227 10 -1.27934 237 232 231 18 1.13095 253 244 255 15 -1.97569 228 231 245 12 2.29744 226 232 255 84 -1.45231 132 128 233 109 -1.47022 21 15 134 12 -0.321751 26 18 111 140 1.49949 171 169 229 58 1.69091 231 238 255 11 2.60117 239 250 255 0 0 
247 249 249 16 -1.44644 226 226 250 25 -1.03709 193 188 255 118 -1.51154 65 59 172 26 -1.72345 32 22 168 62 1.66727 94 92 216 126 1.86755 222 236 255 43 -2.93527 223 242 247 17 -2.31622 224 234 217 18 2.01064 250 250 234 16 -2.83871 251 235 246 9 2.81984 248 235 255 25 -2.46685 222 222 240 27 1.38769 235 242 255 85 -1.80725 137 140 244 132 -2.184 28 26 149 9 -0.708626 30 25 130 123 1.52205 161 157 233 55 1.733 217 225 255 14 2.1588 231 243 255 0 0 
249 253 248 6 -2.24554 237 240 255 40 -2.37374 197 196 255 129 -1.64045 57 54 169 28 -1.46406 22 16 163 32 1.85335 53 54 182 119 1.8341 175 191 250 80 2.86329 210 226 242 20 -2.67795 216 222 217 9 1.89255 234 229 228 19 3.03672 242 221 246 21 -2.76109 228 210 247 12 2.29744 225 223 253 3 2.55359 213 219 255 158 -2.07667 58 65 168 26 -1.9513 29 34 157 19 -2.7707 35 29 142 108 1.68145 148 145 231 56 1.5708 208 214 255 34 2.43934 230 243 255 0 0 
245 249 243 30 -1.47113 208 212 231 16 -0.519146 188 189 255 121 -1.84571 60 59 169 47 -2.14717 11 8 154 9 1.46014 20 20 156 70 1.79865 96 108 186 103 2.24704 188 200 240 80 3.06673 210 212 230 30 -2.91236 212 203 223 13 3.06482 218 195 239 8 2.67795 217 196 251 40 2.7886 218 211 255 109 -2.42704 132 135 209 108 -2.41495 44 54 161 51 -2.45179 9 17 138 5 -2.9442 21 16 131 120 1.45465 148 143 235 56 2.58299 180 187 237 51 1.39612 231 245 255 0 0 
248 250 250 24 -2.23909 222 225 246 57 -1.88708 155 156 224 120 -1.98225 34 34 140 19 -2.4275 12 11 151 8 -1.69515 2 5 139 21 1.23412 30 39 129 71 1.97203 104 114 174 104 2.57486 175 174 216 130 3.06482 193 183 226 120 3.09163 203 181 246 112 -2.90744 173 151 229 105 -2.84379 130 122 199 111 -2.46405 48 50 138 48 -2.4442 2 14 122 2 1.10715 4 12 131 18 1.24905 33 30 145 60 1.87172 98 95 187 95 1.99222 187 196 246 22 2.29378 206 220 249 0 0 
233 230 245 27 -0.942 206 203 235 100 -2.12834 109 107 177 103 -2.30145 23 20 123 6 2.97644 15 14 140 18 3.14159 11 16 139 19 -2.24554 0 10 104 7 0.876058 13 21 98 24 2.53087 38 36 106 32 2.4859 63 53 129 45 2.75699 83 64 157 57 -2.82531 62 44 143 49 -2.79453 36 30 125 38 -2.59673 7 10 108 8 2.08994 3 15 123 7 1.8491 10 21 133 18 -2.8023 15 14 124 39 1.95595 59 57 146 114 1.80088 172 182 230 85 2.58917 219 233 255 0 0 
249 243 255 91 -1.55981 153 148 187 107 -1.93065 43 38 107 48 -2.84615 20 18 108 11 -1.75065 0 2 110 7 2.1588 1 10 114 26 3.06482 5 18 104 25 -2.3007 0 1 79 11 0.785398 3 7 88 4 1.32582 10 8 97 8 2.62245 18 7 109 13 -2.30361 6 0 101 7 -0.404892 0 0 92 9 1.35213 0 8 102 11 2.23184 1 15 117 15 -2.58994 0 6 110 4 -2.03444 0 1 105 29 1.07685 33 34 115 67 1.88785 101 110 154 131 1.82502 228 243 255 0 0 
250 242 255 130 -1.66284 117 109 150 116 -1.20301 1 0 54 40 0.837981 22 21 93 36 -2.77639 2 6 87 25 -2.46685 0 0 70 24 0.463648 0 8 73 39 0.152649 0 14 79 52 0.0192284 0 12 85 82 -0.0487419 0 4 88 97 0.0206156 0 3 96 95 0.0630741 1 10 100 88 -0.0906599 0 7 84 72 0 0 8 83 49 0.0611482 0 7 94 11 0.266252 0 8 100 15 2.2143 16 18 112 24 -2.7686 12 15 89 52 1.59002 68 79 117 165 1.16115 222 237 255 0 0 
238 230 255 77 -1.40138 159 153 188 143 -1.03872 29 27 69 100 -0.312346 0 0 44 22 0.0454233 0 0 52 26 1.3078 4 20 79 73 0.390607 27 53 100 99 0.191502 40 73 119 78 0.406567 70 102 155 14 0.832981 79 111 170 73 0 79 109 174 75 -0.0133325 80 108 173 40 -0.628796 57 87 142 47 -0.511231 34 64 119 96 -0.370891 1 23 94 78 -0.217293 0 3 82 30 -0.0665682 0 0 82 18 0.785398 13 16 84 142 0.990591 134 147 179 116 0.944535 230 246 255 0 0 
251 245 255 17 -1.92957 233 231 251 102 -1.39443 127 132 147 149 -0.780659 17 25 48 132 -0.105666 0 5 48 126 0.757472 76 92 139 89 0.706199 125 154 191 47 -0.147849 111 151 179 31 -1.69912 74 125 141 85 2.09719 145 200 215 29 0.0688565 147 199 222 51 -0.993604 106 154 182 38 -2.71281 93 138 165 40 2.44369 123 161 196 67 -0.795924 78 105 161 100 -0.69346 20 37 104 54 -0.35662 9 15 88 127 0.657607 91 97 156 170 0.693987 202 217 243 36 0.96007 234 253 255 0 0 
245 242 255 9 1.0122 251 252 255 13 -1.5708 235 242 245 79 -1.52021 151 162 170 98 -0.582353 90 103 129 128 0.512389 145 164 197 37 1.67849 172 206 230 68 -2.12629 107 151 168 72 -1.31911 30 87 89 149 1.35503 172 234 234 33 3.1113 171 233 239 106 -1.60851 67 126 136 25 -0.480887 60 112 125 111 1.21203 170 212 235 26 -2.38321 157 189 225 94 -1.87242 74 94 141 81 0.391948 114 123 173 157 0.758378 227 233 255 6 -0.165149 228 240 255 12 0.896055 238 254 255 0 0 
248 251 255 3 1.5708 250 255 255 9 -1.98902 237 247 247 6 -0.165149 233 245 249 26 -1.17601 202 221 229 53 -1.5708 141 167 181 26 2.9516 139 172 187 50 -3.06176 126 169 184 73 -2.27942 63 115 128 100 0.941266 141 196 209 50 2.49809 171 225 242 98 -2.20409 94 146 163 20 0.197396 103 150 164 50 1.16067 154 195 210 52 -2.60117 133 166 185 29 2.69287 154 178 196 83 0.989416 237 247 255 2 0 244 247 255 2 0.463648 245 251 255 2 0.463648 246 254 254 0 0 
248 252 253 3 -0.321751 246 251 252 3 2.81984 243 253 253 7 2.7367 243 255 255 34 -1.5708 203 222 225 86 -1.16438 117 144 148 77 -0.248113 91 123 134 45 -0.0444152 80 122 135 51 1.47307 126 172 190 78 -2.90904 103 154 174 55 2.92292 116 165 187 45 -3.11937 117 164 185 40 3.04192 125 170 184 24 -2.27069 111 151 163 41 -0.221314 109 142 151 109 0.901753 204 229 233 36 0.785398 242 254 254 2 0 249 254 253 2 0.463648 252 254 254 1 0 252 254 254 0 0 
253 255 255 11 -2.48055 244 248 249 7 -0.404892 238 246 246 14 0.785398 244 255 255 6 3.14159 239 255 255 38 -1.70162 194 219 223 60 -0.937163 138 168 179 81 -0.54042 87 126 140 94 -0.321751 52 95 114 129 0.0309978 50 100 120 121 0.173246 73 120 142 108 0.0370201 79 124 145 100 0.283794 112 153 168 80 0.480406 155 190 203 59 0.327098 179 211 217 59 0.832981 232 254 255 2 1.5708 246 255 255 0 0 251 255 255 0 0 253 255 255 0 0 253 255 255 0 0 
244 246 247 0 0 251 255 255 0 0 250 255 255 0 0 238 250 250 0 0 236 251 254 0 0 232 254 255 0 0 208 238 249 0 0 179 216 230 0 0 181 224 243 0 0 172 219 240 0 0 181 228 250 0 0 175 220 241 0 0 185 224 239 0 0 211 246 255 0 0 221 250 255 0 0 232 254 255 0 0 246 255 255 0 0 251 255 255 0 0 253 255 255 0 0 253 255 255 0 0 
