239 245 252 12 0.785398 244 254 255 13 -2.03444 227 244 247 9 0.218669 229 247 248 14 0.785398 244 255 255 16 -2.89661 251 252 250 20 -1.42191 243 229 230 8 -2.67795 245 225 224 166 3.015 255 246 245 9 2.35619 255 255 252 15 -2.44685 238 246 245 73 3.01892 240 255 255 20 3.09163 239 255 255 8 3.14159 244 255 255 15 -2.67795 252 244 254 37 3.08759 255 246 254 5 0.643501 255 252 254 2 0 253 253 253 2 0.463648 254 254 254 1 0 254 254 254 0 0 
251 253 255 9 -2.43297 242 248 253 6 0.463648 240 252 255 3 1.89255 243 255 255 26 -2.49052 230 240 240 63 2.90422 254 254 254 86 -2.77607 234 222 222 166 -1.83179 76 60 61 189 1.90423 252 240 240 166 3.12954 245 243 242 179 -2.73524 163 174 172 128 2.63601 218 236 235 24 0.554308 231 249 250 44 -3.00606 230 241 245 150 -2.94028 211 209 215 58 2.32007 255 251 255 6 2.97644 255 254 255 1 3.14159 255 255 255 1 3.14159 255 255 255 1 3.14159 255 255 255 0 0 
250 246 252 8 1.05165 253 254 255 4 -2.03444 246 251 254 17 -1.39612 227 234 237 60 -1.23334 173 176 180 5 -0.785398 173 172 174 172 3.10092 184 179 181 220 -2.18894 4 0 1 98 0.86437 75 74 76 16 0.185348 71 79 79 42 -2.69922 46 62 61 196 1.673 236 255 255 166 -2.82364 185 205 206 224 -2.63406 82 95 97 78 1.78809 167 170 174 100 0.869705 248 247 251 6 1.10715 254 253 255 1 3.14159 254 254 254 3 3.14159 254 254 254 4 3.14159 254 254 254 0 0 
255 249 255 3 0.321751 255 251 255 27 3.10457 254 253 255 75 3.14159 250 253 255 140 -2.59507 176 180 185 187 -1.84689 0 1 5 64 0.91795 40 52 56 111 0.10769 46 65 68 177 0.153079 70 93 95 153 -0.33821 15 43 44 185 0 12 43 44 131 0.4467 70 100 101 125 -2.34496 0 10 10 82 1.00963 63 78 80 238 0.729078 231 236 239 15 1.8314 249 251 252 4 0.463648 253 253 253 2 -0.785398 251 251 251 3 -0.321751 250 250 250 2 0 250 250 250 0 0 
255 252 255 29 -1.74153 235 224 227 53 -1.06551 184 177 182 45 -1.70335 132 132 138 91 -3.09766 116 130 136 158 -2.53605 13 42 47 159 0.878462 122 167 170 117 0.706773 189 244 247 14 -2.9305 179 243 244 11 -1.48014 170 232 232 66 -1.5405 111 165 166 158 -1.23709 0 13 15 120 0.355858 26 54 55 204 1.55119 239 255 255 96 -2.90163 225 233 233 23 1.5708 253 255 255 11 3.14159 255 255 255 1 -1.5708 254 254 254 2 -1.10715 252 252 252 3 -0.321751 251 251 251 0 0 
255 247 250 11 2.96174 255 250 252 79 -1.53284 178 171 174 148 -1.06501 38 42 47 114 -0.385376 0 1 7 148 1.28322 98 146 150 130 0.997623 185 255 255 31 -2.10575 143 235 236 18 2.43297 150 248 248 32 -2.82955 145 238 237 18 -1.0122 145 219 219 93 -1.26599 74 128 129 90 -0.832239 27 58 59 117 2.01924 147 163 162 152 2.65742 227 233 232 20 2.52693 244 244 244 12 1.14417 255 255 255 9 3.14159 255 255 255 5 3.14159 255 255 255 0 0 255 255 255 0 0 
251 237 238 22 0.785398 255 254 254 67 -2.99343 249 244 246 150 -2.45026 137 149 153 161 -2.41752 5 46 49 172 1.69299 149 220 223 23 1.82598 142 248 249 32 -2.24554 99 226 224 30 -0.165149 89 222 219 42 0.818719 131 251 250 19 3.03672 159 249 249 56 -1.6065 128 190 190 180 -1.67655 0 7 8 22 1.66146 15 27 27 191 1.41854 215 216 214 158 2.92566 253 249 248 136 -3.11954 248 246 246 13 2.84309 250 250 250 11 2.67795 255 255 255 5 3.14159 255 255 255 0 0 
255 255 252 89 -2.30113 192 188 187 96 -2.48146 127 129 129 125 -2.20312 12 30 31 16 -0.436627 0 25 28 188 1.40042 138 215 218 70 3.01372 117 229 229 33 0.827041 124 255 255 29 -2.93757 115 251 249 87 -2.94643 110 233 231 61 2.83005 159 246 248 82 -2.06146 114 170 171 186 -2.08728 0 5 5 135 0.401023 51 56 55 137 0.0364802 67 59 59 127 0.428574 122 113 110 138 2.09887 237 233 232 208 3.10795 240 240 240 38 2.87763 250 250 250 5 1.76819 255 255 255 0 0 
190 198 191 97 -1.01981 107 114 109 119 -0.497343 50 56 55 200 -0.0599282 27 45 46 212 0.0471349 18 56 60 91 1.96559 79 143 147 156 2.43297 154 249 252 99 -2.86743 113 224 226 139 -2.67151 48 161 163 91 3.03214 70 170 172 90 2.69765 138 205 208 156 -2.20663 37 75 79 64 1.03038 116 128 130 118 0.580977 197 191 192 44 -0.372068 188 175 173 142 -1.19809 55 42 40 175 -0.102497 29 25 24 179 1.67714 203 203 203 143 2.81544 249 249 249 7 0.982794 255 255 255 0 0 
232 250 243 30 -1.26988 205 221 214 49 0.870903 246 255 255 3 3.14159 243 255 255 247 -1.86187 0 20 24 46 0 0 21 26 146 1.02452 85 149 154 132 -2.71497 21 95 101 82 -2.77007 0 65 71 150 0.126832 20 82 88 176 0.159552 70 108 113 115 0 89 105 111 149 0.947427 228 224 229 23 0.308053 247 230 233 10 -2.63449 246 226 225 11 -2.03444 234 216 215 213 -1.47206 11 6 5 107 0.600855 67 67 67 186 1.52245 253 253 253 62 3.10935 255 255 255 0 0 
236 255 254 11 -2.60117 233 253 248 6 0.463648 243 254 252 68 -1.6588 179 184 187 127 -1.23412 59 62 70 193 0.155795 85 92 101 126 -0.605545 4 21 30 22 -0.502843 0 10 21 208 1.22325 186 206 217 48 2.0161 237 249 255 41 -2.28734 216 217 227 28 -1.39409 199 188 198 66 1.0122 255 243 251 30 -2.2143 245 220 224 2 -2.67795 244 220 222 16 1.32582 255 237 238 145 -1.71561 100 94 95 148 -0.128539 76 76 76 154 0.840389 191 191 191 97 2.66425 236 236 236 0 0 
226 249 245 12 0.96007 239 255 255 9 -1.5708 237 247 247 24 -2.18152 224 225 229 41 0.785398 255 252 255 91 -2.46514 207 193 204 190 -2.18066 53 37 48 203 0.197396 93 76 89 195 0.562404 197 180 193 65 0.622032 236 219 230 5 0.197396 241 219 231 2 0.785398 245 221 231 9 0.321751 251 224 233 13 -2.5128 245 217 223 5 1.19029 250 223 227 9 -1.15257 236 215 218 26 1.10715 247 241 242 63 -1.71269 179 179 179 96 -0.896055 104 104 104 76 -0.292713 82 82 82 0 0 
238 254 253 3 1.24905 243 255 255 23 -1.5708 225 233 233 29 0.88035 255 254 255 71 -1.6411 193 181 187 121 -2.24554 107 84 92 177 2.09765 255 236 245 91 3.0867 255 240 250 138 -3.08369 255 232 242 161 -3.07956 252 223 232 10 -2.9442 246 222 230 9 1.35213 254 231 239 129 -3.00955 237 215 220 140 3.10589 242 220 225 42 2.97644 252 226 232 12 -0.0831412 246 227 230 5 2.49809 238 232 233 8 2.35619 239 239 239 100 -2.47618 177 177 177 194 -2.37437 42 42 42 0 0 
248 253 255 4 2.67795 250 255 255 18 -2.92292 244 252 252 3 -0.321751 246 250 251 142 -1.54263 113 106 109 148 -0.813962 14 0 0 191 0.91159 174 147 151 64 -2.43297 136 104 109 31 -1.79288 105 73 78 141 1.51412 240 215 219 148 3.07413 241 227 229 221 -2.56237 115 106 109 32 -2.02056 88 77 80 113 1.1347 193 179 183 146 2.71157 255 239 244 211 -3.0612 242 222 227 165 3.13553 232 226 227 209 -2.81683 160 160 160 162 -2.28209 37 37 37 24 0.96007 57 57 57 0 0 
254 246 253 12 -1.24905 239 235 240 24 0.756835 249 254 255 2 3.14159 245 255 255 44 -1.5708 203 211 210 101 -1.15557 117 118 116 130 -0.114877 111 102 99 132 0 114 101 99 24 -0.699893 95 86 83 104 -0.144614 75 72 68 133 -0.203261 37 46 43 143 0.357134 83 96 94 133 0.250443 122 127 128 140 -0.588003 51 48 50 105 -0.162029 48 27 35 109 0.26705 79 56 64 49 -0.728317 33 26 29 86 0.307046 54 54 54 102 -0.0294033 51 51 51 268 0.70903 226 226 226 0 0 
255 250 255 2 0.785398 255 253 255 3 -1.5708 248 252 253 3 0.588003 245 255 254 4 -2.35619 242 253 251 4 -2.03444 242 249 246 15 -1.01914 234 235 231 202 -2.54948 125 122 118 110 2.47817 191 190 186 38 0.346539 198 204 199 24 -1.5708 166 181 177 80 0.591439 209 226 223 27 2.25132 233 246 244 215 -2.70497 151 153 154 52 -0.291457 149 135 141 101 -0.406189 110 94 101 93 0.128323 114 109 111 152 0.307199 156 156 156 140 0.785398 255 255 255 5 -1.5708 250 250 250 0 0 
255 254 255 1 3.14159 255 254 255 12 3.14159 253 255 255 11 -2.79282 247 252 251 2 -2.35619 245 250 249 6 1.24905 253 255 255 189 -1.6605 66 67 65 68 -0.489957 36 34 33 212 1.11345 225 226 224 80 -2.85133 200 203 201 166 2.8806 241 246 245 55 -2.35619 201 207 206 213 -2.31303 45 50 49 155 1.44165 203 203 203 43 2.43798 235 230 232 191 -2.93086 195 190 192 64 1.72579 255 255 255 0 0 255 255 255 0 0 255 255 255 0 0 255 255 255 0 0 
254 254 254 11 -1.48014 243 243 243 12 0.0831412 244 244 244 12 0.426627 249 249 249 3 0.588003 251 251 251 13 -1.2723 238 238 238 112 -1.46406 126 126 126 96 0.0208303 128 128 128 99 0.203336 148 148 148 173 -2.47853 41 41 41 178 1.18508 206 206 206 149 -1.29341 62 62 62 118 0.0592526 69 69 69 156 0.703762 170 170 170 151 -2.16427 44 44 44 137 1.5708 181 181 181 77 1.26945 255 255 255 0 0 255 255 255 0 0 255 255 255 0 0 255 255 255 0 0 
255 255 255 6 3.14159 255 255 255 0 0 255 255 255 3 -1.5708 252 252 252 12 2.89661 255 255 255 5 -1.76819 250 250 250 28 -1.46406 222 222 222 33 0.0906599 225 225 225 214 -1.49152 11 11 11 202 0.498953 108 108 108 185 0.846391 247 247 247 67 -1.4667 180 180 180 63 0.126308 188 188 188 122 -0.99408 85 85 85 122 -0.342473 44 44 44 224 0.791687 204 204 204 72 0.785398 255 255 255 0 0 255 255 255 0 0 255 255 255 0 0 255 255 255 0 0 
249 249 249 0 0 255 255 255 0 0 255 255 255 0 0 240 240 240 0 0 254 254 254 0 0 253 253 253 0 0 255 255 255 0 0 242 242 242 0 0 189 189 189 0 0 231 231 231 0 0 254 254 254 0 0 243 243 243 0 0 255 255 255 0 0 200 200 200 0 0 202 202 202 0 0 255 255 255 0 0 255 255 255 0 0 255 255 255 0 0 255 255 255 0 0 255 255 255 0 0 
