255 252 251 4 0.785398 255 255 254 6 3.14159 255 255 254 5 -1.5708 250 251 249 4 0.785398 253 254 252 2 -0.463648 248 253 251 5 -0.927295 244 249 247 9 0.785398 250 255 254 9 -2.92292 248 255 252 1 -1.5708 247 254 251 3 0.588003 252 254 254 1 0.785398 253 255 255 5 3.14159 255 255 255 2 3.14159 255 255 255 0 0 255 254 255 5 -2.60117 255 251 252 3 0.588003 255 254 253 3 2.81984 255 255 254 2 -1.5708 255 253 252 4 2.89661 255 254 253 0 0 
255 255 255 6 -2.03444 251 249 249 6 2.03444 255 255 255 2 -1.5708 251 253 253 2 1.5708 251 255 255 1 3.14159 250 255 255 4 3.14159 248 255 255 11 -2.23184 237 247 247 7 1.8491 246 254 254 5 2.76109 248 255 255 8 3.14159 250 255 255 9 -2.58299 246 249 253 6 2.67795 251 252 255 2 1.5708 253 255 255 5 -2.11122 250 249 251 7 2.44685 255 254 255 4 -1.5708 251 251 251 5 0.927295 255 255 255 6 -1.5708 249 249 249 6 1.5708 255 255 255 0 0 
250 252 253 6 -1.5708 244 246 247 12 0.785398 251 255 255 3 -2.55359 248 253 255 5 2.9442 245 254 255 3 -1.5708 240 251 255 14 -2.9305 236 248 254 36 -3.03094 230 244 250 18 2.92292 236 247 255 30 -3.10827 235 246 254 29 3.14159 235 246 254 33 -3.05093 233 242 251 26 2.79604 244 251 255 32 -3.11035 245 251 255 36 -2.92292 239 242 250 20 2.56729 250 254 255 8 -3.01724 249 254 255 1 2.35619 250 255 255 7 -2.1588 245 249 250 8 0.785398 251 255 255 0 0 
247 252 255 3 0.982794 248 255 255 3 -1.5708 243 252 255 20 -2.9442 237 247 254 15 2.7367 240 253 255 17 -1.80189 221 235 247 27 -1.15629 194 210 223 14 1.78189 207 223 239 14 -2.55359 199 215 232 3 3.14159 199 215 232 4 -1.10715 195 211 228 5 1.76819 201 216 232 2 1.5708 205 218 234 10 -2.63449 202 213 227 13 2.13753 213 225 237 24 0.96007 235 245 255 9 0.708626 242 251 255 16 -3.01724 242 250 255 21 2.95337 248 254 255 3 -1.5708 245 251 255 0 0 
245 254 255 1 1.5708 244 255 255 26 -2.11759 220 232 238 20 3.04192 218 233 242 25 2.46685 231 247 255 22 -3.05093 227 244 255 39 -1.74839 184 205 227 9 0.558599 187 208 235 3 0.321751 187 209 237 5 1.9513 192 214 242 7 -1.8491 185 208 234 7 2.26553 192 214 239 8 -2.08994 187 208 230 4 -0.785398 186 205 226 32 1.4158 218 238 255 14 2.06474 235 251 255 26 -2.4371 223 235 247 23 -2.83354 218 228 238 33 2.29245 243 254 255 13 -2.61352 236 247 255 0 0 
243 254 255 13 -1.49402 229 241 247 29 -1.80765 196 211 220 2 2.03444 195 211 227 15 2.03444 205 224 245 20 2.45928 214 235 255 59 -2.72337 187 210 242 50 3.14159 183 209 245 30 -3.00904 178 205 242 22 2.91812 181 210 247 28 -2.78689 173 201 236 21 2.80492 181 208 242 23 3.14159 183 208 240 21 -3.09401 184 208 236 42 2.64604 204 229 255 54 3.14159 207 230 252 28 -2.40615 197 212 228 11 -2.48055 194 206 218 35 1.6563 229 241 253 20 2.9442 233 245 255 0 0 
243 255 255 22 -1.97569 220 233 241 25 -2.0169 193 209 222 5 -2.35619 184 204 222 5 1.3734 185 206 233 27 -1.15629 155 180 212 48 -2.71497 132 158 198 67 2.83871 148 177 221 41 3.04434 148 181 227 32 3.14159 148 181 227 35 -3.05609 147 177 224 24 2.97644 151 183 226 33 3.08106 155 186 225 50 -2.80121 140 170 205 67 3.09685 145 173 207 71 2.65908 183 207 235 7 -1.5708 185 203 220 6 -0.165149 189 203 215 19 1.15257 207 221 233 29 2.06474 233 247 255 0 0 
234 246 252 24 -1.27536 209 222 230 30 -0.551655 189 205 218 14 0.0713075 185 204 225 15 1.89255 195 216 247 80 -1.70744 109 135 172 42 -1.90747 64 93 138 50 2.13148 103 134 185 29 2.69287 113 147 201 20 -2.9927 108 144 198 10 2.28963 118 152 206 16 -2.83871 115 148 198 22 -2.51611 103 136 182 39 -2.01198 69 101 142 25 2.86858 78 109 148 97 1.73594 179 207 238 16 -3.07917 191 208 227 6 2.97644 197 211 223 9 -0.418224 193 207 219 51 0.923404 234 249 255 0 0 
242 253 255 4 -1.5708 237 248 255 28 -1.46406 205 218 232 32 -0.588003 182 198 221 33 0.274167 184 205 237 85 -1.79583 94 119 161 55 -1.8982 35 65 114 43 1.66355 75 105 162 39 2.60987 91 125 185 28 2.78689 99 135 195 22 -3.09617 100 134 193 17 -2.72918 93 129 183 29 -2.72337 83 118 168 56 -2.25653 41 75 121 21 2.28963 60 92 135 96 1.62283 163 190 224 23 2.75327 185 202 221 26 0.651077 208 220 230 24 0.844154 226 238 248 14 0.785398 236 249 255 0 0 
246 253 255 1 -0.785398 243 251 255 4 -1.5708 234 245 255 13 -1.20362 216 230 252 45 -1.1659 166 185 218 84 -1.34311 77 101 143 66 -0.625485 31 60 111 86 0.150027 39 71 130 78 0.349856 62 97 160 50 0.302885 76 112 176 32 0.154997 82 117 180 39 -0.475011 66 100 159 57 -0.377249 47 81 135 72 -0.308651 27 60 109 88 0.286051 55 86 131 98 0.929324 141 168 202 53 1.36233 208 224 241 21 0.548549 226 237 245 17 0.74542 239 248 255 7 0.785398 244 254 255 0 0 
250 254 255 2 -1.10715 247 251 255 3 0.321751 242 250 255 2 3.14159 235 249 255 41 -1.66805 187 205 236 51 -1.1506 131 155 197 20 -0.35299 117 146 197 16 0.0624188 113 146 202 12 0.0831412 110 145 208 12 -0.0831412 108 144 208 8 1.69515 117 152 215 10 3.14159 119 153 212 7 -2.44685 116 150 204 7 -0.982794 112 145 195 18 -0.0554985 114 144 191 41 0.836202 154 179 213 73 0.940993 229 242 255 8 0.785398 242 251 255 4 1.10715 246 255 255 1 3.14159 246 255 255 0 0 
255 255 254 7 3.14159 251 255 255 4 -1.5708 242 249 255 4 -0.463648 233 245 255 16 -1.44644 210 226 255 51 -1.27373 152 174 215 10 -1.5708 135 162 212 3 -0.982794 125 159 213 7 0.141897 122 158 218 14 -1.5708 107 144 206 12 -0.0831412 107 142 205 15 0.260602 113 147 206 14 0.343024 122 153 208 12 0.726642 131 162 213 9 1.98902 144 172 219 49 1.92479 199 221 255 22 1.70632 237 248 255 2 1.5708 248 253 255 1 1.5708 249 254 255 1 -1.5708 248 253 254 0 0 
252 249 245 9 0.785398 255 255 255 4 3.14159 250 253 255 4 -1.5708 239 247 255 3 -2.1588 225 242 255 64 -1.64876 152 176 212 10 -2.2143 137 166 211 2 2.35619 134 166 219 7 -2.1588 124 158 217 6 -2.81984 120 156 216 3 2.55359 124 158 218 10 2.85014 129 162 218 13 3.14159 132 163 216 5 -2.11122 129 159 208 8 -0.463648 129 155 201 60 1.52084 198 218 253 25 1.29779 239 248 255 2 1.10715 249 253 254 1 0.785398 250 254 255 1 0 250 255 254 0 0 
255 255 251 4 -1.5708 253 252 248 7 2.55359 251 254 255 6 -1.5708 237 246 255 7 -0.982794 222 238 255 65 -1.46352 148 171 203 10 -0.380506 135 165 206 9 3.14159 130 163 212 16 -2.62245 118 154 208 1 1.5708 117 154 210 5 -1.3734 114 149 205 6 0 116 150 204 10 1.3734 129 160 211 11 2.60117 139 166 216 14 -2.45586 132 158 204 64 1.63322 206 225 255 19 1.31347 241 249 255 2 1.5708 250 254 255 1 1.5708 253 255 255 0 0 253 255 255 0 0 
255 255 249 10 -1.67046 249 246 241 12 0.896055 253 255 255 2 -1.5708 242 251 255 4 -2.35619 231 246 255 62 -1.58692 158 182 210 23 -1.44109 126 158 194 12 -2.71497 116 151 195 6 1.24905 118 155 205 5 2.76109 118 156 210 15 3.14159 120 156 210 11 -2.79282 118 152 205 3 -2.55359 119 151 200 8 2.52134 128 156 203 7 -2.86329 130 155 199 73 1.59819 211 231 255 14 1.2925 241 250 255 2 1.10715 252 254 254 1 0.785398 255 255 255 1 -1.5708 254 254 254 0 0 
255 255 250 1 -1.5708 255 254 250 2 1.10715 253 255 255 5 -1.76819 241 248 255 4 -0.244979 231 245 255 58 -1.58804 166 185 212 37 -1.70512 120 147 181 12 2.41495 123 154 193 16 -3.07917 120 151 196 14 -2.55359 110 143 189 8 2.67795 114 147 193 8 2.67795 120 151 196 17 -2.78282 118 145 189 12 2.71497 126 151 191 19 2.98499 131 154 192 79 1.53284 219 236 255 11 1.83705 244 251 255 2 2.03444 253 255 255 3 3.14159 255 255 255 3 3.14159 255 255 255 0 0 
255 254 254 1 0 254 253 255 0 0 250 252 255 2 3.14159 247 250 255 7 -2.1588 236 243 255 62 -1.47432 168 180 204 57 -0.797743 122 138 167 67 0.0149243 119 138 171 73 0.0410728 121 140 177 67 -0.0596307 115 136 174 68 0.0587558 119 141 177 70 -0.0570808 117 137 172 73 -0.0136978 117 136 169 77 -0.0389413 116 134 165 78 0.325799 143 159 188 87 0.979639 223 234 254 18 0.785398 247 250 255 10 3.14159 252 252 252 10 3.14159 252 252 252 10 3.14159 252 252 252 0 0 
255 255 255 3 -2.81984 254 253 255 2 -1.10715 248 251 255 3 -0.588003 245 247 255 4 1.32582 245 251 255 28 -1.5351 214 221 240 31 -0.463648 196 207 229 42 0.165149 200 213 239 36 -0.0831412 195 209 237 38 -0.078784 192 206 234 37 0.160763 198 212 240 35 -0.0285637 197 212 238 33 0.0906599 203 215 239 34 -0.174672 197 210 232 40 0 199 211 229 48 0.873406 240 249 255 10 -1.3734 238 241 245 12 0 242 242 242 12 0 242 242 242 12 0 242 242 242 0 0 
255 254 246 3 2.1588 255 255 251 1 3.14159 255 255 252 4 -1.5708 247 252 251 5 0.927295 248 255 255 2 -2.67795 243 252 255 1 0 240 252 255 1 0.785398 239 252 255 5 -2.9442 236 251 255 4 -1.32582 232 247 255 4 1.10715 236 251 255 3 -1.24905 233 249 255 4 1.81578 241 253 255 5 3.14159 241 253 255 9 -1.5708 234 244 254 12 0.726642 245 253 255 1 0 250 254 255 0 0 254 254 254 0 0 254 254 254 0 0 254 254 254 0 0 
254 254 242 0 0 255 255 247 0 0 255 255 249 0 0 252 255 251 0 0 248 254 253 0 0 246 255 255 0 0 243 255 255 0 0 236 249 255 0 0 239 253 255 0 0 236 250 255 0 0 239 254 255 0 0 234 250 255 0 0 238 249 255 0 0 243 255 255 0 0 244 255 255 0 0 246 255 255 0 0 252 254 255 0 0 254 254 254 0 0 254 254 254 0 0 254 254 254 0 0 
