61 118 79 54 -1.47847 7 64 26 67 1.02785 65 119 90 73 -2.59884 20 81 53 59 2.24818 50 129 102 87 2.34007 117 189 169 41 1.7399 179 220 222 36 0 186 215 230 29 0.418224 189 225 249 23 -0.0867383 189 224 244 21 0.0949517 201 230 235 22 -0.625485 188 216 223 35 -0.825377 155 183 214 49 1.3654 196 227 255 18 -2.58299 186 215 255 110 -1.54353 73 101 165 23 -1.31561 46 70 158 86 1.46652 132 159 240 55 1.92111 189 220 255 5 -0.643501 188 222 255 0 0 
71 119 90 142 -0.169778 47 95 67 59 -0.737815 7 53 30 20 -2.49809 0 41 21 30 2.33294 0 65 44 177 0.721485 117 179 167 114 0.822418 217 255 255 36 -2.8899 211 241 255 8 1.69515 212 246 255 96 -3.09995 208 242 255 137 -3.13429 212 243 255 181 -3.10294 205 234 255 152 -2.87592 155 189 235 133 2.97644 173 209 255 146 3.08003 186 219 255 107 -1.50547 79 108 169 32 -2.4859 55 81 165 58 1.40006 113 140 220 75 1.65063 193 224 255 33 -2.63743 179 213 249 0 0 
220 251 242 120 -1.52915 102 131 122 160 -0.670857 2 32 21 154 -0.109944 0 15 5 258 0.747165 149 190 185 93 0.724866 209 250 252 30 -1.26988 183 219 227 41 0.648332 207 239 255 101 -2.11795 114 146 187 108 -2.71497 66 99 149 47 -1.24905 19 53 107 29 1.18392 41 77 141 31 -0.920926 5 49 126 68 0.117109 13 59 130 162 1.60782 186 226 255 140 -1.5708 51 85 138 40 0.408149 65 93 170 42 1.68929 107 136 211 52 1.39942 163 196 245 19 1.0839 181 218 252 0 0 
223 249 255 115 3.1329 228 251 255 140 -2.60483 161 181 182 31 0.64987 180 200 201 76 0.822418 229 255 255 6 2.97644 225 254 255 13 -2.77442 215 248 255 63 -1.82731 150 183 216 167 -2.22029 13 44 97 71 1.31561 77 108 177 60 -2.20443 19 56 138 36 1.26629 47 88 180 31 0.851966 62 112 208 66 -1.64641 2 50 132 169 1.69515 187 226 255 105 -1.79049 91 124 170 109 -0.240534 64 90 160 100 2.54805 120 146 216 65 2.2143 175 205 252 13 0.463648 183 215 250 0 0 
96 127 166 58 -3.0556 96 124 154 126 2.51859 185 203 214 53 1.02401 234 250 255 54 -3.10457 225 245 255 7 -2.1588 212 236 255 9 -1.0122 195 227 255 166 -2.07731 45 77 126 19 -0.785398 30 57 124 18 0.938047 38 67 152 4 -2.67795 21 62 161 66 0.742871 59 105 212 12 -0.165149 59 104 209 82 -1.5586 0 26 114 166 1.60091 173 201 255 49 2.58729 208 228 255 218 -1.74573 0 8 73 149 0.733313 90 108 173 152 2.40246 196 216 255 39 -3.09036 196 218 254 0 0 
22 66 120 84 -0.634023 0 18 61 235 1.05957 209 229 246 37 -1.32582 180 194 206 74 0.699893 217 238 255 11 2.87534 212 238 255 108 -2.10019 110 143 189 63 -2.21115 54 88 148 27 -0.657889 37 65 142 14 3.14159 28 61 154 51 1.45369 65 110 215 8 1.81578 70 117 225 15 -2.17634 65 105 207 93 -1.92957 0 22 105 129 1.6789 138 159 211 30 1.34156 177 190 234 66 -1.48014 108 120 178 165 -0.849687 0 0 53 177 1.57645 164 178 220 190 2.92977 204 221 254 0 0 
71 134 194 9 -0.321751 84 134 180 115 1.03335 214 238 255 14 0.982794 235 250 255 20 -1.86225 198 225 255 52 -2.23353 148 181 231 120 -2.45004 67 101 160 10 2.1588 73 108 176 58 -2.01155 16 50 133 23 1.03038 29 68 160 58 0.83414 58 111 208 5 0.197396 62 113 207 38 -1.30683 45 76 161 87 -2.22579 0 11 79 150 1.56413 151 166 215 33 2.10101 185 197 239 49 2.29911 222 233 255 234 -1.57934 0 0 40 24 -0.334737 0 0 27 135 1.51161 119 131 159 0 0 
69 146 203 48 1.78044 135 194 240 49 1.32582 222 245 255 24 -3.05845 229 242 255 46 -1.65753 162 191 236 149 -2.38936 48 86 144 36 2.86329 59 94 157 11 -2.11122 44 83 152 49 -2.81347 21 63 146 53 1.06551 59 109 199 9 1.15257 63 118 209 31 0.191184 76 125 211 110 -2.00194 1 26 98 22 -2.41861 0 14 73 132 1.52537 128 150 198 59 2.9211 147 166 204 69 1.3819 222 235 255 209 -1.55644 18 27 54 52 -0.455101 0 5 29 6 -2.67795 0 3 25 0 0 
61 137 189 74 1.17292 149 207 249 20 0.614663 200 220 245 32 0.588003 227 235 255 178 -2.1371 51 80 131 37 -2.29965 13 50 112 77 0.527146 53 89 149 60 -2.1451 0 37 104 62 1.14285 36 92 171 25 1.3734 56 115 201 38 1.22426 96 149 239 73 -1.84537 35 80 161 83 -2.12559 0 12 76 29 0.2783 0 24 75 94 0.807951 56 94 142 84 1.65394 145 181 219 62 1.96314 225 242 255 165 -1.6434 70 77 92 78 -1.30121 0 1 18 13 1.7976 7 13 32 0 0 
90 166 218 57 1.39713 166 224 255 22 1.66146 224 247 255 105 -1.66575 128 140 168 132 -0.646513 26 56 105 64 1.43109 81 117 177 68 -2.05392 22 56 115 19 0.418224 21 63 128 38 1.22426 36 98 176 38 1.04839 65 129 214 5 0.54042 81 129 217 108 -2.07162 0 36 114 16 3.07917 13 42 99 49 1.98902 57 90 139 16 -0.244979 40 87 139 67 1.58572 113 156 199 80 1.05165 209 230 252 132 -1.49518 90 98 115 101 -1.41214 0 0 19 27 0.183111 0 0 27 0 0 
101 174 232 48 1.20959 161 221 255 33 2.70497 207 239 255 14 0.832981 226 250 255 178 -1.71111 37 67 108 105 0.219697 53 87 140 23 -2.65908 42 76 130 56 3.08807 34 76 141 42 1.5708 55 115 197 20 1.96932 72 132 222 54 -1.71787 40 75 165 64 -1.98587 0 19 96 10 -2.85014 0 22 79 187 0.446943 67 107 156 87 -0.242209 34 84 144 108 1.44189 147 194 246 53 2.28963 212 237 255 126 -1.5708 97 111 140 96 -1.95517 6 18 58 34 -0.358771 0 5 49 0 0 
115 188 255 29 -3.07274 125 190 241 56 1.87579 206 250 255 24 -1.65394 193 227 243 49 -1.4289 140 173 206 109 -1.18518 35 68 114 56 -0.962994 0 20 73 62 1.89762 36 76 141 34 1.45369 52 106 189 19 1.67567 73 123 213 72 -1.7224 22 49 135 58 -2.32007 0 10 82 190 1.18248 159 193 246 21 -0.141897 151 193 240 108 -2.13329 50 97 158 84 2.37286 112 156 215 81 1.96274 201 234 255 162 -1.60165 45 72 116 22 -1.93478 20 47 104 25 0.446106 29 56 120 0 0 
77 157 234 16 0.655696 98 171 231 77 2.05168 192 250 255 24 -2.4733 189 237 249 15 -1.31019 177 215 245 110 -1.65243 67 101 144 98 -1.43891 0 0 53 110 0.849413 45 79 145 49 2.54242 63 104 183 16 2.4859 76 113 195 127 -2.2284 0 13 85 69 1.41271 64 85 146 126 1.6981 182 216 255 82 -1.66805 94 136 179 96 -1.74787 0 36 92 90 1.38206 87 124 184 112 1.1191 182 228 255 180 -1.99239 12 62 122 26 0.380506 18 66 144 25 1.08991 40 87 173 0 0 
83 169 251 39 -1.59643 56 135 198 86 1.43216 165 229 255 78 3.03939 189 239 255 28 -1.39409 167 205 239 104 -2.14557 82 113 158 49 -0.870903 44 73 124 122 -0.256907 11 39 99 65 1.02514 64 93 160 81 -2.39965 11 38 105 30 -2.7367 6 28 86 66 0.688924 46 73 123 141 1.21781 172 211 250 96 -1.89913 79 120 159 68 -1.10061 25 56 101 124 1.31999 141 176 226 62 -0.362544 103 153 211 125 -2.5889 26 85 155 5 -2.60117 20 75 166 11 -2.96174 16 71 170 0 0 
78 169 250 28 -1.97104 65 146 213 6 -0.674741 87 149 187 95 1.8793 194 240 255 100 -2.02552 110 144 190 50 0.0199973 114 143 194 50 1.89255 166 191 241 115 -1.6489 53 76 124 38 -1.46592 20 37 86 41 -2.54683 0 16 61 69 1.81928 55 85 126 51 0.896055 88 128 163 96 0.579407 137 182 216 62 -2.65637 112 153 185 76 -2.21692 62 92 119 215 0.759088 206 238 255 239 -2.24358 0 47 101 36 1.54303 25 77 153 9 -1.15257 12 62 158 15 -2.88099 5 55 161 0 0 
67 159 236 15 -0.694738 68 151 219 40 -1.19484 51 115 169 79 1.26492 142 191 241 107 3.10423 154 191 247 68 -1.8693 96 126 181 109 0.524796 157 184 228 114 -2.05001 60 83 121 105 -2.33606 0 7 43 17 -0.358771 0 3 35 119 1.33395 87 121 151 96 1.96479 171 211 240 134 -2.47729 84 127 160 59 -0.343024 66 107 139 197 0.792541 214 248 255 205 -2.27362 52 88 128 68 -2.57375 0 45 111 39 1.62203 25 79 164 31 -2.03444 0 46 147 12 1.07145 3 54 164 0 0 
83 174 243 29 -2.90474 80 166 236 31 -1.99222 61 134 208 55 -1.71524 17 79 150 91 1.47222 120 171 234 130 2.7468 183 223 255 151 -2.47823 102 135 168 159 -0.869643 0 15 40 223 0.0582301 2 27 53 136 0.0440891 8 32 60 125 0.417417 55 83 113 117 0.170735 72 103 134 162 0.507696 147 182 216 70 1.10082 205 244 255 230 -2.53797 69 110 159 107 -2.27031 0 24 90 21 1.08632 0 36 126 41 0.716542 2 60 163 27 -0.298499 0 50 159 29 0.2783 1 57 168 0 0 
56 143 217 12 0.844154 65 150 230 30 -2.24044 44 121 214 41 -1.96932 15 82 174 40 -1.92379 0 48 123 55 1.18019 58 103 160 133 1.8285 201 237 255 215 -3.13229 207 237 255 203 -2.77019 134 162 192 74 -2.93893 119 146 180 53 1.83379 171 197 233 116 2.73557 216 242 255 197 -2.98394 179 211 254 234 -2.39545 13 50 102 18 -0.588003 0 36 104 13 -0.226799 0 29 114 58 0.761013 3 65 167 35 0.665969 20 84 196 22 -0.266252 14 78 190 27 -0.253674 5 71 183 0 0 
62 146 235 18 -1.62629 44 126 221 21 -1.47584 25 100 208 43 -2.1588 0 64 169 21 -0.141897 11 64 155 35 -0.113792 23 64 137 55 -1.20362 0 17 70 42 0.568525 15 42 86 43 1.54754 60 84 130 66 2.41994 104 127 177 114 -2.77567 63 85 137 60 -2.37945 17 42 98 8 -1.32582 4 34 93 36 0.86217 25 60 128 15 -2.2143 0 44 128 36 0.785398 12 67 164 38 0.748378 24 92 197 30 0.551655 33 108 218 24 -0.0416426 32 107 217 40 -0.767856 2 79 189 0 0 
59 143 239 0 0 44 126 228 0 0 1 74 188 0 0 17 83 196 0 0 46 97 194 0 0 41 82 161 0 0 19 50 111 0 0 14 41 92 0 0 8 32 86 0 0 0 17 75 0 0 17 38 99 0 0 17 42 106 0 0 28 55 122 0 0 12 48 124 0 0 24 67 160 0 0 38 93 197 0 0 46 118 225 0 0 53 132 242 0 0 55 137 246 0 0 11 93 202 0 0 
