252 253 249 4 0.785398 255 255 252 6 3.14159 255 255 254 4 -2.67795 253 254 252 2 2.35619 255 255 254 1 -2.35619 254 255 253 6 2.97644 255 255 254 5 -2.2143 251 252 250 5 0.643501 254 255 253 4 2.89661 255 255 254 1 -2.35619 254 255 253 7 -1.4289 247 248 246 7 0.982794 253 253 253 5 -1.19029 248 248 248 9 0.86217 255 255 255 3 3.14159 255 255 255 9 -3.03094 255 254 254 7 2.9997 255 255 255 7 -1.5708 250 248 248 7 1.1659 255 255 255 0 0 
255 255 254 6 -1.5708 249 250 248 2 2.03444 251 252 250 4 0 251 252 250 5 0.643501 254 255 253 6 -1.40565 248 249 247 8 0.519146 252 253 251 4 0.785398 255 255 254 8 -2.52134 250 250 250 159 3.11644 254 255 253 251 3.13761 255 255 255 255 -3.12591 251 251 251 193 3.12087 255 255 255 43 -3.11834 254 254 254 8 -2.89661 252 252 252 6 -1.10715 246 246 246 9 0.110657 249 247 247 11 0.785398 255 255 255 4 -1.5708 253 251 251 4 1.5708 255 255 255 0 0 
255 255 255 7 -1.71269 248 248 248 9 0.785398 255 255 255 1 3.14159 255 255 255 10 3.14159 255 255 255 2 3.14159 255 255 255 7 3.14159 255 255 255 7 -1.97569 248 248 248 292 -2.57539 91 90 92 126 -2.37295 3 3 3 4 -2.35619 0 0 1 58 1.40006 58 57 59 164 1.93099 212 211 213 211 2.98033 246 245 247 76 3.02372 255 254 255 0 0 255 254 255 10 3.14159 255 255 255 0 0 255 255 254 5 -2.35619 253 251 250 5 2.2143 255 255 254 0 0 
254 253 255 5 2.9442 255 255 255 3 -2.81984 254 253 255 9 -1.5708 245 245 245 12 0.674741 253 252 254 5 -1.3734 248 247 249 8 0.519146 252 251 253 339 -2.30821 1 0 2 1 -2.35619 0 0 1 0 0 0 0 1 11 1.10715 10 9 11 14 -2.35619 0 0 1 3 1.5708 3 2 6 167 1.54685 170 169 173 190 2.67795 255 254 255 26 -2.76109 245 244 246 14 0.785398 255 255 255 5 -2.2143 253 251 250 5 -0.643501 250 248 247 9 0.785398 255 255 254 0 0 
249 248 252 6 0.463648 252 251 253 2 1.5708 254 253 255 1 0.785398 255 254 255 9 -3.03094 254 253 255 1 0.785398 255 254 255 231 -1.65716 24 23 27 33 -2.35619 0 0 3 0 0 0 0 3 8 0.62025 5 4 8 7 -2.35619 0 0 3 0 0 0 0 3 9 0.86217 7 5 11 9 -2.35619 0 0 4 230 1.56645 230 228 234 132 2.9516 255 254 255 8 -2.78282 252 252 252 3 0.982794 255 255 254 6 3.14159 255 255 254 2 -1.5708 253 254 252 0 0 
255 254 255 7 -2.7367 252 251 255 4 0.785398 255 254 255 12 -2.35619 246 245 249 12 0.785398 255 254 255 21 -1.9513 235 234 238 235 -1.49858 0 0 3 0 0 0 0 3 9 0.86217 7 6 10 9 -2.35619 0 0 3 3 0 0 0 4 6 1.5708 6 4 10 7 -2.26553 0 0 4 1 1.5708 1 0 5 99 1.5506 100 98 104 164 1.10443 247 246 250 7 1.1659 254 254 254 5 -1.3734 249 250 248 6 1.24905 255 255 255 1 -1.5708 254 255 253 0 0 
248 247 249 8 0.950547 255 254 255 9 -1.5708 246 245 247 34 2.87534 255 254 255 187 -3.09884 247 246 248 213 3.11812 252 251 253 318 -2.22936 0 0 3 60 0.0996687 6 5 9 8 -2.35619 0 0 3 5 0.643501 3 2 6 4 -2.35619 0 0 3 1 0.785398 1 0 4 1 -0.785398 0 0 3 4 0.785398 3 2 6 171 1.51821 174 172 178 108 2.36918 250 249 253 209 3.11767 253 255 255 201 -3.12169 249 251 251 102 3.1024 253 255 255 6 -2.46685 249 251 251 0 0 
253 252 254 2 0.785398 255 254 255 89 -2.65295 213 212 214 256 -2.53951 68 67 69 76 -2.67795 34 33 35 37 2.48751 57 56 58 57 3.08901 60 59 61 84 -2.35619 0 0 3 4 1.32582 4 3 7 5 -2.35619 0 0 3 2 0.463648 1 0 4 1 1.5708 2 1 5 2 0.463648 3 2 6 9 1.78947 12 11 15 84 1.71269 96 95 99 107 -2.60277 41 40 44 43 2.83455 52 53 57 106 2.047 147 149 150 177 2.5364 248 249 253 206 3.11733 253 255 255 0 0 
255 255 255 79 -1.5708 176 176 176 247 -2.36191 2 2 2 2 -2.35619 0 0 0 5 0.785398 4 4 4 5 -2.2143 0 0 0 4 0 0 0 0 1 1.5708 1 0 2 2 -0.463648 0 0 1 2 1.5708 2 1 3 4 -0.244979 1 0 2 6 0.463648 4 3 5 5 -2.49809 1 0 2 1 -1.5708 0 0 1 4 1.5708 4 3 5 4 -1.32582 0 0 3 5 1.3734 3 4 8 3 -2.55359 1 2 6 41 1.64384 42 42 48 210 1.76726 248 249 253 0 0 
255 255 255 255 -1.57864 0 0 0 4 0 0 0 0 5 0.927295 4 4 4 5 -2.49809 1 1 1 3 1.89255 4 4 4 4 -1.81578 0 0 0 3 1.5708 3 3 3 4 -2.35619 0 0 1 7 0.876058 6 5 7 6 2.97644 7 6 8 8 -2.08994 0 0 1 3 0.321751 1 0 2 1 -0.785398 0 0 1 5 1.3734 5 4 6 4 -2.03444 1 0 4 1 2.35619 0 0 6 2 -2.03444 0 0 4 5 0.643501 1 1 7 189 1.5708 190 190 196 0 0 
251 254 252 249 -1.57883 2 5 3 4 -2.89661 1 4 2 10 -0.291457 0 1 0 0 0 0 0 0 5 0.643501 1 3 3 4 -2.35619 0 0 0 5 0 0 0 0 6 0.896055 3 5 5 6 -2.24554 0 0 0 7 0.404892 1 3 3 3 3.14159 1 3 3 1 -2.35619 0 2 3 3 -0.321751 0 1 2 2 1.5708 1 3 4 4 -2.35619 0 0 3 1 0.785398 0 0 5 5 0.54042 2 1 10 4 -2.89661 1 0 9 138 1.57804 139 138 147 0 0 
249 251 251 251 -1.55486 0 1 0 229 0.0567077 11 13 13 18 -2.35619 0 0 0 4 1.10715 2 4 4 4 -1.5708 0 0 0 5 1.5708 3 5 5 1 -0.785398 2 4 4 4 -0.785398 0 1 1 18 0.321751 5 7 7 123 -0.0568492 0 0 1 96 0.0208303 0 2 3 94 0.0319041 3 5 6 6 -2.46685 0 1 2 1 -2.35619 0 0 1 4 0.244979 0 0 4 6 0.896055 4 4 10 8 -2.35619 0 0 4 2 0.785398 0 0 8 214 1.15732 196 196 202 0 0 
253 255 255 28 -1.97104 227 229 229 230 -1.45774 0 0 1 255 0.00784298 0 2 3 147 0.0136046 2 4 5 83 -0.0481555 0 0 1 63 0.0949517 4 6 7 88 0.0113631 5 7 8 174 0.0688565 17 19 20 255 0.449638 128 130 131 34 -1.45369 94 95 99 57 3.14159 94 95 99 179 -0.563316 0 0 3 241 0 0 0 3 125 0.0319891 2 3 7 57 0.0175421 3 4 8 49 -0.101689 0 0 3 107 0.0186894 0 1 5 234 0.375752 86 86 92 232 0.800595 253 254 255 0 0 
242 244 245 15 0.785398 253 255 255 8 3.14159 253 255 255 106 -1.5708 147 149 150 120 -0.541846 85 86 90 165 -0.14531 61 63 64 194 0.160077 92 93 97 183 0.495422 179 180 184 100 0.74317 247 248 252 115 -1.5708 132 133 137 128 -2.31227 37 38 42 212 1.75065 246 247 251 7 -1.5708 239 239 245 116 -1.47625 123 124 128 141 -0.469977 59 59 65 194 -0.0360668 52 53 57 205 0.26029 105 106 110 186 0.652094 218 220 221 39 0.876058 248 249 253 7 0.785398 253 255 255 0 0 
253 254 255 10 -2.2143 245 246 250 11 0.785398 253 254 255 4 -2.35619 250 251 255 2 -0.463648 249 249 255 5 0.785398 253 254 255 3 3.14159 253 253 255 7 3.14159 253 253 255 6 -1.5708 247 247 253 230 -2.07705 45 45 51 65 -2.36695 0 0 5 247 1.55056 246 246 252 194 3.12098 250 249 255 1 -1.5708 249 249 255 5 0.785398 253 252 255 4 -2.67795 251 251 255 2 0.785398 255 254 255 10 -1.86225 245 245 245 14 0.785398 255 254 255 2 3.14159 255 255 255 0 0 
247 248 252 6 1.24905 253 254 255 3 -1.5708 250 251 255 2 2.03444 252 253 255 1 0.785398 253 253 255 24 -3.01724 250 251 255 60 -3.07502 246 246 252 106 3.07565 253 253 255 277 -2.70213 135 135 141 193 -2.35253 0 0 4 7 0.982794 4 4 10 48 1.67459 52 52 58 204 1.83234 250 249 255 244 3.1293 253 253 255 154 -3.11562 249 248 255 65 3.08013 253 253 255 32 -3.04812 252 251 253 4 0.785398 255 255 255 4 -2.67795 253 253 253 1 0 253 253 253 0 0 
249 251 252 5 0.785398 253 255 255 9 -2.72337 249 251 252 5 0.785398 253 255 255 71 -2.79762 229 230 234 206 -2.95179 190 192 193 143 -2.78446 140 141 145 167 -2.1737 2 3 7 63 -0.0475831 0 0 4 74 0.0405184 2 3 7 71 -0.0422284 0 0 4 67 0 0 0 4 67 0.1041 6 6 12 103 1.12013 99 100 104 97 2.08486 184 184 190 151 2.89501 221 222 226 196 2.97812 255 254 255 174 -3.11861 251 251 251 5 0.643501 254 254 254 1 0.785398 255 255 255 0 0 
253 255 255 15 -2.49809 244 246 247 12 0.785398 253 255 255 67 -1.5708 186 188 189 170 -1.21203 26 28 29 226 0.132552 56 58 59 197 -0.0557796 45 47 48 202 0.0986883 65 67 68 188 0.0425275 73 74 78 179 0 73 74 78 177 -0.0395274 66 67 71 174 0 66 67 71 177 -0.0845438 51 52 56 201 0 51 52 56 201 -0.0695394 37 38 42 210 -0.0475831 27 29 30 231 0.226152 81 80 82 243 0.794094 255 255 255 2 3.14159 255 255 255 8 -1.92957 247 247 247 0 0 
241 243 244 15 0.876058 253 255 255 0 0 253 255 255 9 -2.35619 246 248 249 6 0.896055 251 253 254 2 0.785398 253 255 255 7 -2.1588 247 249 250 7 0.982794 253 255 255 3 -2.81984 252 253 255 4 -2.67795 250 251 255 10 -1.27934 240 241 245 13 0.226799 243 244 248 12 0.785398 252 253 255 1 0 252 253 255 5 -1.76819 247 248 252 6 1.5708 253 255 255 3 -2.1588 252 251 253 3 0.321751 253 253 253 1 -1.5708 252 252 252 4 0.785398 255 255 255 0 0 
251 253 254 0 0 253 255 255 0 0 246 248 249 0 0 250 252 253 0 0 253 255 255 0 0 249 251 252 0 0 251 253 254 0 0 250 252 253 0 0 248 249 253 0 0 253 254 255 0 0 253 254 255 0 0 252 253 255 0 0 253 254 255 0 0 251 252 255 0 0 247 248 252 0 0 251 253 254 0 0 255 254 255 0 0 253 253 253 0 0 255 255 255 0 0 251 251 251 0 0 
