254 251 253 4 0.785398 255 254 255 7 3.14159 255 254 255 0 0 255 254 255 5 3.14159 255 253 255 11 -2.67795 254 247 254 1 0.785398 255 247 255 58 3.07274 255 250 255 101 -3.1119 255 246 255 108 3.11382 255 249 255 115 -3.1242 255 248 255 83 -3.08142 255 244 252 7 1.2925 255 254 255 1 3.14159 255 255 254 9 -2.81984 250 254 248 3 0.588003 250 255 250 4 2.89661 253 255 254 0 0 253 255 255 0 0 253 255 255 0 0 253 255 255 0 0 
255 253 255 7 -1.71269 252 246 251 7 1.71269 255 253 255 5 -1.5708 254 248 253 58 -3.0556 250 242 249 142 3.09936 255 247 255 193 -2.83778 202 188 200 103 -2.75571 165 148 162 52 -2.9516 156 137 154 6 -2.46685 152 133 150 30 1.67046 181 164 178 96 2.16455 255 245 255 157 3.11612 255 252 255 92 -3.05485 248 246 246 12 0.785398 255 255 252 5 -1.9513 248 252 247 6 0.896055 253 255 254 0 0 253 255 255 0 0 253 255 255 0 0 253 255 255 0 0 
255 251 255 9 -2.27942 252 244 251 10 2.2143 255 252 255 183 -2.79049 199 188 198 136 -2.43376 112 98 110 38 -1.28182 77 60 74 33 1.96788 109 90 107 30 2.97644 116 94 113 42 2.08703 155 129 152 41 -3.09285 153 127 150 30 -0.762147 130 108 127 23 -1.35674 105 86 103 74 1.1853 169 158 168 102 2.00389 255 253 255 122 -3.1252 255 253 253 2 0.463648 254 255 253 6 2.97644 253 255 255 0 0 253 255 255 0 0 253 255 255 0 0 253 255 255 0 0 
255 243 254 7 -1.5708 250 236 247 231 -2.38982 92 78 89 9 0.558599 97 83 95 26 1.344 125 108 122 61 -1.58719 67 45 64 78 0.179853 83 57 81 23 0.635027 100 69 96 23 2.3259 117 86 115 62 1.78077 178 147 176 44 -2.11508 140 109 136 50 0 137 111 134 17 -0.117109 131 112 129 17 0.904827 140 129 139 122 1.5708 255 252 255 80 -3.05431 250 247 249 9 0.785398 255 255 255 1 3.14159 253 255 255 1 3.14159 253 255 255 1 3.14159 253 255 255 0 0 
255 242 255 180 -1.78344 83 66 79 28 0.73544 102 85 99 12 0.244979 106 87 104 26 0.785398 127 105 124 27 2.4837 148 119 144 46 -1.87885 107 73 103 46 -0.463648 88 51 85 83 0.242072 110 69 106 56 1.11502 161 120 157 53 2.42276 194 157 191 35 -1.91957 157 126 155 17 -0.463648 146 120 144 5 2.49809 145 126 143 42 1.68929 184 169 183 103 2.2606 255 252 255 5 -2.9442 255 253 255 0 0 254 254 254 0 0 252 254 254 0 0 252 254 254 0 0 
221 204 217 117 -1.46859 104 87 100 14 0.785398 115 96 113 11 1.03038 127 105 124 24 -1.99742 109 81 104 30 0.946773 135 104 133 15 2.26553 151 114 148 30 2.49809 173 129 168 46 -2.26553 138 92 134 32 -0.44976 124 78 120 65 1.30723 186 142 181 74 -3.07413 177 139 175 28 -1.6065 145 114 143 37 0.0540015 142 118 142 38 -0.509592 121 101 120 149 1.23633 255 245 255 92 3.09814 255 252 255 0 0 254 254 254 0 0 252 254 254 0 0 252 254 254 0 0 
233 216 229 123 -1.30028 114 97 110 9 2.43297 121 102 119 28 -2.9305 117 95 114 6 1.40565 127 98 123 5 -2.49809 127 93 123 6 -2.81984 129 88 125 18 2.43297 143 99 140 41 2.56021 167 120 166 65 -2.73268 141 94 140 28 -1.6065 113 67 110 70 1.28474 178 136 177 12 0.96007 184 149 183 1 -0.785398 178 150 179 4 -1.81578 172 148 172 1 0 167 151 168 115 2.1588 255 251 255 0 0 254 253 255 0 0 254 254 254 0 0 254 254 254 0 0 
255 250 255 159 -1.58966 107 90 103 82 -0.183111 93 74 89 23 1.61425 118 96 114 34 3.11219 121 95 118 25 -2.9442 119 88 117 30 -2.80953 113 75 111 9 -1.46014 108 64 105 17 -0.117109 107 61 104 36 1.14417 140 93 139 26 -2.8786 133 86 132 55 1.4086 187 142 185 36 3.03094 185 149 185 16 -2.95624 179 148 179 8 -2.89661 175 148 174 65 -1.58618 105 86 105 160 1.52084 255 250 255 76 3.14159 254 253 255 1 0 254 253 255 4 3.14159 254 254 254 0 0 
255 248 255 75 -1.59746 186 173 181 124 -0.893546 89 75 86 26 -2.76109 81 64 78 10 1.5708 92 72 91 27 -2.80835 87 61 85 21 1.23412 112 78 109 13 2.57486 121 83 119 13 -2.84309 121 77 118 8 -1.21203 113 68 111 29 1.8491 141 96 139 13 2.30361 149 107 148 35 2.39617 171 132 170 51 3.04387 172 139 173 23 2.92753 176 146 175 59 -1.92957 114 93 115 80 1.24117 183 174 184 112 2.38763 255 254 255 6 -2.24554 252 249 251 5 1.03038 255 254 255 0 0 
255 248 253 7 0.785398 255 253 255 200 -1.59579 62 51 59 107 0.140576 77 66 76 16 -1.81578 63 48 62 30 0.901157 90 70 89 34 3.08284 96 70 94 31 2.98168 104 72 103 20 2.49809 120 82 118 39 -2.64425 103 62 100 28 1.85885 130 88 129 23 -2.83354 123 81 122 91 -3.1306 120 81 119 35 1.94607 151 116 150 39 2.964 156 124 155 34 -2.87534 144 118 142 34 -1.95668 105 91 103 159 1.81122 255 249 254 18 3.03094 255 251 255 2 3.14159 255 252 254 0 0 
255 254 255 7 -2.44685 254 249 251 89 -1.51468 165 160 162 133 -0.790689 70 64 69 9 2.27942 78 69 79 29 -1.50194 51 39 51 24 0.205395 60 42 59 23 2.14717 85 59 83 37 -2.95461 81 50 79 8 1.81578 91 56 90 16 2.22649 106 68 104 80 -1.88859 30 0 29 94 0.950547 109 68 105 34 2.93855 114 76 112 32 2.73268 127 90 124 19 2.53931 133 104 130 61 -1.95432 69 52 66 175 1.49097 238 230 237 105 2.97021 255 248 255 4 0.244979 255 250 255 0 0 
251 249 249 8 0.785398 255 255 255 0 0 255 255 255 195 -1.60668 62 59 61 116 0.128597 77 73 78 7 -1.4289 72 65 72 32 -1.32582 43 31 43 12 -0.321751 43 25 42 29 1.91382 76 50 74 24 3.14159 79 48 77 9 -2.92292 79 44 78 24 2.97644 85 47 83 20 -2.52693 75 34 71 15 0.785398 86 45 82 28 1.9255 113 72 109 26 2.98894 113 79 109 36 -2.56863 84 65 82 57 1.51821 136 125 135 173 2.32763 255 251 255 6 -2.67795 255 249 255 0 0 
255 255 254 0 0 255 255 254 17 -2.72918 248 249 247 72 -1.47388 176 177 175 127 -0.902183 76 76 76 6 0 76 75 77 30 -1.13613 52 46 51 46 -0.60005 29 17 29 16 0.999459 48 28 47 35 2.70326 67 41 65 17 -1.85685 53 22 51 17 0.702257 68 31 65 17 1.98321 88 45 82 26 -2.76109 79 34 73 11 1.5708 90 45 84 14 -3.07029 84 47 79 14 1.6421 89 67 86 66 -1.81215 17 5 17 239 1.58335 255 245 255 69 3.05485 255 251 255 0 0 
255 255 254 16 -1.5708 239 240 238 21 0.851966 253 255 252 0 0 253 255 252 173 -1.58236 80 84 79 75 0.0930637 87 90 88 15 -0.197396 86 85 87 55 -1.48014 35 28 35 47 -0.605545 13 0 12 47 1.06978 60 37 59 23 3.09814 66 35 62 9 -1.24905 61 24 58 14 -0.141897 63 20 57 17 1.08084 81 34 73 3 -1.89255 78 31 70 13 2.03444 87 45 80 12 -3.05845 73 50 72 53 -1.7976 16 1 15 174 1.43295 189 175 187 81 2.08385 255 247 255 0 0 
255 255 255 4 -2.67795 253 254 252 2 0.785398 253 255 252 5 -2.76109 249 255 250 96 -1.56038 153 159 154 111 -0.495765 100 106 101 36 -2.77639 89 91 91 24 -1.01649 72 68 73 44 -1.29865 34 22 34 4 -1.81578 35 15 34 29 1.95767 68 39 65 21 0.0949517 75 38 70 17 -0.463648 72 28 65 25 0.235545 82 32 72 12 -0.726642 76 23 66 32 0.185348 76 32 69 4 -0.244979 63 37 60 16 -1.50838 40 25 39 113 1.83938 149 135 147 113 1.20173 255 241 253 0 0 
253 251 251 5 0.785398 255 255 254 7 -2.44685 248 252 247 6 0.674741 250 255 251 1 0.785398 251 255 252 185 -1.58161 66 72 67 108 0.318835 102 105 103 45 -2.63875 84 81 83 56 -1.49949 31 22 32 15 -1.97569 23 5 22 59 1.41942 87 61 84 3 -1.5708 89 56 83 21 0.0475831 94 55 87 18 -0.558599 87 43 80 36 0.426627 104 57 96 22 -1.43527 77 38 70 17 -0.231091 62 40 59 49 -1.8603 8 0 8 181 1.46014 188 177 187 101 0.820349 255 251 255 0 0 
255 255 254 6 -2.03444 247 251 246 8 0.785398 253 255 252 7 3.14159 253 255 252 3 -2.55359 251 255 250 80 -1.5458 171 174 172 133 -0.955773 64 64 64 51 0.437791 88 85 87 108 -2.48702 25 17 24 7 2.9997 28 16 28 50 1.53082 83 64 81 21 2.11935 103 81 100 16 -0.244979 103 74 99 22 0.321751 113 80 107 19 -0.896055 100 64 94 12 -0.674741 87 58 83 62 -2.54917 41 29 41 17 -2.31622 23 19 24 327 0.774599 252 249 251 5 1.19029 255 254 255 0 0 
250 254 249 3 1.24905 253 255 252 8 -2.08994 246 250 245 8 0.519146 250 254 249 4 0.785398 253 255 254 5 -1.76819 248 251 249 139 -1.54203 111 111 111 174 -0.688145 2 0 1 198 0.0655625 17 11 16 10 1.5708 28 20 27 43 2.12696 69 55 67 49 1.98902 116 99 113 35 3.11303 120 98 117 35 -3.08451 120 94 117 87 -2.94643 105 76 101 99 -2.36329 31 9 28 146 0.0342332 27 19 26 329 0.785398 255 255 255 3 -1.5708 252 252 252 2 -1.5708 250 250 250 0 0 
251 254 252 2 -0.785398 249 252 250 5 0.785398 253 255 254 10 3.14159 253 255 254 1 -1.5708 252 255 253 3 3.14159 252 255 253 8 -1.44644 246 246 246 48 -1.38545 200 197 199 192 -1.28679 17 11 16 239 -0.0543398 5 0 4 196 0.205395 49 35 47 99 0.305879 81 64 78 66 0.0151504 85 63 82 109 -0.504441 34 8 31 200 -0.00999967 34 5 30 280 0.551422 177 155 174 121 0.861276 255 252 255 9 3.14159 255 255 255 3 -1.89255 252 252 252 8 2.78282 255 255 255 0 0 
253 255 254 0 0 253 255 254 0 0 243 246 244 0 0 253 255 254 0 0 249 252 250 0 0 253 255 254 0 0 255 255 255 0 0 252 252 252 0 0 255 250 255 0 0 197 189 196 0 0 142 131 141 0 0 147 130 144 0 0 179 160 177 0 0 232 210 229 0 0 255 244 255 0 0 254 235 252 0 0 251 243 250 0 0 254 254 254 0 0 244 244 244 0 0 255 255 255 0 0 
