252 252 252 3 0.982794 255 255 255 3 3.14159 255 255 255 9 -2.35619 248 248 248 8 0.519146 252 252 252 4 0.785398 255 255 255 3 -2.1588 252 252 252 3 1.89255 255 255 255 7 -2.7367 254 252 251 3 -0.982794 251 249 248 8 0.785398 255 255 254 6 -2.81984 255 253 252 2 -0.463648 254 252 251 3 0 254 252 251 3 1.5708 255 255 254 4 -2.67795 255 253 252 1 2.35619 255 254 254 7 -1.4289 249 247 247 11 0.785398 255 255 255 10 -2.42276 250 248 248 0 0 
254 254 254 2 -2.03444 252 252 252 4 -1.32582 248 248 248 7 1.5708 255 255 255 0 0 255 255 255 6 -2.81984 253 253 253 3 -2.55359 251 251 251 5 -0.643501 248 248 248 9 0.708626 255 254 253 74 3.12808 255 255 254 255 -3.11807 251 249 248 207 3.11262 255 255 254 173 3.14159 255 255 254 148 -3.12133 254 252 251 102 -3.13179 253 251 250 64 3.12597 254 252 251 37 3.06069 255 255 255 15 3.14159 255 255 255 8 -1.69515 249 247 247 7 0.694738 254 252 252 0 0 
253 253 253 1 3.14159 253 253 253 5 -1.19029 248 248 248 8 1.05165 255 255 255 6 -1.5708 249 249 249 2 2.67795 250 250 250 7 0.785398 255 255 255 0 0 255 255 255 75 -1.5708 182 180 179 196 -1.98437 2 0 0 43 1.31464 44 42 41 43 1.9513 84 82 81 62 2.72826 109 107 106 89 2.64313 152 150 149 142 2.87964 189 187 186 155 2.96059 217 215 214 192 3.01144 242 240 240 205 3.07341 255 254 254 235 -3.13734 255 253 253 107 -3.1229 253 251 251 0 0 
252 252 252 3 1.24905 255 255 255 3 -2.1588 252 252 252 3 1.5708 255 255 255 8 -2.03444 247 247 247 11 0.785398 255 255 255 0 0 255 255 255 9 3.14159 255 255 255 154 -1.59027 103 101 100 102 -2.06075 13 11 10 15 1.76819 28 26 25 11 -3.05093 27 25 24 13 2.91479 30 28 27 26 -2.49052 14 12 11 26 1.00407 36 34 33 18 -2.55359 26 24 23 15 0.785398 37 35 35 17 -1.98321 21 19 19 130 1.33883 148 146 146 117 1.95446 255 255 255 0 0 
253 253 253 0 0 253 253 253 2 -2.67795 252 252 252 2 -0.463648 251 251 251 4 1.32582 255 255 255 0 0 255 255 255 9 -1.89255 246 246 246 6 1.24905 252 252 252 199 -1.55572 55 53 52 63 -2.35619 10 8 7 9 0.785398 17 15 14 3 -1.24905 14 12 11 7 -0.785398 9 7 6 20 1.17227 28 26 25 10 -2.42276 21 19 18 19 2.17308 37 35 34 20 -2.7886 30 28 28 29 2.33181 51 49 49 58 2.01155 104 102 102 159 1.27874 255 255 255 0 0 
253 253 253 2 -2.03444 251 251 251 4 0.785398 254 254 254 2 -1.10715 252 252 252 3 1.24905 255 255 255 4 -2.35619 252 252 252 8 -2.62245 248 248 248 9 0.785398 255 255 255 247 -1.65159 10 8 7 9 2.27942 17 15 14 3 2.81984 18 16 15 7 2.9997 19 17 16 3 -2.55359 17 15 14 9 0.321751 20 18 17 12 -2.18152 10 8 7 15 0.551655 18 16 15 8 -1.69515 10 8 8 17 1.21203 26 24 24 124 1.60304 150 148 148 116 1.15692 255 255 255 0 0 
252 252 252 2 1.10715 254 254 254 1 0.785398 255 255 255 5 -2.76109 253 253 253 1 -2.35619 252 252 252 7 -1.1659 245 245 245 11 1.10715 255 255 255 20 -1.5708 235 235 235 239 -1.79854 4 2 1 10 1.76819 14 12 11 7 -0.404892 11 9 8 7 0.694738 16 14 13 10 1.27934 26 24 23 17 -2.31622 13 11 10 12 0.96007 23 21 20 8 -2.35619 17 15 14 2 -0.463648 16 14 14 6 1.40565 22 20 20 175 1.51941 197 195 195 65 1.14794 255 255 255 0 0 
253 253 253 7 2.86329 255 255 255 5 -1.5708 250 250 250 5 0.380506 252 252 252 3 1.24905 255 255 255 5 -2.11122 250 250 250 6 0.896055 255 255 255 74 -1.59782 181 181 181 185 -1.7883 2 0 0 19 1.5708 21 19 18 4 -1.81578 17 15 14 2 1.5708 19 17 16 5 -1.9513 14 12 11 8 0.785398 20 18 17 4 -2.35619 17 15 14 3 0.588003 19 17 16 2 -2.35619 17 15 15 15 1.97569 31 29 29 193 1.49838 224 222 222 43 0.849825 255 255 255 0 0 
246 246 246 12 0.785398 255 255 255 9 3.14159 255 255 255 3 -2.55359 253 253 253 3 -2.81984 252 252 252 2 1.10715 254 254 254 5 -2.9442 253 253 253 112 -1.55294 141 141 141 149 -1.91157 2 0 0 19 1.15257 20 18 17 3 -1.24905 17 15 14 6 0 17 15 14 3 2.1588 20 18 17 4 -2.35619 17 15 14 4 2.35619 20 18 17 4 -2.35619 17 15 14 6 -1.10715 11 9 9 34 1.5708 45 43 43 208 1.52755 253 251 251 4 2.03444 255 255 255 0 0 
255 255 255 12 -2.29744 246 246 246 6 1.10715 252 252 252 3 -0.588003 250 250 250 5 0.54042 253 253 253 4 -1.81578 249 249 249 6 1.10715 255 255 255 164 -1.5708 91 91 91 97 -2.13048 10 8 7 11 1.39094 21 19 18 9 2.92292 23 21 20 10 -2.2143 15 13 12 2 2.03444 17 15 14 5 -0.643501 14 12 11 3 0.982794 17 15 14 5 2.49809 20 18 17 10 -2.1588 11 9 9 43 1.45504 54 52 52 198 1.43958 251 249 249 6 0.463648 254 252 252 0 0 
247 247 247 8 0.244979 249 249 249 6 1.10715 255 255 255 8 3.14159 255 255 255 6 -2.67795 252 252 252 3 0 252 252 252 4 2.35619 255 255 255 217 -1.69515 39 39 39 48 -2.50221 12 10 9 23 0 12 10 9 41 0.121352 17 15 14 28 -0.106736 14 12 11 12 0.610726 21 19 18 12 -2.71497 16 14 13 3 -1.5708 13 11 10 6 0.165149 14 12 11 3 2.55359 16 14 14 64 1.5708 80 78 78 179 1.39741 255 255 255 0 0 255 255 255 0 0 
255 255 255 8 -2.78282 252 252 252 5 -1.03038 247 247 247 6 0.321751 249 249 249 8 0.785398 255 255 255 7 -2.26553 249 249 249 21 -1.80454 228 228 228 286 -2.22267 0 0 0 43 0.867183 35 33 32 18 1.62629 53 51 50 26 -2.83189 45 43 42 30 -2.37945 24 22 21 49 -0.289504 10 8 7 65 0.0920468 16 14 13 38 0.078784 19 17 16 17 -0.489957 11 9 8 13 0.367174 16 14 14 95 1.50772 111 109 109 152 1.28437 255 255 255 1 3.14159 255 255 255 0 0 
247 247 247 9 1.0122 255 255 255 2 -2.35619 253 253 253 2 0.785398 255 255 255 5 -1.5708 250 250 250 153 -3.1024 244 244 244 306 -2.47398 54 54 54 35 -2.31622 28 28 28 9 2.72337 34 32 31 7 -2.26553 28 26 25 9 -0.558599 23 21 20 48 1.54997 71 69 68 41 3.04434 75 73 72 62 -2.79964 54 52 51 36 -2.55359 34 32 31 10 -1.27934 24 22 21 17 -0.117109 22 20 20 132 1.59352 154 152 152 109 1.20559 255 254 254 2 -1.5708 254 252 252 0 0 
252 252 252 3 0.321751 253 253 253 3 2.55359 255 255 255 143 3.14159 255 255 255 295 -2.57798 97 97 97 132 -2.35085 3 3 3 48 0.59375 30 30 30 13 -2.13753 19 19 19 8 1.32582 29 27 26 7 1.1659 36 34 33 13 -1.96559 24 22 21 22 0.266252 30 28 27 19 -0.785398 16 14 13 24 0.334737 24 22 21 21 0.652847 37 35 34 4 1.81578 41 39 38 23 -1.91957 19 17 17 174 1.611 193 191 191 69 1.1394 255 254 254 4 2.89661 255 255 255 0 0 
255 255 255 6 -2.24554 250 250 250 174 -2.23033 112 112 112 144 -2.30721 5 5 5 36 -0.0277706 4 4 4 44 1.05719 43 43 43 27 -2.33056 23 23 23 18 -0.110657 21 21 21 36 0.25169 32 30 29 8 -0.124355 31 29 28 18 2.1588 46 44 43 3 -0.588003 44 42 41 14 -2.79857 39 37 36 3 0.588003 41 39 38 15 -0.321751 36 34 33 13 -0.226799 33 31 30 25 -0.950547 12 10 10 211 1.47113 222 220 220 45 0.722979 252 250 250 6 0.896055 255 255 255 0 0 
251 251 251 108 -1.56154 143 143 143 170 -0.851966 15 15 15 232 0.112082 41 41 41 127 -0.117566 26 26 26 67 -0.0298419 24 24 24 22 0.881872 41 41 41 15 1.5708 56 56 56 18 -1.46014 40 38 37 32 -0.631079 21 19 18 45 0.661043 49 47 46 22 -2.13411 30 28 27 13 2.03444 42 40 39 19 2.31917 56 54 53 9 -2.35619 49 47 46 4 -2.89661 48 46 45 30 -0.507098 33 31 31 315 0.785398 255 254 254 0 0 255 254 254 0 0 255 254 254 0 0 
252 252 252 3 1.5708 255 255 255 9 -1.5708 246 246 246 78 -1.49402 168 168 168 113 -0.722979 93 93 93 169 -0.331096 38 38 38 204 0.0147048 41 41 41 114 0.149323 58 58 58 16 0.380506 66 64 64 40 -2.91479 57 55 55 25 -2.24554 37 35 35 13 -1.49402 24 22 22 7 2.35619 29 27 27 22 2.07364 49 47 47 5 -2.2143 45 43 43 90 0.339293 75 73 73 256 0.782643 254 254 254 0 0 254 254 254 0 0 254 254 254 1 -1.5708 253 253 253 0 0 
252 252 252 4 0.785398 255 255 255 3 -2.1588 252 252 252 5 2.9442 253 253 253 2 0 253 253 253 11 -1.75065 242 242 242 88 -1.42413 154 154 154 124 -0.70602 73 73 73 188 -0.257865 27 25 25 215 0.0650245 41 39 39 97 -0.030918 38 36 36 24 -0.902507 19 17 17 8 -3.01724 18 16 16 55 0.528074 46 44 44 170 0.516231 130 128 128 179 0.785398 255 255 255 7 -2.9997 254 254 254 0 0 254 254 254 0 0 254 254 254 1 -1.5708 253 253 253 0 0 
255 255 255 4 -2.67795 253 253 253 7 -2.1588 247 247 247 11 0.785398 255 255 255 4 -2.03444 251 251 251 5 0.785398 255 255 255 7 -2.1588 249 249 249 6 1.5708 255 255 255 15 -1.89255 242 240 240 104 -1.44644 138 136 136 145 -0.624246 53 51 51 206 -0.205 11 9 9 232 0.238722 66 64 64 228 0.595293 194 192 192 87 0.809784 255 255 255 9 -2.27942 250 248 248 8 0.785398 254 254 254 0 0 254 254 254 0 0 254 254 254 1 -2.35619 253 253 253 0 0 
251 251 251 0 0 249 249 249 0 0 255 255 255 0 0 253 253 253 0 0 255 255 255 0 0 251 251 251 0 0 249 249 249 0 0 250 250 250 0 0 255 253 253 0 0 255 254 254 0 0 255 253 253 0 0 237 235 235 0 0 255 253 253 0 0 254 252 252 0 0 251 249 249 0 0 255 254 254 0 0 254 254 254 0 0 254 254 254 0 0 253 253 253 0 0 253 253 253 0 0 
