69 208 227 12 0.726642 80 215 237 3 2.1588 89 215 243 8 -2.67795 85 210 241 3 -2.81984 78 208 243 6 0.896055 78 214 250 8 0.519146 78 218 254 6 -0.165149 70 220 251 8 0.950547 65 230 255 11 -2.48055 65 222 248 8 -1.69515 85 209 239 16 0.999459 105 222 253 13 -2.67795 84 217 250 13 -2.67795 71 212 245 9 -1.68145 62 202 238 6 0.463648 67 204 242 7 -0.2783 69 202 239 2 -2.03444 68 200 237 3 -1.89255 65 197 234 2 -2.03444 63 195 232 0 0 
74 217 238 12 -2.89661 73 214 235 3 -2.1588 75 208 235 11 0.0906599 76 208 238 17 0.358771 80 213 246 10 0.851966 85 221 255 9 2.81984 83 226 255 16 -3.01724 73 226 255 15 -2.67795 56 221 246 1 1.5708 66 221 246 7 0.2783 96 219 247 7 -1.2925 94 210 241 7 -0.876058 71 207 236 6 0.896055 69 212 243 2 -0.785398 67 209 244 5 2.2143 74 211 250 18 -2.58299 66 200 242 2 -2.35619 66 197 240 3 -2.1588 63 194 238 2 -2.35619 61 192 235 0 0 
53 206 227 12 0.610726 62 213 234 10 1.27934 74 222 246 6 2.03444 82 227 253 5 -2.60117 84 222 251 8 -2.03444 74 214 243 4 -1.10715 65 211 239 11 0 56 214 237 20 0.35299 54 224 242 8 1.69515 73 231 249 3 -1.89255 103 221 246 37 -3.0339 103 216 243 13 -0.528074 73 212 239 6 0.463648 65 215 245 9 -2.27942 62 206 241 10 -0.982794 56 194 236 10 0.380506 62 194 247 2 -2.35619 60 191 248 3 -2.1588 57 187 246 2 -2.35619 55 186 243 0 0 
58 217 237 8 0 58 216 239 4 1.10715 62 220 243 5 2.35619 71 223 248 4 -2.67795 78 219 246 2 -0.785398 78 217 243 5 1.03038 78 224 246 9 2.1294 78 235 251 20 -2.45928 58 224 237 8 1.10715 79 230 244 59 -2.4275 75 184 206 126 2.77726 122 228 252 42 -2.82736 82 218 242 9 -1.98902 61 210 237 5 1.5708 70 212 247 6 -2.24554 68 203 247 20 -2.74307 60 191 248 2 -2.35619 58 187 250 4 -2.35619 55 184 247 3 -2.55359 53 182 245 0 0 
62 225 247 15 -2.7367 56 219 241 2 -1.10715 56 217 239 11 0.348771 67 219 243 8 0.519146 82 222 245 2 -0.463648 84 221 243 5 -0.643501 80 220 237 9 -0.321751 71 219 231 13 0.528074 73 229 235 41 -1.3781 46 185 194 112 -1.5708 0 65 84 123 1.64384 94 187 210 26 1.05634 87 213 237 9 -0.558599 68 209 236 10 3.04192 73 207 241 20 -1.62075 54 184 227 16 0.571337 62 189 244 4 -2.35619 59 185 244 3 -2.1588 56 182 241 2 -2.67795 55 181 240 0 0 
48 211 233 9 1.15257 59 220 242 9 1.0122 71 227 250 0 0 78 226 248 3 -2.81984 86 224 246 1 0.785398 94 225 244 7 0.2783 96 230 242 1 0 96 231 239 10 2.85014 95 236 239 49 -1.48934 60 184 190 123 -1.7666 0 56 71 145 1.66021 120 199 220 42 2.70918 108 220 243 25 -2.05168 71 197 226 10 1.67046 81 204 240 8 -2.52134 74 197 241 13 -2.5128 60 187 238 2 -2.03444 57 184 239 3 -2.1588 54 180 238 2 -2.35619 52 179 234 0 0 
54 214 238 13 0.837981 68 224 247 3 1.89255 80 225 250 4 -2.35619 82 223 244 10 0.291457 90 225 245 19 0.370891 104 233 248 16 -2.89661 107 230 240 93 -3.02386 98 221 225 162 3.03704 115 238 240 178 -2.69549 51 159 163 151 -2.32816 0 42 56 121 1.7859 91 158 179 110 2.72245 113 204 231 157 -3.06531 85 192 225 159 3.11644 84 195 235 82 -3.03227 66 185 230 9 0.218669 59 186 237 3 -1.89255 51 183 236 3 -1.89255 48 180 234 2 -2.03444 46 178 231 0 0 
67 222 247 14 3.14159 70 222 247 10 0.0996687 80 222 247 10 1.76819 95 232 254 11 1.39094 108 244 255 27 -1.64474 88 218 231 81 -1.44796 16 137 146 94 -1.0122 0 58 63 113 0.159352 0 77 78 101 -0.197396 0 54 58 86 -0.380506 0 15 30 48 1.14417 0 56 78 84 -0.130211 0 46 74 105 -0.132552 0 31 67 148 0.57864 6 111 154 96 1.02323 77 192 242 8 -1.81578 57 184 239 3 -1.5708 47 181 239 7 -2.7367 44 178 236 11 -0.179853 42 176 234 0 0 
54 208 233 28 0.982794 82 231 255 21 -2.59304 78 220 245 14 1.71269 96 234 255 9 0.86217 103 243 255 22 -2.41861 93 228 242 41 -1.64384 63 187 197 54 -0.339293 50 170 176 57 0.104877 58 177 179 78 -0.538222 32 134 139 103 -1.09849 0 34 52 110 1.36097 80 140 164 39 0.257324 68 149 182 60 0.0831412 56 155 193 55 0.126592 54 161 205 46 0.694738 72 190 242 7 -0.982794 53 182 245 13 -2.30361 36 171 239 15 1.24905 51 186 254 24 -1.81578 27 162 230 0 0 
74 223 249 10 -1.86225 66 213 239 10 0.507098 74 218 243 25 1.03709 98 240 255 20 -2.2143 82 226 244 1 -0.785398 85 226 241 13 1.344 107 238 251 12 -1.81578 98 227 236 21 0.851966 116 244 249 60 -1.70335 72 180 191 116 -1.58804 0 57 77 123 1.65192 114 177 205 32 1.5708 121 209 245 1 3.14159 104 210 251 16 -2.35619 83 197 244 6 -2.81984 76 192 249 23 -2.17085 51 171 237 11 0.348771 52 173 245 6 0.674741 56 177 249 47 -3.03561 51 172 244 0 0 
78 220 245 2 2.03444 78 222 247 44 2.93983 84 232 255 13 -2.91479 81 229 251 3 -2.1588 80 226 248 2 2.67795 82 228 246 7 1.71269 91 236 251 25 2.9442 98 242 254 20 -2.85014 94 236 247 55 -1.77175 57 179 193 124 -1.55467 0 46 72 133 1.57832 107 175 210 31 1.50637 106 210 247 11 -1.91957 78 199 243 14 -2.70918 68 191 241 9 -1.89255 63 179 236 5 2.11122 80 180 244 5 -2.76109 83 177 243 48 -1.69515 35 129 195 43 2.98022 42 136 202 0 0 
91 216 244 41 -1.61954 45 176 203 99 2.72745 76 218 243 46 2.9694 81 226 251 6 -0.463648 79 223 248 19 3.03672 81 225 250 18 -1.18019 61 209 231 18 0.588003 69 220 240 7 2.7367 74 224 241 41 -1.44944 54 179 200 127 -1.59441 0 43 76 136 1.64419 106 176 216 26 1.91635 97 205 247 20 -1.5708 59 185 233 4 1.10715 61 187 242 16 -2.57026 65 175 233 34 3.05359 91 175 233 82 -3.10502 100 170 229 105 -2.20099 15 85 145 48 2.74208 34 104 163 0 0 
109 211 240 130 -1.53235 0 82 110 85 1.54727 46 169 197 98 2.4859 99 229 255 120 -2.90669 67 201 231 105 2.87368 92 229 255 47 -2.95239 78 222 250 21 -2.55359 62 211 238 15 1.89255 79 225 253 52 -1.9407 51 172 204 134 -1.6749 0 30 72 137 1.58539 98 164 213 36 1.91009 99 201 253 22 -2.23184 65 184 239 13 -2.09887 51 171 231 34 -2.12629 38 140 199 50 -2.02552 27 93 146 34 2.62604 60 109 157 83 -2.18546 0 41 91 66 2.33492 40 89 137 0 0 
133 213 244 201 -2.41949 0 80 112 37 3.00727 0 87 119 67 2.82454 0 108 142 27 -2.64517 0 96 132 88 1.21335 52 179 217 24 0.96007 65 201 237 10 3.04192 64 202 238 11 3.05093 65 202 240 46 -1.87885 41 155 196 122 -1.57899 0 24 75 128 1.43 90 149 205 32 1.63322 94 184 241 20 -2.56729 67 174 235 23 -1.78486 40 150 216 33 -1.51026 21 116 179 56 -1.20996 2 62 114 69 -0.0144917 17 61 108 78 -1.00407 0 0 42 63 0.807617 0 41 88 0 0 
5 58 91 50 -0.384169 0 39 74 57 -0.393451 0 17 56 69 1.06231 0 80 120 100 0.432408 19 124 165 90 0.816638 75 190 233 11 -2.79282 67 186 231 11 3.14159 66 187 231 13 -2.98894 64 184 230 39 -2.2296 50 149 199 106 -1.82716 0 39 98 110 1.80917 97 143 207 46 2.7651 91 162 229 47 3.12032 78 165 232 37 -2.70175 54 149 219 35 -2.70326 47 134 201 22 -2.96174 66 130 188 41 -2.407 50 102 155 71 -2.03444 0 38 91 38 1.70162 24 76 129 0 0 
51 100 150 68 -0.191648 36 87 137 83 -0.511739 0 46 97 118 1.64692 102 165 215 67 2.94711 103 181 228 7 -1.5708 89 176 220 8 -2.62245 85 172 216 49 -3.1008 83 171 212 113 -3.02705 71 158 198 138 -2.89311 50 122 164 145 -2.3659 0 14 63 90 1.67046 68 102 155 104 3.01724 67 117 170 114 3.0194 68 132 187 109 -3.01385 49 117 176 67 -3.0671 46 113 170 42 -2.82736 47 99 152 30 -1.90286 23 70 121 45 -2.18333 0 33 84 43 1.54754 29 76 127 0 0 
91 160 239 27 -2.88792 89 154 229 125 -1.75565 0 31 101 67 1.12701 49 93 156 84 1.94474 131 176 227 55 -2.88792 119 165 206 94 -2.63036 76 122 153 95 -2.37841 14 58 82 61 -2.55359 0 24 44 22 -2.96174 0 20 39 16 -2.70497 0 11 32 7 -2.44685 0 5 28 4 2.35619 0 8 34 21 2.05527 0 28 54 40 2.37374 21 55 84 56 2.74135 43 76 109 70 2.89661 64 92 127 70 -2.44685 19 46 83 32 -2.82955 9 35 75 23 2.01522 28 57 96 0 0 
52 131 222 26 -3.02672 57 128 215 75 -1.90935 8 57 135 20 0.0499584 25 60 126 68 2.17912 93 120 171 79 -2.58165 58 81 119 74 -2.68393 29 53 77 65 -2.32395 0 7 22 10 -2.63449 0 2 12 9 0.321751 0 6 13 9 0.218669 2 8 15 10 -0.197396 0 6 13 11 -0.348771 0 2 11 11 0 0 1 13 7 0.694738 0 6 19 6 1.73594 0 11 28 31 1.79288 24 39 65 38 -2.53931 0 15 47 20 2.56729 9 26 59 31 1.93334 38 55 88 0 0 
27 105 195 11 -2.96174 36 103 188 27 -1.93797 31 77 154 58 -1.53633 0 22 86 35 2.2143 28 53 103 58 -2.33181 0 15 50 18 -2.50884 0 9 29 12 -1.65394 0 0 10 23 0.576375 2 12 19 3 1.5708 9 15 20 5 2.60117 14 18 23 11 -3.05093 11 17 22 12 -2.81984 2 14 20 9 -2.58299 0 9 16 2 -1.5708 0 6 15 7 0 0 4 20 11 0.54042 0 7 31 7 -1.8491 0 0 27 17 1.39612 2 16 45 22 1.75065 22 37 69 0 0 
18 95 182 0 0 28 94 177 0 0 33 79 156 0 0 0 0 65 0 0 0 13 61 0 0 0 1 33 0 0 0 7 28 0 0 1 20 28 0 0 4 12 19 0 0 6 11 14 0 0 4 7 11 0 0 0 6 9 0 0 0 5 12 0 0 0 9 15 0 0 0 12 22 0 0 1 14 28 0 0 0 6 28 0 0 0 3 29 0 0 0 11 41 0 0 4 18 47 0 0 
