74 151 178 13 1.64757 90 164 190 23 -1.26274 79 139 168 20 -0.197396 84 134 162 8 0 93 133 161 76 -1.12469 33 62 93 54 0.073939 42 64 100 21 1.66575 66 82 125 34 2.5861 83 97 149 50 2.92076 92 106 165 51 3.12199 89 105 171 47 -3.07785 83 102 170 38 3.06281 86 103 176 32 -3.07917 82 101 174 30 -2.97644 75 97 168 27 3.10457 74 99 169 23 -3.01189 71 94 169 25 3.06176 72 97 171 31 -2.06261 45 69 141 33 -1.39094 12 36 108 0 0 
76 148 178 29 0.809784 101 169 198 9 -1.78947 101 159 188 16 -1.81578 94 142 170 26 1.8805 127 166 194 49 -1.34552 87 117 146 61 -1.01914 40 62 97 8 -2.35619 37 54 93 22 -3.05093 34 50 97 15 2.49809 41 57 110 7 2.35619 42 60 119 6 1.89255 47 65 128 15 2.49809 54 74 139 28 3.14159 54 74 139 22 -3.05093 52 73 135 15 0.321751 59 78 139 56 -0.0890496 57 74 131 101 0.118258 71 86 142 102 -0.06852 66 80 133 110 -0.136756 51 65 118 0 0 
102 166 200 14 -3.07029 104 165 197 13 -2.19959 100 154 184 21 -1.14794 87 134 161 44 1.54807 140 177 203 62 -2.69233 120 149 176 104 -2.11122 36 57 88 22 -1.30454 15 34 67 52 0.152649 22 41 79 70 0.227857 36 55 98 38 0.207496 42 62 109 7 -0.588003 36 58 106 7 -1.8491 29 50 101 7 0.876058 35 57 105 35 1.4289 70 93 139 46 1.65753 125 140 179 42 1.92957 181 183 207 21 0.652847 203 197 214 21 0 205 197 214 19 -0.257324 200 192 209 0 0 
95 151 186 14 2.79857 102 156 189 15 2.7367 115 162 193 35 -2.2143 94 134 162 22 -2.51611 88 122 146 51 -2.63449 68 96 120 37 -2.20355 42 66 90 38 0.674741 67 88 115 33 0.827041 91 112 143 52 -2.85014 76 97 129 46 -2.60117 50 72 107 26 -2.67795 38 60 95 12 3.14159 38 60 95 10 2.55359 46 67 99 31 2.17634 73 93 124 47 2.31145 119 130 150 83 2.10917 212 205 208 52 2.81385 240 224 218 20 -3.04192 240 221 216 11 -1.39094 229 211 204 0 0 
90 135 172 5 1.9513 96 141 175 14 -3.07029 101 141 170 45 -2.55969 81 116 142 53 -2.28963 46 77 98 8 -2.89661 48 75 95 37 0.632749 72 98 115 19 1.0839 90 114 132 67 -2.35619 41 66 86 14 -0.343024 36 61 81 37 -0.212938 28 52 74 52 0 28 53 73 39 0.0767719 34 56 74 9 -0.321751 33 53 70 18 2.43297 49 66 79 34 2.3766 83 92 96 70 1.96449 166 159 150 87 2.57574 222 207 191 46 2.69717 243 227 211 14 -2.25653 232 216 199 0 0 
95 133 168 25 -2.86858 89 126 160 26 -1.91635 68 102 131 22 -1.5708 50 82 105 19 -2.4275 42 69 89 36 1.65394 80 107 121 5 0.197396 82 108 122 48 -2.16455 42 68 80 16 2.14213 55 82 96 22 0.945311 73 100 114 8 2.19105 81 107 119 26 -2.62714 70 95 105 33 -2.184 47 68 76 26 -1.41815 24 43 48 17 0.0587558 31 43 47 22 1.52537 60 67 64 30 2.51757 90 86 75 83 1.91141 174 166 149 63 2.15443 227 220 201 37 3.14159 227 220 201 0 0 
77 107 142 10 2.07789 88 117 148 22 -2.35619 73 103 128 39 -1.93253 40 67 87 13 -3.06482 41 67 83 46 1.24224 86 113 123 35 -1.06919 55 82 92 27 -2.22868 33 61 68 40 1.10715 68 97 104 2 0 69 97 104 11 -1.22203 60 86 93 9 -1.24905 55 77 83 4 -2.03444 54 73 78 13 -1.93797 47 60 62 15 -1.89255 37 45 44 8 -2.67795 35 42 37 19 2.28489 51 59 49 73 1.35213 123 131 120 53 1.8748 174 182 171 44 3.05093 178 186 175 0 0 
77 102 134 7 -2.86329 75 102 129 14 -1.71269 63 89 113 42 -2.11935 29 55 72 27 1.5708 59 83 95 48 1.25558 105 131 138 65 -1.70838 40 66 72 13 1.41815 51 80 85 32 0.674741 71 99 106 4 2.67795 73 101 108 13 -2.03444 65 88 96 14 -1.4289 55 74 81 13 -2.57486 53 67 73 20 -2.45928 45 54 58 18 -1.5708 32 36 37 9 -1.68145 23 28 27 44 1.70632 62 73 71 40 1.64566 99 113 111 25 2.05168 123 136 134 7 -2.9997 121 135 133 0 0 
72 97 123 3 0.982794 77 101 125 36 -1.20559 44 68 88 14 -1.6421 32 55 70 42 1.66575 74 99 109 22 1.66146 96 122 128 54 -1.55228 42 68 74 36 1.62629 76 104 111 13 -0.732815 67 94 104 15 3.14159 67 94 104 4 -2.03444 67 89 101 29 -1.15257 44 61 74 19 -0.674741 39 48 61 6 0.463648 47 51 62 19 -1.7274 33 32 41 14 -1.6421 17 19 27 47 1.48589 59 66 75 31 1.79288 85 98 106 28 1.3597 115 126 134 17 0.62025 123 136 144 0 0 
74 100 124 25 0.588003 90 114 136 54 -1.07437 43 67 85 19 -1.03907 28 51 66 44 1.72857 74 97 105 25 1.65063 99 123 129 57 -1.51821 40 66 72 48 1.65394 88 114 121 44 -2.25972 54 78 90 13 1.2723 67 90 105 12 2.24554 79 99 116 27 -2.09887 59 75 92 22 -1.89255 45 52 71 8 -0.785398 44 46 64 20 -0.996491 32 29 44 11 -0.909753 21 20 36 36 1.48766 49 56 75 45 1.79427 87 101 120 36 1.48766 125 136 156 11 0.909753 132 146 165 0 0 
93 121 145 26 0.785398 112 141 162 65 -1.35544 52 78 95 41 -0.976037 19 45 59 50 1.77211 70 95 105 31 1.86225 102 125 133 64 -1.44644 38 61 69 33 0.785398 60 85 95 40 -3.09163 58 81 96 13 3.06482 59 81 99 19 2.9341 65 84 105 25 -2.41169 52 66 88 12 -2.46685 49 57 80 1 -2.35619 53 56 77 21 -1.47584 36 35 55 13 -1.5708 21 22 43 23 1.5708 33 44 72 57 1.4486 85 101 130 40 1.39755 127 141 170 4 2.03444 129 145 174 0 0 
109 140 165 14 1.71269 124 155 178 55 -1.67946 71 101 120 71 -1.21366 8 34 50 50 1.63072 61 85 97 51 1.99099 110 132 143 48 -1.63322 62 84 95 64 -0.665103 22 44 56 26 1.26109 47 67 84 5 -1.76819 40 61 82 4 1.32582 46 64 87 8 -1.5708 40 56 79 5 2.9442 46 56 80 14 2.9997 52 58 81 25 -1.98092 32 35 56 19 -0.714091 16 22 45 50 0.631691 35 51 80 63 1.11419 87 108 140 34 1.12013 118 139 171 5 -1.5708 111 134 166 0 0 
101 138 166 10 1.86225 113 148 174 24 -1.81578 94 125 146 97 -1.3633 3 31 48 40 0.927295 38 64 78 67 1.84095 107 129 141 30 2.9442 113 135 147 84 -1.36877 30 51 66 39 0.418224 46 66 83 24 -3.01724 43 62 83 19 2.98499 44 65 87 13 -1.93797 33 51 74 13 -0.628796 29 43 65 17 0.358771 38 49 69 7 0.2783 44 52 69 14 2.0032 51 65 84 22 2.25972 56 81 107 48 1.1255 93 125 154 16 1.26791 109 141 170 13 -1.93797 94 128 157 0 0 
95 134 166 8 0.950547 103 141 171 2 2.35619 111 145 169 91 -1.55981 25 54 75 46 -0.218669 20 44 62 53 1.47674 77 98 113 67 2.22922 132 151 166 77 -2.17308 68 87 102 46 -1.26274 22 42 59 36 0.0554985 24 44 62 18 1.13095 39 60 81 23 3.01189 44 64 82 38 -3.06281 43 61 78 31 -3.04512 42 58 74 15 -2.35619 32 48 60 14 0.343024 34 53 68 61 1.01914 73 104 127 28 1.6065 96 131 157 12 2.64225 102 137 163 17 -2.19105 86 123 149 0 0 
96 138 173 3 0 98 139 172 7 2.44685 108 145 173 48 -1.84065 68 98 123 62 -0.920926 24 49 69 21 0.336675 36 56 73 54 1.9853 88 107 122 51 -3.02448 82 101 116 23 -1.87885 58 79 94 26 -1.53235 32 52 69 29 -0.493941 16 39 55 55 -0.218669 4 27 42 64 0.0624188 10 32 44 53 0.321751 27 50 58 34 0.424194 43 65 70 30 0.855053 64 86 97 27 0.759763 76 103 124 19 1.98902 89 119 148 13 2.57486 96 126 155 9 -2.27942 89 119 148 0 0 
101 141 176 9 -1.46014 94 132 166 2 -1.10715 95 131 161 10 0.380506 105 135 162 69 -1.35369 42 68 92 63 -0.583636 10 34 54 38 0.580756 35 55 73 41 1.99146 73 93 111 50 -2.8578 57 79 97 6 -2.97644 56 79 95 14 1.49949 68 93 109 2 -2.03444 66 91 107 10 -2.1588 57 83 95 12 -0.244979 54 81 91 10 0.291457 59 85 92 25 1.12469 80 106 118 21 -2.71874 66 93 119 29 0.54042 78 106 140 15 0.876058 90 118 152 3 2.81984 89 120 153 0 0 
107 142 175 9 -1.46014 98 134 164 9 2.35619 107 141 171 16 2.57026 120 150 179 30 -1.53748 91 120 147 68 -0.962471 39 64 90 68 -0.418224 11 36 62 42 0.165149 20 44 68 28 1.46406 46 72 96 30 2.9442 52 79 100 16 2.35619 64 91 112 8 -0.950547 57 84 104 9 1.46014 64 94 113 15 -2.81984 59 89 106 19 2.9341 63 93 110 8 -1.92957 53 84 105 39 1.12962 84 117 150 8 3.14159 82 115 154 8 -3.01724 81 113 154 8 3.14159 79 114 154 0 0 
110 144 174 20 -2.18546 93 127 157 1 0 95 127 156 24 1.5708 119 151 180 17 2.67795 130 158 188 34 -1.98321 98 126 156 50 -1.31146 51 78 105 48 -0.713061 19 46 73 44 -0.113151 14 41 67 24 1.52915 38 65 91 29 1.46771 67 95 119 12 -1.14417 54 85 108 11 -0.661043 47 78 101 17 -0.54042 37 70 90 26 0.837981 57 90 110 25 0.499347 67 100 126 25 0.446106 72 108 146 39 0 71 106 150 38 -0.0263097 70 104 150 39 0 70 104 150 0 0 
98 132 162 13 -2.84309 94 128 158 6 -0.165149 95 126 157 11 0.785398 103 134 165 20 2.63449 116 144 174 39 -3.01408 111 139 169 35 -2.35619 88 115 142 27 -1.15629 63 90 117 61 -0.88848 15 42 68 67 0.397079 41 68 94 58 0.554996 72 99 125 43 -0.161375 63 94 117 51 -0.0196053 62 93 116 66 -0.0906599 55 87 110 78 0.309703 79 111 134 68 0.191648 90 122 151 61 0.456348 111 146 186 29 -0.0344691 107 143 189 29 0 107 143 191 29 -0.0344691 106 142 190 0 0 
85 119 149 0 0 100 134 164 0 0 103 134 165 0 0 85 116 147 0 0 77 105 135 0 0 86 114 144 0 0 99 126 153 0 0 102 129 156 0 0 77 104 130 0 0 91 118 144 0 0 115 142 168 0 0 114 144 169 0 0 128 159 182 0 0 130 162 185 0 0 146 178 201 0 0 143 177 206 0 0 140 174 217 0 0 136 172 220 0 0 136 171 221 0 0 135 170 220 0 0 
