23 20 16 16 0.0624188 24 21 17 25 0.982794 43 42 38 16 1.44644 59 58 54 15 -2.7367 51 52 50 10 2.63449 54 57 55 24 -2.35619 37 39 39 9 -1.78947 25 31 30 19 1.3633 44 49 50 21 -1.23412 22 30 30 70 -0.155868 9 18 22 116 -0.0172397 7 16 20 26 2.13753 27 37 44 67 1.06082 86 96 103 24 1.27536 108 119 127 16 -1.87368 92 104 110 10 0.588003 101 111 111 4 0 101 112 110 13 -1.00407 90 101 99 14 -0.68573 81 92 90 0 0 
37 36 32 5 -0.197396 36 35 31 11 0.909753 45 44 40 14 3.14159 43 44 40 12 -3.05845 42 43 41 18 -2.97644 37 40 38 9 -2.92292 33 38 37 6 -2.67795 29 35 34 22 1.70632 49 57 57 63 0.740983 90 100 100 38 1.1659 125 134 137 132 -1.52537 0 2 6 96 0.800103 60 70 77 37 1.0951 93 103 110 12 2.07014 103 114 122 8 -2.89661 101 113 119 6 0.165149 103 115 115 8 2.78282 106 119 117 24 -2.84615 99 112 110 21 -2.42276 85 98 96 0 0 
40 41 37 7 2.9997 39 43 38 20 -2.49809 27 31 26 4 0.463648 27 33 28 7 -1.71269 20 25 23 11 0.54042 25 32 29 2 0.463648 26 32 31 14 3.14159 24 32 31 91 0.909753 94 104 104 19 2.53931 103 115 115 34 0.868539 129 141 143 71 -1.54263 57 70 72 69 0.276327 76 88 92 12 0.896055 86 98 102 12 2.35619 95 107 113 27 2.69407 107 119 123 40 -2.81197 94 107 109 20 -2.49809 82 96 95 2 0 82 96 95 16 0.999459 96 110 109 0 0 
29 35 30 11 -2.35619 21 27 22 8 1.69515 29 35 30 6 -2.67795 25 32 27 6 2.46685 29 36 33 2 -1.10715 25 34 31 19 -0.896055 10 18 17 84 0.979504 78 89 87 28 3.14159 76 88 88 71 0.755704 124 138 137 27 2.92292 130 143 145 41 -2.99628 124 137 139 44 -2.01424 84 97 99 38 -0.182168 77 89 93 7 -1.2925 70 82 86 20 -0.0499584 69 81 85 9 1.35213 76 91 93 6 1.5708 82 98 97 25 2.8578 89 105 104 31 -2.98168 84 100 99 0 0 
20 27 24 24 -0.0416426 17 26 23 43 0.0696546 20 29 26 72 -0.0277706 16 27 24 69 0.143925 26 37 35 73 0.122669 33 46 44 68 0.298499 53 66 64 10 -2.63449 47 61 59 108 0.831118 127 141 140 30 -1.67046 97 111 110 10 -2.2143 89 103 102 35 0.463648 105 119 118 24 2.38476 122 136 135 44 -1.29865 79 92 94 29 0.386876 91 103 105 41 -2.66719 71 84 86 7 1.1659 76 91 93 18 -1.89255 56 74 75 22 0 56 74 75 31 0.463648 70 88 89 0 0 
42 51 48 37 0.499347 58 69 66 40 0.907593 90 101 98 13 -2.7468 83 97 93 14 1.71269 97 110 108 6 2.97644 97 111 109 54 -1.58931 43 57 55 85 1.11236 118 134 133 5 0.785398 122 138 137 34 -1.83705 89 105 104 46 0.708626 121 135 134 34 -1.54139 87 101 100 51 1.1506 134 148 147 32 -2.11645 107 119 119 55 -1.26041 54 66 66 67 0.317056 75 87 87 42 -0.0475831 70 85 87 36 0.2783 80 95 97 12 0.499347 86 101 103 14 -2.70918 80 95 97 0 0 
73 84 81 36 0.2783 83 94 91 32 -0.154997 78 89 87 43 0.115759 81 94 92 67 0.14816 90 104 103 72 0.0831412 94 110 109 15 -1.43824 79 95 94 68 0.681606 122 137 139 59 -2.99022 113 128 130 17 0.665969 124 139 141 4 -1.32582 122 136 135 14 -1.4289 108 122 121 82 3.03227 118 131 129 56 3.03486 126 137 135 13 -0.463648 120 131 129 1 -0.785398 119 130 128 44 -0.201762 108 120 120 37 -0.380506 93 107 106 50 -0.365747 75 89 88 49 -0.121842 69 83 82 0 0 
108 119 116 25 0.273009 115 126 123 26 0.226799 121 132 130 33 1.04058 148 161 159 19 2.28489 162 176 175 67 -1.87368 96 112 111 37 1.24905 130 148 149 70 -1.78486 61 79 80 96 0.726642 127 142 144 2 -1.10715 125 140 142 3 -1.5708 124 137 139 98 -1.51982 27 39 39 37 1.2405 64 75 73 101 0.820349 140 148 147 39 -2.70041 123 131 130 42 1.52321 165 173 172 49 -2.7686 147 155 154 7 -0.2783 143 154 152 28 -2.55359 127 138 136 14 -2.0032 114 125 123 0 0 
135 144 141 20 0.398522 141 152 149 3 -1.5708 138 149 147 28 -3.10589 135 148 146 12 2.41495 142 156 155 38 -2.17308 108 123 125 14 0.68573 115 132 135 20 1.10715 133 150 153 7 -1.4289 128 143 146 6 -0.463648 125 140 142 9 2.92292 129 142 144 92 -1.73416 39 51 51 130 0.785398 135 143 142 34 -2.02146 106 112 111 70 2.83786 127 134 131 12 -0.499347 122 127 125 35 1.76819 157 162 160 34 -1.89255 124 129 127 18 0.110657 126 131 129 24 -2.27069 107 112 110 0 0 
156 163 160 24 -2.67795 143 152 149 31 -1.5708 112 120 119 35 0.526066 128 138 138 18 -0.270947 121 133 135 14 3.07029 119 134 137 20 0.35299 126 141 144 11 1.10715 134 151 154 12 -2.97644 134 148 154 20 -2.07789 116 131 134 6 -0.674741 114 126 130 22 0.785398 131 143 145 35 -2.70326 120 128 128 83 -1.70256 39 45 44 99 1.591 139 144 142 28 -2.1294 115 120 118 34 1.1466 148 152 147 17 -2.9105 146 147 143 32 -1.35544 114 115 111 40 0.430693 131 132 128 0 0 
135 140 138 14 2.25653 145 152 149 6 3.14159 143 151 150 7 2.44685 146 156 156 37 -1.6248 107 119 121 38 2.08039 138 153 156 125 -3.08565 131 145 151 7 -1.5708 122 138 144 2 0 122 138 145 10 -0.291457 121 135 141 10 0.71883 130 142 146 49 -2.4417 99 111 113 6 2.03444 109 117 117 75 -1.79661 37 43 42 87 1.39811 124 129 127 13 0.394791 131 134 132 23 3.14159 133 134 130 54 2.76787 155 155 149 4 -0.463648 153 153 147 17 -2.78282 147 147 141 0 0 
126 131 129 14 1.4289 139 146 143 9 0 139 145 144 9 1.35213 144 154 154 78 -2.38321 88 99 103 85 -1.00227 13 27 33 160 0.825025 129 145 152 6 -2.24554 122 140 147 8 1.69515 130 148 155 8 -2.52134 127 143 150 39 -1.72345 90 104 110 8 0.358771 95 107 111 10 -0.851966 90 99 102 44 -1.20682 50 58 58 103 0.937004 135 141 140 33 -2.03444 106 111 109 31 -1.07899 82 83 79 81 1.15629 159 159 153 54 -2.72709 139 136 131 13 0.367174 142 142 136 0 0 
128 134 129 22 1.1659 148 155 152 12 -2.53087 141 147 146 50 -1.59079 87 97 97 49 1.38915 133 145 149 11 -2.23184 120 136 142 15 0.321751 123 141 148 7 -2.86329 120 139 147 13 2.98894 122 141 149 16 -2.89661 118 137 145 30 -2.16797 94 112 119 10 0.197396 98 114 120 3 0.321751 103 116 118 28 3.03486 107 119 119 10 2.42276 116 127 125 11 0 120 127 124 10 -1.76819 113 117 112 24 -0.334737 107 109 103 43 1.22007 150 150 144 19 -2.24554 133 135 129 0 0 
137 143 138 13 2.98894 138 145 142 5 2.76109 138 146 145 41 -1.30243 96 105 108 39 1.00407 126 138 142 21 0.652847 133 151 158 38 -2.67795 115 134 142 15 -0.551655 103 126 134 20 -0.0499584 102 124 135 46 -3.03332 99 119 130 49 3.1008 103 122 130 19 -2.88427 99 118 123 34 -1.08084 73 88 91 31 0.807617 98 111 113 26 1.45592 125 137 137 21 -2.48875 116 124 123 18 0.982794 134 140 135 19 -2.17308 120 124 118 39 2.77986 136 137 133 7 0.982794 140 144 138 0 0 
124 130 125 11 1.10715 133 140 137 18 1.5708 149 157 156 35 -2.13537 115 127 129 29 1.36678 141 156 159 43 -2.09559 98 117 124 34 1.05525 126 147 155 8 -3.01724 121 146 156 67 -1.55587 54 78 90 33 -0.237836 46 71 81 32 1.72579 80 103 111 34 2.08635 112 134 140 103 -2.9083 91 110 115 16 2.89661 97 115 116 43 3.00295 107 121 120 56 2.89234 124 135 133 6 -1.5708 122 129 126 42 -1.73594 81 87 82 55 1.4086 138 141 139 15 -2.26553 124 130 125 0 0 
129 134 132 10 2.63449 133 140 137 6 -2.97644 130 138 137 6 -2.24554 121 133 133 2 0.463648 121 134 136 5 0.197396 118 134 140 20 2.89661 120 139 146 8 1.21203 126 148 154 35 -1.71269 91 112 120 56 -0.948493 45 66 74 80 0.251003 65 87 93 67 -2.2202 13 33 38 66 1.97371 75 94 97 31 -0.807617 56 71 73 36 -0.165149 52 66 65 69 1.65753 124 135 133 38 -2.79505 115 121 120 38 -2.39321 90 95 93 36 1.35213 128 131 129 8 2.08994 133 138 136 0 0 
119 125 124 8 1.5708 127 133 132 7 2.9997 128 134 133 5 2.9442 127 135 134 5 2.2143 129 139 139 24 -1.48766 103 115 115 33 0.999459 130 143 145 3 0 128 143 145 3 0.982794 131 146 149 16 -3.07917 130 145 148 100 -1.74085 31 46 48 48 -0.93141 0 7 9 116 1.20301 103 116 118 67 -3.00806 94 108 107 85 -2.54712 47 59 59 48 2.19347 90 98 97 13 -2.7468 88 93 92 17 0.62025 100 103 101 26 1.10715 126 127 125 5 0.785398 128 131 129 0 0 
119 125 124 1 0.785398 120 126 125 3 1.24905 123 129 128 3 1.5708 126 132 131 9 1.78947 133 141 140 9 -2.1294 125 133 132 15 1.01914 136 147 145 5 -2.9442 135 146 144 16 -1.9513 118 130 130 11 -0.179853 116 128 128 53 -1.70211 63 75 75 39 -0.714091 37 49 49 67 0 37 49 49 49 -0.264488 24 36 36 62 -0.080471 21 31 31 84 0.709912 78 86 85 28 0.835357 104 106 106 15 0.551655 114 115 113 18 1.05841 130 131 129 6 -1.40565 124 125 123 0 0 
121 126 125 1 1.5708 122 127 126 10 0.197396 123 129 128 4 0.244979 124 130 129 6 1.10715 128 136 135 9 2.58299 133 141 140 5 3.14159 131 142 140 4 -2.67795 129 140 138 5 2.76109 131 141 141 26 -2.27529 111 121 121 16 -1.32582 95 105 105 28 0.400241 106 116 116 19 -1.3633 87 97 97 19 0.0525831 88 98 98 16 -0.185348 85 95 95 34 0.294235 97 105 104 30 0.523278 117 119 119 5 0.785398 123 124 122 8 1.69515 131 132 130 16 -1.9513 116 117 115 0 0 
121 126 125 0 0 132 137 136 0 0 127 133 132 0 0 127 133 132 0 0 120 128 127 0 0 128 136 135 0 0 127 138 136 0 0 124 135 133 0 0 114 124 124 0 0 115 125 125 0 0 121 131 131 0 0 110 120 120 0 0 106 116 116 0 0 104 114 114 0 0 118 128 128 0 0 123 131 130 0 0 121 123 123 0 0 122 123 121 0 0 125 126 124 0 0 111 112 110 0 0 
