255 255 245 2 0.785398 255 255 251 14 -2.9997 255 251 255 2 0 251 253 254 2 0 248 255 245 4 -2.35619 245 255 237 7 0.785398 255 255 248 1 -1.5708 254 255 250 237 -3.07839 234 241 238 236 -3.07812 217 227 221 224 -3.07917 201 217 200 197 3.08581 217 227 211 221 3.09186 243 231 231 232 3.06416 255 248 250 40 3.06673 255 254 250 5 2.9442 254 255 251 1 0.785398 255 255 255 0 0 255 254 255 0 0 255 254 255 0 0 255 254 255 0 0 
255 255 248 14 -1.5708 241 242 238 19 0.785398 255 253 255 3 3.14159 251 254 255 7 -2.44685 245 254 244 5 1.03038 250 255 247 4 3.14159 255 255 249 238 -1.5876 19 18 14 15 -1.10715 0 4 3 3 -0.982794 0 2 0 13 1.2723 6 19 5 18 -2.35619 0 5 0 8 0 9 0 0 210 1.56603 221 208 210 42 2.03444 250 248 247 9 0.785398 253 255 254 6 3.14159 255 254 255 1 3.14159 255 254 255 0 0 255 254 255 0 0 255 254 255 0 0 
251 255 252 2 3.14159 251 255 255 3 -1.5708 248 249 255 3 -2.1588 244 246 255 5 0.785398 246 253 255 2 -0.785398 247 252 251 4 0 253 251 251 227 -1.57961 28 23 24 21 -2.01317 5 4 6 5 -2.9442 0 5 3 4 -1.32582 0 4 0 12 0.674741 6 12 1 8 -2.19105 10 1 0 190 1.52872 200 189 191 64 1.58642 255 254 255 6 -1.5708 245 248 252 6 0.896055 252 253 255 1 1.5708 255 254 255 0 0 255 255 255 0 0 255 255 255 0 0 
248 255 252 2 0.785398 250 255 255 5 -2.11122 245 247 255 5 0.54042 249 249 255 2 0.785398 251 254 255 4 3.14159 255 255 254 7 -2.1588 255 250 243 234 -1.55798 26 18 5 30 -0.507098 9 4 0 18 0.270947 10 11 0 21 0.233743 12 18 0 16 -0.436627 8 11 0 18 0.339293 21 14 0 181 1.57632 201 193 180 68 1.2723 255 255 252 4 -2.67795 249 253 254 2 0.463648 252 254 255 1 2.35619 255 254 255 1 3.14159 255 255 255 0 0 255 255 255 0 0 
248 255 254 6 -2.67795 247 253 252 4 0.785398 251 254 255 1 3.14159 253 254 255 4 -2.03444 253 251 250 4 0 255 255 241 7 2.9997 255 255 230 211 -1.67989 65 54 10 176 -0.136293 39 32 0 190 0.0420804 44 43 0 171 -0.00584789 39 44 0 177 -0.0282411 36 38 0 181 -0.0662015 31 24 0 289 0.773174 229 223 178 41 1.44944 255 255 233 16 2.89661 255 255 247 6 -2.81984 253 254 250 1 1.5708 254 254 254 1 1.5708 255 255 255 0 0 255 255 255 0 0 
244 250 249 7 0.876058 251 255 255 2 -2.67795 254 254 254 1 -2.35619 255 254 250 2 2.35619 255 255 245 12 -1.99742 255 253 220 96 -2.98499 255 245 186 105 -3.0278 254 240 158 44 -2.93983 245 235 141 34 -2.81984 232 227 124 24 2.9362 234 233 129 34 -3.11219 233 231 129 29 2.64765 252 243 145 44 3.14159 247 238 158 60 2.80414 253 250 199 86 2.97835 255 255 229 4 1.81578 255 255 246 1 2.35619 254 254 254 1 1.5708 255 255 255 0 0 255 255 255 0 0 
250 253 255 3 -2.81984 253 252 254 2 0 255 254 250 2 -0.785398 255 254 241 2 -2.67795 255 255 230 101 -1.5609 179 163 110 112 -2.91812 170 151 54 49 1.71269 228 209 82 23 3.05485 232 217 71 30 -3.07502 228 218 64 31 -2.98168 219 213 60 16 2.70497 226 219 68 30 -3.00904 226 212 69 29 -2.67795 206 193 71 9 -2.1294 182 174 91 101 1.8491 255 255 214 67 3.08196 255 255 239 2 1.5708 254 255 253 1 2.35619 255 255 254 0 0 255 255 254 0 0 
249 248 255 5 0.927295 255 254 255 5 3.14159 255 255 252 6 -1.5708 255 253 236 2 0.785398 255 255 227 212 -1.5708 76 57 0 78 1.51956 175 149 31 36 1.14417 219 194 38 8 -2.52134 216 196 17 3 -0.982794 213 196 9 13 0.942 220 207 21 8 -1.92957 212 198 16 3 0 214 195 20 10 0.927295 213 196 46 31 -1.37961 166 151 49 59 1.63849 208 198 138 71 1.6411 255 255 237 2 2.67795 253 254 252 2 0.785398 255 255 254 0 0 255 255 254 0 0 
250 249 255 5 -2.2143 248 247 255 5 1.9513 255 254 255 4 -1.5708 255 253 241 4 0 255 255 227 208 -1.5708 86 61 0 89 1.50348 196 167 39 11 1.91957 219 190 21 13 0.298499 229 201 10 3 1.24905 233 207 6 2 3.14159 230 207 8 2 -1.5708 228 203 9 4 0.785398 231 205 15 8 1.81578 230 205 43 41 -1.7635 171 148 38 58 1.58804 210 193 130 74 1.46311 255 255 233 5 1.5708 255 255 252 0 0 255 255 252 1 -1.5708 254 255 251 0 0 
244 247 255 4 -0.785398 244 245 255 9 0.785398 255 254 255 0 0 255 255 245 6 -2.46685 255 255 227 202 -1.5807 92 68 0 79 1.5708 194 164 33 28 1.6421 236 204 31 12 -2.41495 235 203 8 2 0 237 206 1 2 0.785398 237 207 6 3 0.321751 236 207 8 2 -0.785398 234 204 9 2 0.785398 227 198 30 34 -1.5708 175 147 36 67 1.48148 221 201 136 66 1.49518 255 255 232 5 1.5708 255 255 252 0 0 255 255 252 1 -1.5708 254 255 251 0 0 
243 254 255 1 2.35619 248 255 255 0 0 253 255 254 7 -2.35619 255 253 240 1 -1.5708 255 255 225 200 -1.5458 88 69 0 77 1.50595 188 162 32 21 1.2925 223 194 25 5 0.643501 233 202 15 3 3.14159 237 205 8 3 1.5708 238 208 13 1 3.14159 238 208 13 4 -2.67795 236 205 12 2 3.14159 227 197 32 28 -1.49949 180 153 43 66 1.45017 224 206 141 61 1.5708 255 255 232 5 1.5708 255 255 251 0 0 255 255 252 1 -1.5708 254 255 251 0 0 
242 255 252 2 1.5708 246 255 254 5 -2.11122 248 252 247 1 3.14159 255 255 239 6 0.674741 255 255 226 200 -1.60578 89 76 0 82 1.24905 190 169 37 21 2.09559 224 199 29 5 -0.927295 229 199 14 5 0.54042 235 204 11 2 1.5708 235 207 12 3 -1.24905 232 204 9 4 0 232 204 10 5 0.785398 226 200 32 22 -1.52537 184 162 50 59 1.36678 223 207 140 63 1.28386 255 255 230 5 1.5708 255 255 249 0 0 255 255 251 1 -1.5708 254 255 251 0 0 
244 255 247 1 -1.5708 247 255 246 3 -1.89255 247 252 243 7 0.982794 255 255 240 8 -1.81578 255 255 213 167 -1.63061 112 105 18 84 0.50595 176 161 21 35 1.16957 223 204 29 2 -1.10715 230 205 17 2 -0.785398 232 206 10 5 2.49809 233 210 11 2 3.14159 233 210 10 2 0 231 210 11 1 1.5708 223 203 31 13 -2.13753 193 178 56 64 1.47732 237 228 154 45 1.21458 255 255 229 5 1.76819 255 255 249 0 0 255 255 251 1 -1.5708 254 255 250 0 0 
249 255 247 2 -2.35619 249 254 245 4 0.463648 255 255 247 2 0 255 255 238 16 -1.81578 255 253 199 83 -1.47471 186 182 87 62 -0.306676 188 178 30 53 0.380506 222 208 26 24 -0.0416426 230 210 15 24 -0.334737 224 204 2 26 0.189988 229 210 5 25 0.158655 231 215 8 22 -0.0906599 229 212 7 24 -0.244979 213 199 19 28 0.0713075 195 186 58 79 1.1973 251 246 167 31 0.965252 255 255 227 6 1.5708 255 255 249 0 0 255 255 251 1 -1.5708 254 255 250 0 0 
255 251 250 5 0.785398 255 255 254 0 0 255 254 254 6 -2.03444 255 253 235 4 -1.5708 255 255 206 31 -1.50637 249 244 142 33 -2.10101 240 231 74 14 -0.432408 248 234 44 12 -0.165149 251 236 33 9 -0.558599 250 233 22 14 0.2783 254 239 23 12 0.0831412 253 240 24 4 0 253 239 27 11 -0.179853 241 229 45 21 0.141897 224 217 84 64 1.3673 255 255 182 12 2.46685 255 255 225 6 1.5708 255 255 249 0 0 255 255 251 1 -1.5708 254 255 250 0 0 
255 254 255 0 0 255 254 255 5 -2.49809 255 251 251 3 -2.1588 255 254 234 6 -0.321751 255 255 208 50 -1.76819 231 227 125 5 0.197396 251 243 89 8 -2.08994 255 246 58 6 -1.40565 255 244 41 3 0.321751 255 248 36 3 2.55359 255 251 35 7 -1.4289 254 244 30 13 0.528074 255 249 41 8 1.69515 255 250 67 6 -2.24554 232 231 97 40 1.44644 254 255 172 18 1.29985 255 255 225 6 1.10715 255 255 249 2 3.14159 255 255 251 1 -1.5708 254 255 250 0 0 
255 255 252 5 -2.35619 255 252 247 4 -0.244979 255 252 244 5 1.03038 255 255 238 19 -1.98902 251 254 199 35 -1.457 229 230 136 13 -0.628796 240 236 93 5 -2.76109 252 244 67 4 -1.5708 255 245 51 9 -0.558599 252 244 37 12 0.499347 255 251 42 4 2.03444 255 255 47 8 -2.35619 251 245 48 9 0.558599 243 243 71 7 0.588003 228 236 106 40 1.5708 252 255 180 17 1.21203 255 255 231 1 1.5708 253 254 250 2 1.10715 255 255 252 0 0 255 255 252 0 0 
253 251 251 5 0.785398 255 255 254 2 -2.03444 255 254 250 7 -2.26553 252 252 234 10 -0.643501 252 255 210 31 -1.10715 236 237 157 32 -2.31274 232 226 99 61 3.09245 249 238 80 36 3.03094 255 247 71 37 -3.08759 255 249 61 27 -2.88792 251 243 52 25 3.14159 249 242 55 22 2.77761 255 246 72 23 3.01189 246 242 93 45 -3.09718 223 229 120 56 2.1931 254 255 196 12 0.96007 255 255 235 2 1.10715 254 255 251 1 1.5708 255 255 254 0 0 255 255 254 0 0 
255 251 255 12 -3.05845 254 251 255 18 -2.8023 250 246 252 9 0.86217 255 255 251 14 3.14159 255 255 235 67 -1.88785 214 209 148 84 -0.835357 171 158 54 103 0.273009 211 194 61 51 0.0587558 221 201 52 53 0.149812 233 212 53 17 -0.286051 226 207 48 26 0.152649 228 210 57 30 0.197396 232 212 71 29 -0.690446 201 185 72 68 0.146012 190 184 113 118 0.809203 255 255 221 5 0.927295 255 255 242 1 1.5708 254 255 251 1 1.5708 255 255 254 0 0 255 255 254 0 0 
243 238 253 0 0 237 232 247 0 0 255 249 255 0 0 245 240 241 0 0 245 239 220 0 0 255 255 210 0 0 255 253 162 0 0 255 241 120 0 0 255 250 114 0 0 248 224 80 0 0 252 228 86 0 0 255 234 98 0 0 255 228 107 0 0 255 247 152 0 0 255 255 206 0 0 255 255 234 0 0 255 255 245 0 0 254 255 251 0 0 255 255 254 0 0 255 255 254 0 0 
