254 251 246 7 0.785398 255 255 251 9 3.14159 255 255 254 6 -2.46685 249 252 250 5 0.785398 253 255 255 1 3.14159 251 255 255 1 -1.5708 252 254 254 3 2.81984 253 255 254 1 3.14159 255 255 254 1 -1.5708 254 255 251 26 -2.9516 249 250 246 18 2.8023 255 255 252 27 -2.92292 247 250 248 8 0.785398 251 255 254 0 0 251 255 255 11 -2.79282 246 251 252 5 0.785398 253 255 255 9 -1.98902 244 246 246 12 0.785398 253 255 255 4 -1.5708 249 251 251 0 0 
255 255 252 9 -1.98902 248 247 243 9 0.418224 250 251 249 5 1.5708 253 255 255 1 -1.5708 250 255 254 2 2.67795 251 255 255 4 -1.5708 247 251 252 35 3.05609 252 254 254 118 3.13312 253 255 254 177 -2.98851 228 229 225 166 3.1175 232 233 231 177 -3.119 226 229 227 158 2.97021 253 255 254 157 3.14159 251 255 255 96 -3.02751 239 244 245 11 1.48014 250 255 255 8 -2.67795 247 252 251 5 2.2143 253 255 255 0 0 253 255 255 8 3.14159 253 255 255 0 0 
253 251 250 4 1.32582 255 255 254 5 -1.5708 248 250 250 7 0.785398 251 255 255 12 -2.89661 248 252 253 4 0.785398 250 255 255 115 -2.79799 211 216 219 196 -2.7213 132 136 137 128 -2.69183 78 80 80 64 -2.85904 60 63 61 26 -2.8786 53 55 55 32 2.59594 70 72 72 52 2.62714 94 99 98 106 2.5301 154 159 160 158 2.5676 240 245 248 180 3.13048 242 247 250 65 3.12621 244 248 249 9 0.785398 253 255 255 12 -2.41495 245 247 247 8 0.124355 246 248 248 0 0 
252 253 251 4 0.785398 253 255 255 12 3.14159 251 255 255 12 -1.5708 238 243 244 15 0.876058 250 255 255 175 -2.47307 141 146 149 162 -2.40419 32 37 40 22 -2.29378 15 20 23 22 -0.0906599 14 18 19 22 0.945311 34 36 36 12 -2.35619 25 27 27 5 -0.197396 22 26 27 18 -0.982794 6 11 12 34 0.450661 19 26 29 40 1.344 58 64 69 120 1.80569 177 182 185 158 2.66386 251 255 255 89 -3.04081 244 246 246 12 0.785398 253 255 255 3 3.14159 253 255 255 0 0 
253 255 255 13 -2.03444 239 244 243 16 0.785398 251 255 255 9 -2.92292 248 253 255 160 -2.13467 110 116 121 130 -2.36706 19 25 30 4 -1.32582 15 21 26 20 1.3734 37 42 45 24 -2.67795 26 31 34 23 -0.172191 23 27 28 52 0.0958591 28 32 33 38 0.104877 32 36 37 22 0.266252 37 42 45 29 -2.90474 28 34 39 10 0.197396 30 36 41 10 0.380506 34 40 45 125 1.5548 162 166 167 151 2.51522 253 255 255 48 -3.07917 250 252 252 3 1.5708 253 255 255 0 0 
245 250 249 8 0.785398 251 255 255 12 -2.35619 241 246 249 80 -1.77062 162 167 170 179 -2.22208 17 23 28 5 0.54042 18 27 31 3 -0.321751 19 25 30 28 -0.211093 13 19 24 117 0.29473 49 54 57 168 0.148597 74 79 82 166 -0.0541638 66 70 71 177 -0.067693 54 58 59 174 -0.260234 8 13 16 156 0.206178 38 44 49 2 2.35619 40 46 53 22 -2.96174 36 42 47 2 0 39 43 44 164 1.61345 205 207 207 125 2.77442 250 252 252 5 -1.03038 245 247 247 0 0 
253 255 255 9 -1.78947 242 247 246 18 -1.05841 225 230 233 182 -1.91676 53 58 61 44 -2.43539 22 28 33 1 1.5708 23 29 34 30 0.927295 47 53 58 149 0.547284 125 131 136 150 0.63418 216 221 224 40 0.628796 241 245 246 6 0.321751 245 247 248 21 -1.19029 223 227 228 67 -1.14047 161 166 169 146 -0.994135 36 42 47 160 -0.112728 18 24 31 25 0.927295 40 44 49 9 -1.78947 32 35 39 55 1.35213 88 90 91 171 1.84268 253 255 255 63 -3.12572 252 254 255 0 0 
251 253 253 2 1.5708 253 255 255 87 -1.5708 164 168 169 156 -1.96559 19 24 27 19 2.88427 24 29 32 19 1.41419 41 47 52 148 1.13131 175 181 186 96 0.821878 248 253 255 2 0.463648 250 254 255 5 -2.49809 249 251 252 5 0.785398 253 255 255 0 0 253 255 255 9 -1.98902 242 246 247 44 -1.36903 197 202 205 167 -1.31135 35 39 44 99 0.0302938 38 42 47 16 2.83871 44 47 51 4 -1.5708 42 44 45 148 1.5708 190 192 193 81 2.31274 250 252 253 0 0 
253 254 252 3 2.55359 253 255 254 147 -1.5708 106 108 108 108 -1.88963 1 5 6 30 1.0637 27 32 35 79 1.48242 106 111 114 147 1.19533 243 248 251 8 1.05165 251 255 255 5 -2.11122 248 250 251 7 0.785398 255 255 255 0 0 255 255 255 5 -2.35619 251 251 251 5 0.785398 253 255 255 10 -1.86225 241 244 248 106 -1.49547 135 138 142 141 -0.915964 23 26 30 30 0.762147 44 48 49 10 -2.76109 40 44 45 93 1.67791 133 137 138 119 1.70557 251 255 255 0 0 
250 251 247 7 0.785398 255 255 252 181 -1.59841 72 74 74 55 -1.33455 18 20 20 19 1.41419 35 39 40 126 1.6421 160 165 168 87 1.59378 248 252 253 3 0 250 252 253 3 2.1588 255 255 255 2 3.14159 255 255 255 8 -2.62245 253 251 250 4 1.32582 255 255 254 3 -1.5708 252 252 252 1 2.35619 251 253 254 28 -1.5351 223 224 228 176 -1.57648 45 48 52 11 -1.30454 34 38 39 13 -0.298499 30 34 35 87 1.42247 117 121 122 131 1.77712 246 250 251 0 0 
255 255 252 5 -1.5708 250 251 247 163 -1.55853 85 87 87 72 -1.08246 21 23 23 9 0.785398 26 30 31 134 1.70532 159 163 164 121 2.28654 253 255 255 8 -2.52134 248 250 251 5 0.54042 253 253 253 5 -1.19029 250 248 247 5 2.35619 255 252 251 4 0.785398 255 255 254 7 -2.55359 251 251 251 5 0.643501 252 254 255 30 -1.63736 222 223 227 172 -1.66355 48 51 55 3 -0.321751 47 51 52 4 -1.32582 42 47 48 47 1.6557 89 94 95 161 1.5708 250 255 255 0 0 
255 255 252 6 -2.67795 250 253 251 131 -1.5479 119 121 121 94 -1.28237 26 30 31 18 -1.84174 8 12 13 75 1.2074 79 83 84 169 1.80863 244 248 249 28 2.89661 253 255 255 5 3.14159 255 255 255 12 -1.99742 246 244 243 15 0.785398 255 255 254 6 -1.89255 251 249 249 8 0.785398 255 255 255 3 -1.5708 250 252 253 44 -1.61622 206 207 211 192 -2.21951 51 54 58 25 -3.02216 47 52 53 10 -0.982794 38 43 44 61 0.969342 89 94 95 174 1.12761 247 252 253 0 0 
247 250 248 8 0.785398 253 255 254 107 -1.5708 144 149 148 123 -1.6761 20 25 26 18 2.27942 34 39 42 10 2.76109 38 43 46 180 1.75512 215 220 223 135 2.91812 246 250 251 21 3.14159 248 250 251 6 0.896055 255 255 255 3 -2.55359 253 253 253 7 2.86329 255 255 255 5 3.14159 255 254 255 5 -2.11122 248 249 253 189 -2.15734 90 91 95 84 -2.32287 26 29 33 30 1.13613 53 58 59 20 1.67046 71 79 79 113 0.929056 162 170 170 87 1.13278 241 249 249 0 0 
253 255 255 0 0 251 255 255 120 -1.69515 130 135 136 123 -1.72529 6 13 16 78 0.204877 22 28 33 19 -1.77829 3 9 14 83 1.20362 83 87 92 156 2.02016 224 229 232 182 3.00434 250 253 255 141 -3.12741 250 252 253 48 -3.01724 246 245 247 23 2.9694 248 250 251 61 3.10882 250 251 255 187 -2.53436 141 144 149 165 -2.40743 30 33 38 13 0.732815 38 42 47 21 2.48875 49 56 59 109 0.967566 139 147 147 81 0.828849 199 207 207 44 1.66146 243 251 251 0 0 
251 255 255 15 -1.70335 235 240 241 124 -1.45041 111 116 119 26 -1.344 83 89 94 110 -0.630798 18 24 29 129 0.115759 31 39 46 29 -2.38058 13 19 26 30 1.13613 43 47 52 68 1.89716 109 112 116 130 2.36706 200 203 207 177 3.03405 221 222 226 187 -2.95887 187 188 192 190 -2.64267 96 97 101 106 -2.34286 18 21 26 27 0.942 39 42 50 34 -2.5861 19 25 32 109 0.992894 111 118 121 141 0.629318 192 202 202 24 0.0416426 193 203 203 54 1.25483 245 255 255 0 0 
249 253 254 2 0.785398 250 255 255 133 -1.60837 117 122 125 75 0.850726 174 179 182 43 -0.606988 147 153 158 168 -0.928481 12 18 23 147 0.0949517 28 32 37 17 -0.41241 21 25 30 12 -2.64225 16 19 23 10 0.927295 24 28 29 11 1.22203 37 38 42 21 -2.22364 20 21 25 5 0.380506 20 23 27 14 1.4289 34 37 42 25 -2.05168 10 14 19 114 0.667929 81 85 90 205 0.788835 225 232 235 23 -0.308053 218 226 226 7 -0.876058 212 220 220 31 1.17846 241 249 249 0 0 
253 255 255 5 -2.11122 246 251 250 78 -1.50678 168 172 173 53 0.946161 211 215 216 41 1.32582 251 255 255 89 -1.59326 162 166 167 147 -0.920493 45 49 50 180 -0.189779 11 15 16 116 0.0945449 24 26 27 50 0.119429 30 32 32 19 -0.305879 24 26 27 24 0.0416426 25 27 28 38 -0.0263097 24 26 27 74 0 24 26 27 174 0.468763 101 105 106 192 0.715402 227 231 232 33 0.764125 252 254 255 24 -1.52915 228 230 230 13 0.0767719 229 231 231 25 0.982794 250 252 252 0 0 
250 252 252 3 0.982794 253 255 255 52 -1.68567 201 203 203 53 0.422005 223 225 225 41 0.750929 251 253 253 2 2.03444 253 255 255 29 -1.63965 224 226 226 99 -1.27452 129 131 131 133 -0.423535 74 76 76 180 -0.138767 49 51 51 173 -0.00578028 48 50 50 174 0.0859943 63 65 65 187 0.187972 98 100 100 174 0.489283 180 182 182 99 0.749952 248 250 250 7 0.785398 253 255 255 2 3.14159 255 255 255 12 -1.5708 243 243 243 9 0.218669 245 245 245 14 0.785398 255 255 255 0 0 
252 254 254 5 -2.11122 247 249 249 6 0.463648 250 252 252 3 1.24905 253 255 255 7 -2.7367 250 252 252 3 0.321751 251 253 253 2 1.5708 253 255 255 2 -1.5708 251 253 253 2 2.35619 253 255 255 31 -1.76198 222 224 224 31 0 222 224 224 39 0.694738 247 249 249 7 2.35619 252 254 254 2 2.67795 253 255 255 1 3.14159 253 255 255 4 -2.67795 251 253 253 2 0.785398 255 255 255 3 -1.89255 252 252 252 3 0.982794 255 255 255 0 0 255 255 255 0 0 
249 251 251 0 0 253 255 255 0 0 251 253 253 0 0 246 248 248 0 0 253 255 255 0 0 251 253 253 0 0 253 255 255 0 0 249 251 251 0 0 247 249 249 0 0 253 255 255 0 0 252 254 254 0 0 242 244 244 0 0 250 252 252 0 0 252 254 254 0 0 249 251 251 0 0 253 255 255 0 0 254 254 254 0 0 254 254 254 0 0 255 255 255 0 0 255 255 255 0 0 
