94 91 86 23 0.129703 95 96 87 17 0.286051 98 103 88 5 -1.19029 89 97 86 9 -0.218669 87 90 95 21 -0.2783 80 83 91 35 0.438337 95 102 99 8 -1.10715 87 94 91 15 -0.132552 86 88 96 22 0.502843 97 100 104 2 -1.5708 95 105 89 27 -0.110657 92 100 90 13 0.566729 98 98 116 9 -0.418224 94 91 116 20 0.197396 96 102 107 7 -0.404892 95 102 99 15 0 98 100 100 11 -0.266252 97 97 97 13 -0.152649 95 95 95 15 0 95 95 95 0 0 
117 112 113 3 -0.982794 112 111 107 10 -1.76819 100 104 93 29 0.0688565 98 106 96 22 0.463648 107 112 113 6 0.896055 112 116 121 13 -1.5708 99 104 105 10 0.291457 102 106 111 31 0.0964738 105 105 121 28 -0.321751 97 97 111 54 0.480175 122 127 125 111 -2.97055 102 108 107 59 0.0845438 107 105 127 10 0.71883 112 111 137 9 -1.24905 103 108 117 13 0.367174 110 115 116 11 -0.348771 109 111 111 13 -0.0767719 110 110 110 12 0 110 110 110 10 -0.0996687 109 109 109 0 0 
117 111 122 19 -0.370891 108 106 112 29 0.809784 127 131 126 7 -1.1659 118 125 118 10 -0.643501 111 118 113 15 0.0665682 110 118 118 20 -0.14889 107 112 121 74 0.330297 131 132 153 21 -0.0475831 130 126 161 12 1.5708 144 138 173 133 -1.52571 11 10 30 150 1.60412 161 160 180 136 -2.79906 115 110 141 3 2.55359 115 113 143 17 0.0587558 114 119 134 12 2.89661 119 125 132 22 -0.0906599 122 124 125 17 -0.117109 122 122 122 13 -0.152649 120 120 120 9 -0.110657 119 119 119 0 0 
135 130 139 5 -1.3734 128 126 132 16 0.244979 130 133 131 12 -0.165149 125 132 127 16 0.0624188 124 134 128 22 0.266252 130 137 140 74 2.46058 175 179 198 169 -2.99387 150 149 183 65 -2.80061 130 123 168 42 0.442374 148 141 184 156 -1.97149 6 1 32 96 0.27261 30 29 55 80 1.5833 110 107 139 117 2.95257 130 130 160 107 -2.8786 100 104 128 37 1.48989 139 144 159 51 -3.00519 137 140 145 11 -0.54042 135 135 135 14 -0.432408 129 129 129 16 -0.0624188 128 128 128 0 0 
134 136 130 20 0.507098 144 146 140 25 0 142 145 143 9 0.218669 141 148 145 7 1.4289 146 155 152 74 -1.47648 70 78 85 66 -1.2634 7 7 37 161 0.524514 88 84 126 78 1.45592 166 160 207 90 -2.02949 85 81 122 74 0.134321 97 96 122 80 -1.00693 29 30 50 34 -1.39612 0 0 19 99 0.337622 26 27 55 95 0.979878 103 104 138 20 -2.1451 88 89 117 56 1.24905 147 148 158 4 -2.35619 148 148 148 5 -0.54042 145 145 145 12 -0.0831412 144 144 144 0 0 
152 157 142 21 0.91795 169 173 162 21 -2.28963 151 153 153 6 -1.24905 142 146 151 29 0.448723 153 159 164 62 -1.78077 90 95 110 57 1.74447 147 144 183 126 -2.73462 97 91 140 29 1.63965 126 120 167 42 0.90349 161 157 193 21 -1.52321 140 141 161 124 -1.00284 35 38 52 219 0.24829 89 91 109 122 -0.06548 79 80 108 30 0.523278 92 89 134 12 1.5708 106 103 142 33 1.75065 144 144 158 12 0.426627 153 153 153 9 0.418224 157 157 157 8 0 157 157 157 0 0 
167 170 154 12 -0.896055 155 158 149 17 0 153 152 162 29 0.690446 170 168 187 28 -1.28274 142 142 160 74 -2.25181 82 80 109 95 -2.60297 33 26 71 64 1.64876 97 88 139 57 1.58834 154 147 192 22 2.77761 164 159 191 45 1.63736 209 209 225 46 2.04415 248 253 255 175 -2.92971 211 214 229 208 -2.62007 105 105 135 81 -3.00662 92 86 141 9 2.43297 100 94 143 88 0.600541 155 154 170 27 0.110657 162 162 162 18 0.165149 165 165 165 9 0 165 165 165 0 0 
177 178 162 7 -0.141897 174 175 166 13 0.463648 178 174 185 5 2.2143 180 176 195 82 -1.49776 95 95 113 114 -0.94649 0 1 22 31 1.10715 30 25 57 68 1.46822 98 91 128 80 2.66119 135 129 164 102 2.88477 162 157 184 86 2.82351 189 190 200 184 -2.50243 78 83 86 82 -2.55359 32 34 45 4 -2.03444 26 25 51 65 1.30723 87 82 127 172 0.523472 175 169 210 55 3.06899 184 181 196 57 -3.03672 180 180 180 10 -0.588003 174 174 174 8 -0.358771 171 171 171 0 0 
185 184 170 5 0.785398 188 186 178 11 -0.909753 177 173 178 23 0.60005 188 185 194 21 -1.5708 163 167 168 156 -1.20454 16 22 21 121 0.173246 38 41 45 43 -2.90785 28 29 39 33 2.86743 37 36 52 56 2.26782 82 79 94 92 -2.70692 43 45 46 38 -2.20912 12 15 13 22 1.20682 33 34 38 15 1.50423 46 47 57 226 1.03416 240 239 255 178 -2.4196 122 122 140 127 3.12585 127 127 133 61 1.34156 189 189 189 10 -0.71883 182 182 182 10 0 182 182 182 0 0 
189 186 178 21 0.336675 195 192 188 3 1.89255 198 192 197 10 -0.643501 188 187 191 35 1.34609 221 225 220 82 -1.68011 137 145 134 142 -1.44382 0 4 0 9 0 0 2 0 12 0.426627 3 2 11 6 -2.24554 0 0 7 23 1.18248 22 22 22 12 0 22 23 21 16 0.999459 36 35 37 130 1.57849 164 165 169 132 -2.71497 107 110 114 150 -2.31397 0 0 1 143 1.55681 141 143 143 57 1.19991 197 197 197 8 -0.62025 192 192 192 8 -0.124355 191 191 191 0 0 
209 202 205 14 -1.3597 194 188 193 23 0.54042 206 198 209 6 -1.24905 196 193 202 20 1.10715 212 215 213 58 -1.20606 157 162 153 151 -1.41214 7 12 3 2 2.35619 9 12 10 14 -2.40378 1 0 8 8 1.5708 11 4 17 33 0.827041 36 32 37 19 -2.98499 33 30 32 11 2.79282 37 33 39 31 2.81984 45 44 48 42 -1.02225 9 10 8 128 -0.0546331 0 4 0 162 1.5708 164 165 163 50 0.927295 204 204 204 8 -0.463648 200 200 200 7 -0.2783 198 198 198 0 0 
211 206 208 5 0.643501 214 208 213 7 -0.876058 206 200 211 12 0.0831412 205 202 211 31 1.24905 233 235 235 55 -1.93797 181 184 182 196 -2.03444 5 7 8 9 -0.86217 0 0 4 11 0.0906599 1 0 8 37 0.975386 34 28 39 28 -0.636508 19 14 16 202 0.0247474 24 19 21 20 -2.32173 7 3 8 145 0.439113 69 66 68 71 1.34609 137 138 134 136 -1.69606 2 4 0 213 1.11552 194 195 193 34 0.555494 212 212 212 10 -0.507098 207 207 207 7 0.141897 208 208 208 0 0 
213 214 205 13 0.298499 215 216 212 7 0.141897 214 215 219 5 -0.197396 211 214 219 19 0 211 214 218 130 -1.96559 91 93 101 102 -2.21819 9 7 27 46 -0.0434509 9 3 26 37 0.296546 22 18 30 90 0.374334 57 54 56 229 0.782321 221 218 213 265 -2.22259 10 8 0 132 1.40441 139 138 134 61 -1.0637 85 83 82 55 0.734161 122 121 117 24 -1.77619 98 97 93 145 1.06705 223 224 222 12 -0.165149 221 221 221 7 -1.1659 214 214 214 7 0.785398 219 219 219 0 0 
224 229 214 6 -0.321751 220 225 216 6 -2.97644 217 221 222 18 0.785398 229 232 240 70 -1.37062 160 162 172 158 -2.1588 28 27 47 26 1.5708 54 45 88 36 -0.339293 43 33 76 64 1.15572 104 99 120 113 1.40275 218 217 221 267 -2.49137 58 58 52 51 -2.5644 32 30 22 139 1.64262 169 169 163 102 -2.7085 126 125 121 9 -1.98902 117 115 115 130 0.401871 168 165 167 101 0.750447 235 235 235 11 -1.5708 224 224 224 5 -1.03038 219 219 219 9 0.558599 224 224 224 0 0 
228 235 220 14 -1.5708 212 220 210 33 0.571337 229 234 237 14 1.6421 241 245 255 171 -1.58834 70 73 88 77 -0.602287 26 22 57 62 1.87747 86 71 139 23 -2.14717 68 50 119 55 1.22048 123 114 147 122 -1.77619 5 1 13 8 1.5708 15 12 14 5 1.19029 20 18 17 121 0.478352 76 74 73 176 0.26426 122 120 120 176 0.70924 235 232 241 7 0.694738 240 236 247 5 -1.9513 235 234 238 8 -1.32582 227 227 227 8 0 227 227 227 11 0 227 227 227 0 0 
226 234 223 17 0.904827 240 247 240 12 -2.07014 228 233 236 14 0.982794 240 242 253 104 -1.55157 134 137 152 150 -1.00867 7 4 36 66 1.67646 75 58 125 38 2.82797 88 71 135 44 0.179853 98 90 121 95 -1.67567 5 1 13 80 0.124355 17 13 19 256 0.447942 128 125 127 170 0.764654 246 244 244 11 1.10715 255 253 255 15 -2.12245 241 237 248 4 -0.785398 238 234 245 3 -0.321751 237 236 240 7 -0.2783 235 235 235 8 0.358771 238 238 238 7 -0.982794 232 232 232 0 0 
237 243 238 5 -2.49809 234 239 237 9 0.321751 237 241 242 6 1.73594 243 246 250 26 -1.49402 219 218 227 216 -1.42694 5 1 20 72 0.519146 43 31 67 100 1.9587 136 125 158 70 -0.714809 90 86 98 103 -0.0485056 87 83 88 234 0.758215 248 244 250 3 2.1588 251 247 253 7 3.14159 249 248 252 3 -0.982794 246 245 247 2 -1.5708 244 243 245 7 -0.404892 241 240 242 8 0.358771 244 244 244 3 -0.321751 243 243 243 3 -0.321751 242 242 242 3 -0.321751 241 241 241 0 0 
233 238 237 15 0.694738 243 248 247 8 -1.05165 238 240 240 15 0.643501 247 249 250 5 0.643501 252 251 255 182 -1.59277 70 66 77 196 -0.337878 7 0 19 289 0.687671 191 183 200 59 0.067693 195 192 194 87 0.785398 255 255 254 11 -1.66146 246 242 247 7 -0.2783 244 240 246 15 0.605545 251 250 254 5 -1.03038 246 245 247 8 0.62025 251 251 251 5 -2.76109 249 250 248 5 -0.380506 247 247 247 4 -0.244979 246 246 246 4 -0.244979 245 245 245 4 -0.244979 244 244 244 0 0 
245 250 249 2 1.5708 247 252 251 6 2.97644 250 252 252 13 3.06482 251 253 254 5 -1.19029 248 247 251 7 1.5708 255 251 255 27 -1.8693 231 222 243 32 0.631079 250 242 255 9 0.86217 255 254 255 6 -2.97644 255 254 253 12 -2.89661 253 249 254 5 0.785398 255 253 255 9 -3.03094 254 253 255 1 -0.785398 253 253 253 7 -1.8491 246 247 245 12 0.726642 254 255 253 4 -2.35619 251 251 251 2 -0.463648 250 250 250 2 -0.463648 249 249 249 3 -0.321751 248 248 248 0 0 
245 250 249 0 0 241 246 245 0 0 237 239 239 0 0 253 255 255 0 0 248 247 251 0 0 247 244 253 0 0 255 248 255 0 0 255 248 255 0 0 251 248 250 0 0 244 243 239 0 0 255 253 255 0 0 248 244 249 0 0 255 254 255 0 0 251 251 251 0 0 255 255 254 0 0 251 252 248 0 0 253 253 253 0 0 252 252 252 0 0 252 252 252 0 0 251 251 251 0 0 
