254 235 252 13 0.298499 255 241 253 3 -1.24905 247 242 243 6 -0.165149 242 243 239 13 0.732815 249 252 250 2 1.10715 253 254 252 10 -2.85014 252 249 251 5 3.14159 248 250 250 2 -2.67795 237 253 246 9 -2.43297 225 248 240 9 0.558599 232 252 247 4 0 237 249 249 2 3.14159 252 245 252 7 1.4289 255 253 255 11 3.14159 253 255 254 17 -2.85554 245 252 247 5 0 248 251 249 3 0.588003 250 252 252 3 1.24905 255 255 255 3 3.14159 255 255 255 0 0 
255 250 255 8 -1.5708 252 244 251 3 0.588003 251 249 248 6 0.463648 252 254 248 2 3.14159 248 254 249 10 -2.07789 239 244 243 2 1.10715 243 244 248 9 0.321751 243 248 251 6 -1.10715 228 244 243 10 1.0637 232 255 251 1 0.785398 233 254 255 6 -2.03444 232 247 250 3 1.89255 247 246 255 7 -0.694738 246 242 248 11 -0.54042 234 239 237 17 1.33971 250 255 252 4 -2.67795 249 254 252 1 3.14159 251 253 253 1 -0.785398 252 252 252 2 -0.463648 253 251 251 0 0 
251 255 255 5 -2.11122 248 251 249 5 1.19029 255 255 248 5 -1.9513 248 254 243 10 -2.85014 240 250 244 3 -0.982794 233 245 245 12 0.96007 243 253 255 9 -2.81984 237 249 255 30 -3.00904 228 247 255 44 3.02844 227 253 255 59 -3.09079 221 249 255 53 -3.06626 222 244 255 44 2.9131 243 252 255 37 -3.11457 247 252 255 15 -2.26553 235 243 242 13 0.732815 246 253 248 3 2.81984 248 253 251 6 2.81984 252 254 254 4 3.14159 254 255 253 3 -1.5708 251 252 250 0 0 
247 254 249 2 0 248 255 248 1 2.35619 251 255 246 14 -2.0032 235 244 234 9 1.15257 237 251 250 5 0.380506 232 251 255 19 -2.83571 215 244 255 53 -2.67795 184 219 239 55 -2.80835 162 201 223 41 -2.89661 149 192 213 37 3.06069 152 193 218 34 2.96692 159 199 224 41 2.74307 183 215 238 55 2.65376 216 242 255 48 2.97644 234 253 255 24 -2.97644 237 249 249 5 -0.380506 239 247 246 4 1.32582 246 251 250 5 2.35619 252 254 254 5 2.9442 253 255 254 0 0 
255 254 253 3 -1.89255 251 252 248 5 -2.35619 242 249 244 3 -1.5708 232 246 244 14 0.785398 236 252 255 30 -2.33294 198 229 250 57 -2.48055 139 194 225 48 -2.51892 95 166 203 7 -2.26553 83 161 198 8 -0.950547 76 153 192 16 0.380506 89 158 198 9 0.218669 93 159 200 5 1.03038 96 166 203 27 1.68145 136 194 223 45 2.37158 193 226 245 51 2.63449 234 252 255 21 -2.86329 236 247 251 4 -0.244979 239 247 246 3 1.24905 245 250 249 5 2.11122 250 255 254 0 0 
255 252 253 8 -2.35619 247 247 247 1 3.14159 236 248 248 7 1.2925 233 255 255 22 -1.97569 201 230 251 62 -2.31077 134 182 216 38 -2.3017 75 154 197 6 1.24905 65 160 209 13 0.298499 67 165 213 3 1.89255 74 166 217 3 3.14159 81 165 217 5 -2.2143 77 162 212 1 -0.785398 69 164 208 6 -0.463648 76 161 199 20 1.67046 121 181 211 54 2.00966 193 230 250 47 2.72553 232 251 255 8 -2.67795 238 248 248 1 -1.5708 239 247 247 5 0.927295 245 251 250 0 0 
251 246 248 1 -2.35619 242 245 249 3 0.982794 233 249 255 4 -2.03444 211 244 255 57 -1.90912 134 188 219 41 -2.33925 81 156 200 6 -0.165149 59 155 209 22 0.881872 67 171 230 17 -2.52134 61 161 219 4 0.244979 65 162 218 5 3.14159 69 162 218 1 3.14159 67 163 217 4 1.5708 64 168 221 12 -1.99742 55 159 206 11 -0.0906599 64 159 199 30 1.26988 118 188 217 59 2.01952 209 244 254 19 2.9341 235 248 250 4 2.67795 238 250 252 5 -0.197396 239 249 249 0 0 
242 247 246 2 2.03444 239 248 251 3 -2.81984 226 247 255 22 -1.24905 183 225 244 69 -1.97002 91 159 196 5 1.5708 73 162 212 7 1.97569 66 168 227 12 -2.07014 51 156 219 10 0.927295 65 165 223 8 -1.81578 60 158 212 7 0.588003 64 163 215 1 0.785398 62 164 216 1 -2.35619 57 163 216 5 1.3734 60 169 221 5 -2.49809 59 167 214 6 -1.89255 78 162 197 61 1.52166 183 225 238 36 2.59174 227 244 247 13 1.00407 242 254 255 11 -2.48055 235 247 251 0 0 
231 249 242 1 0 226 249 245 9 1.35213 226 255 255 55 -1.66146 151 198 219 38 -1.85977 86 159 197 4 0.463648 68 160 209 8 0.463648 63 162 220 3 0.321751 63 163 221 4 3.14159 68 166 214 4 3.14159 68 168 210 1 -1.5708 65 168 207 2 -0.463648 64 166 208 1 1.5708 69 164 213 0 0 67 164 214 2 -0.463648 62 164 213 2 -0.463648 81 164 202 27 1.5708 152 192 210 57 1.71024 231 251 255 5 -1.9513 229 245 251 5 1.3734 236 250 255 0 0 
230 251 243 2 0.463648 226 251 247 2 1.5708 219 251 255 61 -1.63628 138 188 208 22 -1.48014 88 163 202 6 1.40565 76 167 218 6 -2.97644 68 165 221 8 -2.35619 60 160 214 3 0 62 164 206 5 0.785398 66 170 205 3 2.81984 65 173 204 5 -2.49809 64 168 203 3 0.321751 71 166 210 2 1.10715 74 165 216 5 -2.9442 70 164 217 5 -2.60117 84 163 204 19 1.5708 144 184 203 63 1.61838 229 248 255 2 -2.03444 228 246 253 2 0.785398 232 248 255 0 0 
237 251 247 1 -1.5708 229 249 250 2 -1.10715 215 245 255 55 -1.5708 142 188 212 25 -1.12469 94 163 203 5 -2.9442 74 160 212 1 -2.35619 60 160 215 3 0.982794 58 165 216 1 0.785398 59 170 208 3 -1.89255 58 170 200 2 0 60 170 198 4 1.32582 65 172 205 2 -2.67795 70 167 211 4 -1.81578 68 160 211 2 -0.463648 68 158 212 2 0.785398 90 162 204 16 1.69515 143 180 200 66 1.3734 228 247 255 1 1.5708 232 248 255 3 -1.89255 231 244 252 0 0 
241 249 249 1 3.14159 236 248 252 3 -1.5708 220 244 255 44 -1.50272 157 198 223 42 -1.13839 89 158 198 3 1.24905 73 160 210 7 0.2783 62 162 216 5 0.380506 59 166 217 3 -2.81984 60 168 209 5 3.14159 62 170 204 3 -0.321751 62 169 202 5 0.197396 63 169 206 2 3.14159 65 166 211 3 -2.81984 66 163 213 5 -0.197396 67 162 212 5 -0.380506 84 161 200 31 1.60304 156 194 212 57 1.13839 229 247 254 2 0 233 246 254 2 -2.03444 233 245 251 0 0 
243 246 251 4 0.244979 241 246 255 4 3.14159 232 245 255 29 -1.50194 182 216 239 62 -1.12154 89 160 197 21 0.422854 75 170 214 7 3.14159 66 168 221 12 -2.64225 60 162 215 5 -0.54042 66 159 208 10 0.851966 77 168 213 5 2.9442 73 170 214 7 -2.26553 63 164 209 6 -0.165149 60 162 211 8 1.05165 64 169 218 10 -3.04192 59 171 214 8 -2.03444 74 163 197 58 1.2925 178 220 233 37 0.938047 235 249 255 3 -1.5708 234 246 252 1 1.5708 236 247 251 0 0 
247 250 254 8 -1.05165 239 243 248 6 1.73594 241 248 255 4 -1.81578 218 244 255 63 -1.4289 119 182 210 42 -0.442374 76 164 201 16 -0.244979 56 158 206 10 1.47113 65 167 220 1 -1.5708 74 165 216 5 -0.785398 74 160 212 5 2.9442 70 162 213 7 2.35619 69 168 218 3 -1.24905 63 166 215 7 -1.5708 56 161 205 5 1.76819 66 167 205 20 0.643501 103 180 207 73 0.99783 207 242 252 12 0.726642 237 250 252 4 -2.35619 237 246 249 4 1.32582 243 250 253 0 0 
248 255 254 12 -1.5708 236 245 242 8 0.785398 244 250 249 6 2.03444 237 255 255 35 -1.85685 180 220 238 51 -0.880996 114 180 209 48 -0.399515 65 161 201 26 0.345556 63 169 216 9 2.81984 71 170 220 16 -2.22649 62 156 209 5 0.197396 61 157 210 12 1.14417 70 169 219 9 -2.72337 61 168 212 10 -2.28963 65 160 199 28 0.885067 116 181 212 50 0.785398 176 217 239 47 0.710909 229 250 255 4 -1.32582 237 247 247 4 2.89661 242 247 248 6 1.40565 248 253 254 0 0 
248 255 252 6 -2.03444 244 251 246 5 -0.54042 244 248 243 3 -0.321751 236 246 246 9 1.78947 231 253 255 28 -1.74751 182 225 246 48 -0.948126 114 186 216 59 -0.433581 75 161 197 58 0.0344691 77 162 200 27 0.073939 81 163 204 16 0.0624188 84 163 206 11 -0.266252 81 161 202 27 -0.073939 75 162 196 56 0.304992 108 178 207 72 0.588003 180 217 239 46 0.892677 236 252 255 7 -2.55359 240 251 255 10 -2.1588 237 242 243 8 0.785398 244 249 248 7 1.1659 251 255 255 0 0 
250 253 251 2 2.03444 252 254 254 5 -1.3734 249 249 249 8 -0.785398 239 242 246 7 0.876058 240 247 255 7 2.35619 235 252 255 15 -2.12245 207 240 255 22 -1.20682 177 220 237 41 -0.768451 145 191 209 57 -0.156602 134 182 200 65 -0.061461 132 178 196 70 0.186223 147 190 209 63 0.406971 175 215 233 41 0.594759 207 238 253 15 0.643501 232 245 255 2 0.463648 242 247 255 4 -1.81578 241 244 248 4 0.785398 246 248 248 3 0.982794 249 251 251 2 0.785398 251 253 253 0 0 
251 251 251 5 0.927295 255 255 255 3 3.14159 255 254 255 7 -1.8491 248 247 251 6 -0.674741 242 242 248 7 0.2783 241 244 252 3 1.24905 238 247 255 1 1.5708 232 250 255 3 -0.588003 225 249 255 2 -2.67795 220 249 254 3 0 220 249 254 5 0.380506 226 250 255 1 0.785398 234 250 255 4 2.89661 240 250 255 8 -3.01724 246 248 255 5 -2.76109 248 247 251 1 0 248 247 249 3 0.588003 250 250 250 4 0.785398 253 253 253 1 0 253 253 253 0 0 
255 254 253 2 -1.10715 254 252 251 2 2.67795 255 253 253 4 3.14159 255 252 254 2 -1.10715 251 250 254 5 -0.785398 243 246 251 6 0.321751 240 249 253 5 2.2143 239 253 255 13 -2.57486 227 247 252 5 0.927295 229 251 255 2 2.35619 229 254 255 6 -2.81984 231 252 254 6 -2.46685 232 247 250 3 -1.5708 234 243 246 6 0.321751 243 244 248 8 0.463648 249 248 250 6 0.321751 251 251 251 2 0.785398 253 253 253 1 0.785398 254 254 254 0 0 254 254 254 0 0 
255 255 252 0 0 252 251 247 0 0 253 248 249 0 0 255 254 254 0 0 255 253 255 0 0 251 252 255 0 0 239 245 250 0 0 230 242 246 0 0 233 249 255 0 0 229 249 254 0 0 225 248 250 0 0 226 247 249 0 0 234 247 249 0 0 242 249 252 0 0 251 253 254 0 0 255 254 255 0 0 253 253 253 0 0 254 254 254 0 0 254 254 254 0 0 253 253 253 0 0 
