248 255 255 3 -2.81984 249 254 255 1 -0.785398 249 253 254 2 0.463648 254 254 254 5 -2.2143 252 250 250 5 0.197396 255 251 250 5 0.643501 255 255 251 1 2.35619 255 255 249 9 3.14159 255 255 247 5 3.14159 255 255 245 5 -2.76109 253 255 246 5 -1.19029 246 251 242 9 0.785398 253 255 254 6 -2.97644 252 254 254 4 2.89661 253 255 255 3 3.14159 253 255 255 6 3.14159 255 255 255 0 0 255 255 255 0 0 255 255 255 0 0 255 255 255 0 0 
247 252 253 4 0.785398 251 255 255 3 3.14159 253 255 255 7 -2.55359 251 251 251 5 0.785398 255 254 255 9 3.14159 255 254 255 2 -2.35619 255 253 252 7 -1.4289 250 247 243 8 0.463648 252 252 246 5 0 252 253 244 5 1.19029 255 255 251 5 3.14159 253 255 252 7 -2.1588 247 250 248 2 0.463648 250 250 250 5 0.380506 252 252 252 4 -0.785398 249 249 249 8 0.785398 255 255 255 0 0 255 255 255 0 0 255 255 255 0 0 255 255 255 0 0 
253 255 255 4 -2.35619 250 252 252 3 -0.982794 249 248 250 7 0.982794 255 254 255 9 -1.5708 250 245 247 8 1.05165 255 251 254 2 0.463648 255 253 255 1 0 255 253 255 1 0.785398 255 253 255 5 -2.49809 254 250 255 3 -0.588003 250 249 251 5 0.197396 251 251 251 3 3.14159 251 252 250 5 0.785398 255 255 254 7 3.14159 255 255 254 6 3.14159 255 255 254 3 3.14159 255 255 255 0 0 255 255 255 0 0 255 255 255 0 0 255 255 255 0 0 
254 252 251 3 2.55359 255 254 254 1 -0.785398 255 251 255 2 0.785398 255 254 255 15 -2.81984 254 250 249 7 0.785398 255 255 254 0 0 255 255 254 2 3.14159 255 254 255 5 -2.35619 253 248 255 4 1.32582 255 251 255 2 3.14159 255 252 255 7 -1.5708 248 247 251 9 0.86217 255 255 254 7 -1.5708 252 249 244 6 0.165149 253 250 246 6 0.463648 255 252 251 4 0.785398 255 255 255 0 0 255 255 255 0 0 255 255 255 0 0 255 255 255 0 0 
253 248 249 8 0.785398 255 254 255 2 3.14159 255 253 255 15 -1.5708 244 239 240 21 0.785398 255 255 249 7 3.14159 255 255 245 6 -2.81984 255 255 243 2 -2.03444 251 254 245 2 0.463648 250 251 255 1 1.5708 251 250 255 4 2.67795 253 252 255 4 -2.89661 254 253 255 1 0.785398 255 255 252 8 -3.01724 255 255 248 1 0.785398 255 255 252 0 0 255 255 254 3 3.14159 255 255 255 0 0 255 255 255 0 0 255 255 255 0 0 255 255 255 0 0 
255 254 255 2 -1.5708 255 251 255 3 2.55359 255 252 255 6 3.14159 255 253 255 7 -1.97569 250 251 242 7 0.141897 249 255 238 5 0.54042 250 255 241 2 0.463648 249 255 247 1 -0.785398 247 250 255 3 -0.982794 244 244 255 6 0.321751 247 247 255 4 2.03444 253 252 255 15 -2.58994 247 248 246 11 0.785398 255 255 251 1 3.14159 255 255 254 5 -2.60117 255 251 252 3 0.982794 255 255 255 0 0 255 255 255 0 0 255 255 255 0 0 255 255 255 0 0 
255 253 255 5 -2.11122 250 247 255 5 -0.197396 249 244 255 24 3.01724 250 249 255 101 3.1119 253 255 254 1 -1.5708 250 255 247 7 3.14159 249 255 247 0 0 247 255 254 1 3.14159 245 249 255 2 2.67795 244 246 255 30 -2.9442 240 241 255 76 -3.04975 235 237 255 99 3.01103 253 254 255 4 -2.89661 255 254 253 4 -1.32582 254 249 251 4 1.32582 255 253 255 1 0.785398 255 254 255 0 0 255 255 255 0 0 255 255 255 0 0 255 255 255 0 0 
250 249 255 3 0.982794 253 250 255 30 -1.76819 221 218 240 126 -2.51859 146 145 165 129 2.20812 250 252 255 17 -2.65164 238 247 251 8 0.950547 243 253 255 7 -2.9997 241 248 255 11 -3.05093 238 240 255 27 -1.82447 211 209 255 112 -2.66207 161 159 205 72 -2.71497 132 133 167 146 2.31274 246 247 255 58 3.07274 253 254 255 4 -2.03444 253 249 255 5 0.785398 255 253 255 2 3.14159 255 254 255 1 3.14159 255 255 255 4 3.14159 255 255 255 3 3.14159 255 255 255 0 0 
249 251 255 5 -1.3734 244 244 255 127 -1.5708 115 113 143 104 -2.66513 65 64 98 166 1.54068 231 231 255 204 3.08284 240 243 255 128 -3.10255 233 236 255 213 -3.11812 226 227 255 138 3.11986 227 222 255 192 -2.46685 107 99 182 61 -2.84548 91 84 157 63 -1.52321 30 27 82 149 1.59093 184 185 213 114 2.59222 248 249 255 98 3.12119 253 252 255 110 -3.12341 253 251 255 104 3.13198 254 253 255 144 -3.12076 251 251 251 102 3.13179 252 252 252 146 3.12105 255 255 255 0 0 
248 252 255 9 -2.43297 240 244 255 229 -1.85389 20 19 53 51 1.84381 68 67 107 78 -0.57744 24 24 64 88 1.61622 110 111 155 93 -1.27934 18 19 70 122 0.610726 85 84 150 71 -3.0155 76 67 157 29 -1.33395 45 37 130 52 2.13753 92 84 167 69 -1.44109 25 22 84 54 1.5153 83 85 119 65 1.14794 146 150 168 50 -0.197396 141 141 155 14 2.86329 147 146 155 43 -1.11746 110 109 111 66 0.625485 149 149 149 43 -1.52432 106 106 106 157 1.14417 249 249 249 0 0 
239 245 255 63 -1.55492 174 180 199 208 -2.18937 4 6 37 151 1.03605 134 133 173 161 -2.36929 20 20 60 130 1.1448 137 137 183 132 -3.01254 118 118 172 101 -1.5411 14 13 79 69 1.68622 83 76 161 70 -1.99625 17 11 98 97 0.974295 101 95 172 115 -2.43578 28 26 85 78 1.68567 110 112 146 107 0.877244 194 201 218 79 -1.93253 126 127 141 67 0.575758 164 166 174 23 -2.9694 162 164 165 39 -0.337878 151 151 151 32 2.4859 171 171 171 98 1.02514 255 255 255 0 0 
240 246 255 185 -1.55999 55 59 77 59 0.493941 83 84 112 82 -0.86217 20 19 51 120 0.493379 75 76 110 124 -0.561163 8 9 47 161 0.807229 123 124 168 112 -1.58865 9 9 63 167 0.291457 55 53 119 66 0.307397 75 72 141 106 -0.619161 15 13 73 109 0.0366808 21 21 67 252 0.667306 179 183 211 32 -0.44976 168 173 188 23 0.482513 183 185 196 43 -1.45504 141 143 151 58 1.2925 199 201 202 76 -1.64958 125 125 125 119 0.945688 222 222 222 46 0.785398 255 255 255 0 0 
244 249 255 135 -1.56339 109 113 124 140 0.215575 139 141 159 109 -0.100577 128 129 149 121 0.478352 184 185 205 83 -0.785398 125 126 147 123 0.0243854 126 127 153 128 0.400793 174 176 206 84 -0.617502 124 126 161 122 0.368349 168 169 207 85 -0.489957 128 131 162 146 0.688614 222 226 251 19 -0.714091 211 216 231 32 -0.741947 193 195 205 56 -0.0890496 189 191 199 43 -0.834539 159 159 165 40 0.996491 195 194 196 60 0 195 195 195 84 0.793801 255 255 255 6 3.14159 255 255 255 0 0 
248 251 255 3 0.321751 249 252 255 2 2.03444 251 253 255 13 -1.96559 239 240 250 12 0.610726 246 246 255 7 0.785398 251 251 255 2 -2.35619 249 249 255 2 2.67795 249 249 255 4 -1.81578 243 245 255 7 0.785398 246 250 255 4 -2.67795 244 250 255 5 -1.3734 241 246 255 7 -0.588003 239 243 248 14 0.737815 250 253 255 32 -1.63322 220 222 223 51 -0.868539 183 182 184 82 1.0637 255 255 255 3 -2.81984 254 254 254 5 -1.3734 249 249 249 3 0.588003 251 251 251 0 0 
253 255 254 4 -2.35619 250 253 251 3 -0.588003 250 250 250 5 0.54042 253 252 255 2 1.10715 255 252 255 4 -2.67795 253 249 255 2 -0.785398 251 247 255 4 0.463648 251 249 255 3 2.55359 251 252 255 5 -2.2143 247 249 255 5 0.643501 250 253 255 5 3.14159 250 254 255 1 0.785398 253 255 255 3 -2.1588 252 253 251 3 1.89255 255 255 252 32 -1.5708 225 224 220 41 0.785398 252 253 251 4 0.785398 255 255 255 4 -2.35619 252 252 252 3 0.588003 254 254 254 0 0 
252 253 249 4 0.785398 255 255 252 0 0 255 255 254 1 -1.5708 255 254 254 3 -1.24905 253 249 254 5 0.785398 255 253 255 0 0 255 252 255 5 -1.5708 250 247 255 5 0.380506 252 251 255 4 0.785398 253 255 255 6 -1.5708 247 249 249 8 0.785398 255 255 254 2 -1.5708 253 254 252 2 -0.785398 253 251 250 5 0.785398 255 255 252 3 -1.5708 254 253 249 4 0.785398 255 255 254 3 -1.5708 252 252 252 4 0.785398 255 255 255 4 -1.5708 251 251 251 0 0 
255 255 254 0 0 255 255 254 0 0 255 255 255 0 0 255 255 255 0 0 255 254 255 0 0 255 254 255 0 0 255 254 255 0 0 255 254 255 0 0 255 254 255 0 0 255 255 255 0 0 255 255 255 0 0 255 255 255 0 0 255 255 255 0 0 255 255 255 0 0 255 255 254 0 0 255 255 254 0 0 255 255 255 0 0 255 255 255 0 0 255 255 255 0 0 255 255 255 0 0 
255 255 255 0 0 255 255 255 0 0 255 255 255 0 0 255 255 255 0 0 255 255 255 0 0 255 255 255 0 0 255 255 255 0 0 255 255 255 0 0 255 255 255 0 0 255 255 255 0 0 255 255 255 0 0 255 255 255 0 0 255 255 255 0 0 255 255 255 0 0 255 255 255 0 0 255 255 255 0 0 255 255 255 0 0 255 255 255 0 0 255 255 255 0 0 255 255 255 0 0 
255 255 255 0 0 255 255 255 0 0 255 255 255 0 0 255 255 255 0 0 255 255 255 0 0 255 255 255 0 0 255 255 255 0 0 255 255 255 0 0 255 255 255 0 0 255 255 255 0 0 255 255 255 0 0 255 255 255 0 0 255 255 255 0 0 255 255 255 0 0 255 255 255 0 0 255 255 255 0 0 255 255 255 0 0 255 255 255 0 0 255 255 255 0 0 255 255 255 0 0 
255 255 255 0 0 255 255 255 0 0 255 255 255 0 0 255 255 255 0 0 255 255 255 0 0 255 255 255 0 0 255 255 255 0 0 255 255 255 0 0 255 255 255 0 0 255 255 255 0 0 255 255 255 0 0 255 255 255 0 0 255 255 255 0 0 255 255 255 0 0 255 255 255 0 0 255 255 255 0 0 255 255 255 0 0 255 255 255 0 0 255 255 255 0 0 255 255 255 0 0 
