255 255 250 3 2.81984 255 255 254 3 -1.5708 247 250 255 3 0.982794 244 254 255 4 -2.03444 240 254 250 4 0.244979 243 255 249 3 1.89255 253 255 254 6 -2.24554 239 249 255 4 0.785398 218 250 255 91 -2.67795 161 211 234 21 2.86329 163 219 238 63 2.59304 210 253 255 63 3.10986 251 252 255 2 0.785398 255 253 255 5 -2.76109 255 249 255 2 0 255 249 255 2 0.785398 255 253 255 3 -2.55359 255 252 253 3 -1.5708 255 250 249 6 0.674741 255 254 251 0 0 
255 251 248 5 0.785398 255 254 255 1 -2.35619 252 252 255 3 -2.81984 248 253 255 2 0.785398 248 255 252 4 -1.81578 242 255 247 4 0 242 253 251 4 0.463648 225 254 255 104 -2.24106 107 172 193 20 1.52084 108 193 219 42 -0.68573 75 168 189 67 0.363979 121 192 206 79 2.13074 236 255 255 65 -3.06482 254 246 255 6 0.896055 255 251 255 5 3.14159 255 251 255 3 -1.5708 254 250 255 3 0.321751 255 252 253 2 0.785398 255 255 252 8 3.14159 255 255 251 0 0 
255 253 255 1 -2.35619 255 253 254 5 -2.49809 255 249 252 4 1.10715 255 255 254 1 -2.35619 255 255 247 3 2.81984 248 255 249 0 0 230 255 255 76 -2.07536 126 192 203 47 -2.79998 53 179 203 70 0.83586 73 234 255 3 1.5708 71 239 255 81 -1.62014 22 154 177 74 0.632749 137 189 212 81 2.234 238 249 255 28 -2.9997 241 247 255 7 0.785398 251 253 255 0 0 255 253 255 1 3.14159 255 254 255 9 -2.1294 254 248 243 6 0.463648 255 251 244 0 0 
255 253 254 4 -1.5708 254 249 250 5 0.54042 255 251 255 2 0.463648 252 253 255 3 -1.89255 249 251 251 5 0.785398 236 255 255 50 -2.31397 163 222 232 108 -2.3758 44 149 168 87 1.05591 65 230 255 5 1.5708 40 238 255 3 -2.81984 33 240 255 18 -1.9614 45 219 242 66 -1.42042 44 142 172 97 1.08872 173 223 251 82 2.7814 223 253 255 47 3.14159 237 253 255 17 -3.08284 243 252 255 4 -1.32582 246 249 253 5 0.643501 255 254 250 2 1.10715 255 255 249 0 0 
249 255 250 2 2.67795 248 255 255 6 3.14159 243 253 255 25 -3.06176 235 249 255 55 3.10525 234 251 255 102 -2.80446 173 219 243 97 -2.1673 43 143 172 63 0.807617 48 194 224 47 0.770474 51 231 255 3 2.55359 35 237 255 7 -2.35619 23 236 251 7 0 35 234 250 34 -1.1466 38 195 221 47 -0.859887 39 153 183 79 0.829617 141 208 235 39 2.28489 195 236 255 72 2.90335 220 255 255 85 -3.12983 231 254 255 39 3.14159 249 254 255 1 0.785398 255 255 254 0 0 
233 255 252 4 -0.785398 219 252 255 51 -2.76468 177 231 248 79 -2.72846 132 198 223 44 -2.03444 89 157 186 55 0.144442 74 167 200 51 0.358771 46 189 226 46 0.892677 53 229 255 7 -2.55359 35 229 255 5 3.14159 25 233 255 7 1.2925 26 244 255 10 2.42276 37 250 255 26 -2.57486 37 231 254 14 -1.13839 49 214 241 29 -0.809784 67 189 213 44 -0.321751 76 173 193 53 0.037718 87 175 192 60 0.831876 155 217 233 61 2.43648 230 255 255 73 -3.04599 239 247 254 0 0 
220 255 255 63 -2.11935 137 203 221 56 -2.25653 38 164 189 61 0.347386 33 188 214 46 0.84593 69 222 249 11 3.05093 62 224 252 1 -1.5708 41 224 255 4 2.89661 28 227 255 5 -2.49809 18 225 255 9 0.86217 20 234 255 10 -2.85014 13 236 251 8 -1.05165 8 229 243 16 0.999459 31 239 255 7 2.9997 39 240 255 8 3.01724 49 244 252 8 -2.78282 56 239 248 10 -1.9513 60 224 243 43 -1.45504 53 175 197 54 0.258252 124 184 200 75 1.82542 223 255 255 0 0 
185 217 246 57 -1.39713 91 164 194 55 2.01832 68 222 255 16 -2.76109 26 221 255 7 -1.71269 21 216 244 14 0.982794 31 229 255 7 -2.35619 19 224 252 1 1.5708 17 224 255 7 1.1659 20 231 255 10 -2.1588 10 224 253 13 0.942 21 238 255 3 -2.55359 20 236 255 7 -2.86329 24 231 255 0 0 22 234 251 3 0.321751 14 240 245 5 2.9442 19 241 246 1 -2.35619 32 232 255 7 0.785398 77 230 255 59 -1.80765 87 165 188 59 2.05683 173 215 234 0 0 
207 223 255 93 -1.344 79 135 176 64 1.15572 62 201 250 72 3.03094 29 216 255 34 3.08284 29 222 255 16 -3.07917 25 223 251 5 3.14159 21 225 250 4 1.81578 23 228 255 6 -2.81984 20 224 255 5 1.9513 26 229 255 9 3.14159 30 231 255 8 -2.35619 27 225 249 5 1.03038 34 230 254 6 2.67795 34 235 254 10 -2.42276 18 232 243 5 1.03038 21 236 251 8 2.52134 33 235 255 40 -2.7886 58 214 250 103 -2.36989 57 136 163 99 1.29663 187 229 252 0 0 
241 245 255 86 -1.5708 119 161 198 70 -0.584081 9 125 178 46 1.46253 16 175 231 42 2.65711 26 200 247 47 2.92753 25 214 253 18 2.92292 22 223 250 1 -0.785398 16 223 249 5 0.380506 16 223 255 2 -1.5708 17 220 253 3 0.982794 31 223 252 3 0.982794 38 227 252 4 -1.10715 32 223 248 1 1.5708 29 225 249 6 0.674741 28 229 255 10 -2.63449 26 221 255 60 -2.7 16 190 233 67 -2.30361 5 136 176 29 1.80765 96 160 190 103 0.985482 214 245 255 0 0 
249 252 255 27 -1.60782 194 224 243 97 -1.26852 48 127 176 67 0.0447462 14 130 195 17 2.39617 4 144 211 38 1.77829 21 188 245 25 1.12469 23 220 255 3 0.982794 14 228 255 8 -2.78282 9 226 251 0 0 14 226 250 4 2.35619 31 228 250 9 2.81984 38 230 253 6 -1.89255 26 224 248 6 1.89255 31 227 255 14 -2.35619 24 211 255 51 -1.62955 0 154 214 16 -1.44644 16 135 191 22 -2.57828 44 121 167 117 0.918748 184 214 241 50 0.785398 243 250 255 0 0 
250 255 245 3 1.89255 236 255 255 55 -1.5708 145 193 235 90 -1.01337 29 114 176 33 0.530216 9 133 204 65 1.046 34 196 255 17 0.904827 23 221 255 9 -2.27942 6 220 249 5 2.11122 9 226 252 5 -2.49809 13 222 248 6 -0.463648 24 216 246 10 1.67046 36 225 255 10 -2.49809 19 221 250 2 -0.785398 17 216 255 8 -0.358771 21 204 255 46 -1.41978 5 152 222 39 -1.20907 25 111 171 79 1.38081 146 188 233 77 0.84953 237 249 255 2 3.14159 253 251 255 0 0 
244 255 243 4 1.5708 241 255 255 7 -1.8491 220 241 255 96 -1.49801 83 143 195 34 0.661043 38 169 232 38 1.1659 33 211 255 9 -2.81984 14 216 255 5 -2.35619 4 216 247 6 0.674741 15 218 253 9 2.27942 29 222 255 11 -2.11122 25 208 255 3 2.1588 26 211 255 5 2.2143 21 220 255 5 2.2143 22 223 255 8 -2.67795 21 213 255 39 -1.69831 18 168 232 40 -1.08517 51 126 182 114 1.4746 211 240 255 5 1.3734 241 249 255 2 2.03444 255 254 255 0 0 
247 255 245 4 0.463648 244 254 254 2 0.785398 239 250 255 76 -1.64958 119 173 214 9 1.98902 48 188 241 11 1.66146 15 205 255 4 0.463648 10 212 251 5 1.03038 16 219 254 10 -2.42276 20 207 251 13 0.528074 34 209 255 46 -3.01189 32 197 255 66 3.1113 30 200 255 37 3.0339 23 212 255 5 -2.9442 17 214 255 3 -0.321751 16 211 255 15 -1.5708 37 191 242 45 -1.28351 65 139 187 104 1.59002 217 241 255 10 2.85014 241 250 255 3 -0.588003 250 251 249 0 0 
255 253 255 4 3.14159 253 253 255 6 -1.73594 231 246 255 74 -1.50333 108 175 202 12 1.65394 40 191 235 16 1.38545 15 211 255 1 0.785398 16 215 254 6 -1.89255 17 207 248 13 1.64757 41 215 255 76 -2.41169 1 157 227 30 -2.09407 0 121 217 33 1.20146 9 155 245 41 2.09887 29 202 255 45 2.98727 27 217 255 20 -2.9442 23 215 252 2 -0.785398 53 209 244 59 -1.58774 60 140 181 96 1.467 202 233 255 16 1.44644 241 254 255 2 -2.03444 251 255 250 0 0 
255 246 255 5 0.643501 254 251 255 3 3.14159 231 253 255 80 -1.5583 103 176 198 16 1.38545 45 195 236 14 1.8491 23 211 255 5 -0.380506 25 209 255 16 -2.83871 29 201 253 58 -2.32007 2 153 214 18 -2.6292 5 136 215 6 2.97644 17 129 229 17 -3.02448 11 128 225 23 2.60117 5 152 222 37 2.1294 25 192 243 40 2.67795 36 214 255 33 -2.99122 61 207 243 48 -1.69515 79 151 185 88 1.63887 209 236 255 13 1.2723 242 253 255 1 0.785398 251 255 254 0 0 
255 250 255 4 -1.81578 249 248 255 5 0.785398 225 255 255 78 -1.59643 104 178 202 15 0.605545 55 187 234 46 2.61976 50 209 255 52 -2.68649 25 184 250 56 -2.59811 8 152 223 39 -2.64425 12 130 202 13 3.06482 29 127 205 10 -1.86225 28 112 201 39 -0.12751 19 108 196 47 0.255182 17 125 203 16 1.81578 17 145 216 41 2.61352 21 170 237 56 2.74135 69 193 247 94 -2.60664 92 144 174 103 1.24599 229 242 255 10 1.3734 246 254 255 2 -2.35619 248 253 255 0 0 
255 251 255 1 1.5708 253 253 255 7 -2.86329 230 253 255 63 -1.53906 135 190 211 69 -0.683709 50 143 188 21 0.817645 45 158 215 40 -2.49809 19 132 195 17 -1.98321 14 114 178 54 0.0554985 40 116 175 86 0.127216 65 125 184 116 0.2783 101 156 217 87 0.0229845 101 158 220 88 -0.443448 54 121 182 112 -0.143158 26 107 168 95 0.0525831 15 114 176 65 -0.107279 25 109 157 106 0.665969 145 178 198 87 0.865869 238 246 253 10 0.643501 246 252 255 2 -0.463648 245 251 255 0 0 
255 254 253 6 -1.5708 248 249 247 9 0.785398 251 255 255 11 -1.5708 226 242 254 83 -1.43903 122 155 188 86 -0.365518 80 122 164 122 0.00819654 81 123 165 131 0.348123 133 169 205 83 0.431573 179 206 232 57 0.699193 221 245 255 7 1.2925 228 252 255 5 -1.5708 223 247 255 8 -0.950547 216 240 255 33 -1.29663 183 208 228 50 -0.516695 154 182 206 70 0.172191 170 195 215 62 0.672247 223 235 245 25 0.785398 248 254 255 0 0 250 254 255 1 -2.35619 249 254 255 0 0 
250 255 250 0 0 255 255 251 0 0 255 255 252 0 0 255 253 255 0 0 231 235 255 0 0 234 243 255 0 0 241 246 255 0 0 241 246 255 0 0 250 253 255 0 0 246 251 250 0 0 250 255 255 0 0 250 255 255 0 0 252 253 251 0 0 255 255 255 0 0 255 253 255 0 0 249 245 251 0 0 251 254 255 0 0 248 254 255 0 0 249 254 255 0 0 248 253 255 0 0 
