255 255 255 1 -1.5708 254 254 254 1 0 254 254 254 1 0.785398 255 255 255 0 0 255 255 255 0 0 255 255 255 1 3.14159 255 255 255 0 0 255 255 255 0 0 255 255 255 25 -1.98092 232 232 232 5 -0.197396 231 231 231 24 1.32582 255 255 255 9 -3.03094 254 254 254 1 0.785398 255 255 255 0 0 255 255 255 1 -1.5708 254 254 254 1 1.5708 255 255 255 0 0 255 255 255 0 0 255 255 255 0 0 255 255 255 0 0 
255 255 255 2 3.14159 255 255 255 1 3.14159 255 255 255 1 3.14159 255 255 255 1 3.14159 255 255 255 1 -2.35619 254 254 254 1 0.785398 255 255 255 0 0 255 255 255 10 -1.5708 245 245 245 10 -2.28963 237 237 237 14 0 237 237 237 15 0.605545 246 246 246 11 2.23184 255 255 255 0 0 255 255 255 0 0 255 255 255 1 -1.5708 254 254 254 1 0.785398 255 255 255 2 3.14159 255 255 255 1 3.14159 255 255 255 1 3.14159 255 255 255 0 0 
253 253 253 2 0.463648 254 254 254 1 0 254 254 254 1 0 254 254 254 1 0 254 254 254 1 0.785398 255 255 255 0 0 255 255 255 2 3.14159 255 255 255 17 -1.85685 238 238 238 13 1.7976 251 251 251 4 -0.244979 250 250 250 11 -1.30454 239 239 239 16 1.69515 255 255 255 8 3.14159 255 255 255 2 3.14159 255 255 255 0 0 255 255 255 2 -1.5708 253 253 253 2 0.463648 254 254 254 1 0 254 254 254 1 0.785398 255 255 255 0 0 
255 255 255 2 3.14159 255 255 255 1 3.14159 255 255 255 0 0 255 255 255 0 0 255 255 255 0 0 255 255 255 2 -1.5708 253 253 253 3 -1.5708 250 250 250 15 -1.8314 235 235 235 21 1.23412 255 255 255 2 -2.03444 253 253 253 16 -1.5708 237 237 237 13 0.837981 247 247 247 9 2.43297 253 253 253 2 1.5708 255 255 255 0 0 255 255 255 0 0 255 255 255 0 0 255 255 255 0 0 255 255 255 1 3.14159 255 255 255 0 0 
253 253 253 1 0.785398 254 254 254 1 0.785398 255 255 255 0 0 255 255 255 1 3.14159 255 255 255 0 0 255 255 255 2 -2.03444 253 253 253 9 -2.27942 246 246 246 7 -2.55359 242 242 242 16 0.785398 254 254 254 1 -0.785398 253 253 253 7 -1.2925 246 246 246 10 -0.588003 240 240 240 13 1.64757 253 253 253 4 2.67795 255 255 255 2 3.14159 255 255 255 2 3.14159 255 255 255 2 3.14159 255 255 255 1 -2.35619 254 254 254 1 -0.785398 253 253 253 0 0 
254 254 254 1 1.5708 255 255 255 0 0 255 255 255 1 -2.35619 254 254 254 6 2.97644 255 255 255 10 -3.04192 254 254 254 12 -2.53087 247 247 247 10 -2.42276 240 240 240 15 1.97569 254 254 254 1 0.785398 255 255 255 2 3.14159 255 255 255 1 3.14159 255 255 255 16 -1.75614 239 239 239 10 1.27934 249 249 249 8 2.67795 253 253 253 11 3.14159 253 253 253 13 3.14159 253 253 253 1 2.35619 254 254 254 2 2.67795 255 255 255 2 3.14159 255 255 255 0 0 
254 254 254 26 3.10315 255 255 255 21 -3.09401 254 254 254 17 -2.78282 248 248 248 10 -2.85014 245 245 245 5 -2.9442 244 244 244 5 -1.03038 239 239 239 14 -0.343024 234 234 234 29 0.809784 255 255 255 2 -2.03444 253 253 253 2 0.463648 254 254 254 2 -1.10715 252 252 252 10 -1.47113 242 242 242 13 -0.0767719 241 241 241 7 0.141897 242 242 242 5 -0.380506 240 240 240 13 1.17601 252 252 252 12 3.14159 252 252 252 15 3.07502 253 253 253 21 3.14159 253 253 253 0 0 
228 228 228 6 1.40565 234 234 234 12 0.321751 238 238 238 17 0 238 238 238 13 0.152649 240 240 240 16 0.436627 247 247 247 8 0.785398 253 253 253 1 2.35619 254 254 254 1 0 254 254 254 1 0.785398 255 255 255 0 0 255 255 255 2 -1.5708 253 253 253 2 0.785398 255 255 255 7 -1.8491 248 248 248 6 -0.165149 247 247 247 8 -0.244979 245 245 245 9 -0.558599 240 240 240 15 -0.197396 237 237 237 17 -0.286051 232 232 232 12 -0.321751 228 228 228 0 0 
229 229 229 31 0.579074 246 246 246 15 2.53605 255 255 255 14 -2.86329 251 251 251 5 0.785398 255 255 255 2 -1.5708 253 253 253 3 -2.81984 252 252 252 4 0.785398 255 255 255 0 0 255 255 255 0 0 255 255 255 1 3.14159 255 255 255 0 0 255 255 255 2 -2.03444 253 253 253 1 2.35619 254 254 254 1 0.785398 255 255 255 2 -1.5708 253 253 253 2 0.785398 255 255 255 1 -1.5708 254 254 254 16 -2.4859 244 244 244 13 -1.96559 232 232 232 0 0 
255 255 255 22 -1.5708 233 233 233 16 0.519146 241 241 241 14 1.6421 255 255 255 15 3.14159 255 255 255 5 -1.5708 250 250 250 7 0.785398 255 255 255 0 0 255 255 255 2 3.14159 255 255 255 1 -1.5708 254 254 254 1 0.785398 255 255 255 1 -1.5708 254 254 254 2 -1.10715 252 252 252 3 0.982794 255 255 255 0 0 255 255 255 0 0 255 255 255 2 3.14159 255 255 255 23 -2.50657 241 241 241 2 -2.35619 239 239 239 16 1.05165 253 253 253 0 0 
255 255 255 8 -2.03444 247 247 247 10 -0.71883 240 240 240 12 0 240 240 240 16 1.9513 255 255 255 13 3.14159 255 255 255 0 0 255 255 255 2 -1.5708 253 253 253 2 1.5708 255 255 255 0 0 255 255 255 1 3.14159 255 255 255 0 0 255 255 255 1 -1.5708 254 254 254 1 0.785398 255 255 255 0 0 255 255 255 3 -2.55359 253 253 253 20 -2.18546 236 236 236 4 0.785398 239 239 239 16 0.519146 247 247 247 11 0.785398 255 255 255 0 0 
251 251 251 5 0.785398 255 255 255 4 -2.35619 252 252 252 18 -1.40565 234 234 234 19 0.418224 242 242 242 15 2.12245 255 255 255 11 3.14159 255 255 255 2 -1.5708 253 253 253 2 0.785398 255 255 255 2 -2.67795 254 254 254 2 2.67795 255 255 255 1 3.14159 255 255 255 0 0 255 255 255 1 3.14159 255 255 255 3 -1.89255 252 252 252 12 -2.07014 241 241 241 9 -2.92292 239 239 239 21 0.71883 253 253 253 2 0.785398 255 255 255 2 -2.67795 254 254 254 0 0 
255 255 255 3 -1.5708 252 252 252 3 1.24905 255 255 255 3 -1.5708 252 252 252 18 -1.40565 234 234 234 11 1.03038 244 244 244 11 1.5708 255 255 255 1 3.14159 255 255 255 2 -1.5708 253 253 253 2 -0.463648 252 252 252 2 0.785398 254 254 254 1 0.785398 255 255 255 1 -2.35619 254 254 254 0 0 254 254 254 8 -1.44644 246 246 246 14 -1.4289 232 232 232 23 1.44109 255 255 255 0 0 255 255 255 3 -2.55359 253 253 253 2 2.35619 255 255 255 0 0 
255 255 255 3 -2.55359 253 253 253 2 0.785398 255 255 255 0 0 255 255 255 15 -1.89255 240 240 240 5 0.927295 244 244 244 12 0.896055 254 254 254 2 2.67795 255 255 255 0 0 255 255 255 1 -1.5708 254 254 254 1 0.785398 255 255 255 1 -1.5708 254 254 254 1 0 254 254 254 1 0.785398 255 255 255 7 -1.5708 248 248 248 13 -1.2723 235 235 235 20 1.32582 255 255 255 5 -2.49809 252 252 252 3 -0.321751 251 251 251 5 0.785398 255 255 255 0 0 
252 252 252 4 0.785398 255 255 255 3 3.14159 255 255 255 5 -1.5708 250 250 250 8 -0.950547 243 243 243 10 2.1588 252 252 252 3 3.14159 252 252 252 4 0.785398 255 255 255 2 3.14159 255 255 255 2 3.14159 255 255 255 1 3.14159 255 255 255 0 0 255 255 255 0 0 255 255 255 1 3.14159 255 255 255 3 -1.5708 252 252 252 12 -1.65394 240 240 240 11 1.66146 251 251 251 5 0.785398 255 255 255 0 0 255 255 255 0 0 255 255 255 0 0 
255 255 255 3 -1.5708 252 252 252 3 0.982794 255 255 255 0 0 255 255 255 18 -1.62629 237 237 237 12 1.48766 249 249 249 6 1.10715 255 255 255 2 -1.5708 253 253 253 2 0 253 253 253 2 2.67795 254 254 254 14 3.07029 255 255 255 17 3.14159 255 255 255 7 -2.9997 254 254 254 1 0.785398 255 255 255 4 -1.5708 251 251 251 12 -1.65394 239 239 239 16 1.5708 255 255 255 2 3.14159 255 255 255 0 0 255 255 255 2 -2.35619 253 253 253 0 0 
255 255 255 1 -1.5708 254 254 254 2 2.67795 255 255 255 1 -1.5708 254 254 254 16 -1.5708 238 238 238 14 1.3597 252 252 252 3 1.5708 255 255 255 6 3.14159 255 255 255 15 -2.88099 251 251 251 24 -2.67795 240 240 240 4 -0.463648 238 238 238 14 0.785398 248 248 248 14 2.64765 255 255 255 20 3.14159 255 255 255 5 -1.76819 250 250 250 12 -1.14417 239 239 239 14 1.6421 253 253 253 3 2.55359 255 255 255 2 -1.5708 253 253 253 2 1.10715 255 255 255 0 0 
255 255 255 3 -1.5708 252 252 252 3 1.24905 255 255 255 1 -1.5708 254 254 254 13 -1.7976 241 241 241 12 1.99742 252 252 252 5 -2.49809 249 249 249 9 -1.98902 240 240 240 11 -1.83705 229 229 229 30 0.523278 244 244 244 8 0.463648 248 248 248 14 -1.07685 235 235 235 20 0 235 235 235 21 1.08632 254 254 254 17 3.08284 255 255 255 24 -2.35619 238 238 238 13 1.17601 250 250 250 6 2.24554 255 255 255 1 -1.5708 254 254 254 1 0.785398 255 255 255 0 0 
255 255 255 2 -1.5708 253 253 253 2 1.10715 255 255 255 4 -1.5708 251 251 251 16 -1.9513 236 236 236 16 2.31274 248 248 248 8 -2.78282 245 245 245 9 -1.0122 237 237 237 24 0.844154 255 255 255 3 -1.5708 252 252 252 4 0.785398 255 255 255 0 0 255 255 255 10 -1.5708 245 245 245 10 -0.851966 237 237 237 11 0.0906599 238 238 238 5 1.19029 243 243 243 14 2.9305 246 246 246 9 1.98902 255 255 255 1 3.14159 255 255 255 0 0 255 255 255 0 0 
255 255 255 0 0 254 254 254 0 0 255 255 255 0 0 245 245 245 0 0 225 225 225 0 0 240 240 240 0 0 250 250 250 0 0 253 253 253 0 0 255 255 255 0 0 255 255 255 0 0 255 255 255 0 0 255 255 255 0 0 252 252 252 0 0 248 248 248 0 0 240 240 240 0 0 229 229 229 0 0 242 242 242 0 0 254 254 254 0 0 255 255 255 0 0 255 255 255 0 0 
