7 7 7 7 -2.1588 1 1 1 12 0.426627 6 6 6 6 1.73594 12 12 12 5 1.3734 17 17 17 8 2.78282 20 20 20 6 -2.03444 14 14 14 5 0.927295 18 18 18 4 -0.463648 16 16 16 7 0.2783 18 18 18 7 -0.141897 17 17 17 9 -0.218669 15 15 15 8 0.358771 18 18 18 2 1.10715 20 20 20 6 -1.89255 14 14 14 9 -1.15257 5 5 5 15 -0.260602 1 1 1 13 1.20362 14 14 14 14 -1.8491 0 0 0 2 0.785398 2 2 2 0 0 
3 3 3 9 1.24905 12 12 12 7 -1.1659 5 5 5 9 2.1294 13 13 13 14 -0.2783 9 9 9 17 0.463648 17 17 17 2 0 17 17 17 6 0.896055 22 22 22 1 2.35619 23 23 23 2 1.10715 25 25 25 1 1.5708 26 26 26 3 -1.5708 23 23 23 4 -1.10715 19 19 19 1 -1.5708 18 18 18 4 3.14159 18 18 18 2 2.35619 20 20 20 14 -1.49949 6 6 6 8 0.519146 10 10 10 9 -2.1294 2 2 2 3 -0.321751 1 1 1 0 0 
6 6 6 9 1.5708 15 15 15 18 -2.1588 0 0 0 36 0.823841 27 27 27 19 -3.03672 25 25 25 13 -2.67795 19 19 19 5 0.380506 21 21 21 0 0 21 21 21 11 0.266252 24 24 24 5 0.197396 25 25 25 3 0.321751 26 26 26 2 -0.463648 25 25 25 6 -1.10715 19 19 19 9 -0.558599 14 14 14 10 0.197396 16 16 16 5 1.03038 21 21 21 9 -2.1294 13 13 13 10 -0.851966 5 5 5 3 3.14159 5 5 5 6 -0.896055 0 0 0 0 0 
6 6 6 8 -0.124355 5 5 5 20 1.52084 25 25 25 19 -2.10252 8 8 8 18 0.270947 13 13 13 11 1.66146 24 24 24 3 -0.982794 21 21 21 17 0.702257 32 32 32 4 -2.35619 29 29 29 3 -0.321751 28 28 28 6 0 28 28 28 5 0 28 28 28 2 -0.463648 27 27 27 5 -0.643501 24 24 24 7 -0.694738 19 19 19 5 -0.643501 16 16 16 4 2.03444 20 20 20 18 -1.40565 2 2 2 7 1.1659 9 9 9 8 -1.44644 1 1 1 0 0 
14 14 14 8 -1.81578 6 6 6 12 0.844154 15 15 15 11 1.75065 26 26 26 17 -2.19105 12 12 12 26 0.546789 26 26 26 11 2.35619 34 34 34 5 -1.3734 29 29 29 3 1.24905 32 32 32 2 0.785398 34 34 34 5 -0.197396 33 33 33 6 -0.463648 30 30 30 2 0.463648 31 31 31 3 -2.81984 30 30 30 7 -1.8491 23 23 23 9 -1.35213 14 14 14 9 1.15257 23 23 23 18 -1.68145 5 5 5 7 0.694738 10 10 10 8 -1.5708 2 2 2 0 0 
12 12 12 2 1.5708 14 14 14 13 -3.06482 13 13 13 14 0.211093 16 16 16 21 1.08632 35 35 35 30 -2.54442 18 18 18 22 0.847817 35 35 35 5 -1.5708 30 30 30 5 0.785398 34 34 34 7 0.694738 39 39 39 4 0 39 39 39 8 -1.05165 32 32 32 7 -0.588003 28 28 28 5 0 28 28 28 3 -0.982794 25 25 25 7 -1.2925 18 18 18 7 0.404892 21 21 21 11 -2.03444 11 11 11 6 -0.165149 10 10 10 6 -2.03444 4 4 4 0 0 
12 12 12 11 -1.48014 1 1 1 32 0.939717 27 27 27 15 -3.07502 26 26 26 28 -2.53379 10 10 10 150 0.153154 33 33 33 21 3.04664 35 35 35 6 -2.97644 34 34 34 6 1.10715 40 40 40 3 1.89255 43 43 43 6 3.14159 43 43 43 8 -2.52134 38 38 38 5 -1.76819 33 33 33 3 -1.24905 30 30 30 4 -2.35619 27 27 27 6 -2.81984 25 25 25 10 -2.1588 16 16 16 4 2.89661 17 17 17 10 -1.19029 7 7 7 2 -2.67795 6 6 6 0 0 
13 13 13 7 1.97569 20 20 20 10 -2.2143 12 12 12 33 -0.274167 3 3 3 165 1.23755 159 159 159 156 -1.21277 12 12 12 24 0.785398 29 29 29 32 0.252554 37 37 37 25 0.07983 39 39 39 24 -0.0831412 37 37 37 10 -0.0996687 36 36 36 39 0.0256354 37 37 37 22 -0.135528 34 34 34 42 -0.165149 27 27 27 22 -0.266252 21 21 21 26 -0.0767719 19 19 19 33 -0.209023 12 12 12 49 0.181649 21 21 21 18 -2.08319 5 5 5 6 0.165149 6 6 6 0 0 
10 10 10 6 2.46685 14 14 14 31 1.27934 44 44 44 13 1.41815 57 57 57 209 0.849716 214 214 214 268 -2.37994 29 29 29 151 0.206474 60 60 60 124 0.0161276 62 62 62 148 0.00675665 63 63 63 132 -0.120624 47 47 47 78 0.366256 75 75 75 161 -0.0990536 59 59 59 117 0.145516 76 76 76 95 -0.285463 49 49 49 174 -0.0114937 47 47 47 134 0.0372961 52 52 52 116 0.0774311 61 61 61 90 -0.572666 12 12 12 6 -0.165149 11 11 11 9 -2.35619 4 4 4 0 0 
5 5 5 21 1.02225 23 23 23 28 2.1786 46 46 46 154 1.83307 195 195 195 197 -2.0548 20 20 20 157 1.5708 177 177 177 13 0.528074 184 184 184 27 1.90404 210 210 210 68 -2.92134 195 195 195 83 -2.01832 120 120 120 138 0.996849 236 236 236 112 -2.56597 175 175 175 39 -2.964 168 168 168 55 1.4982 223 223 223 157 -2.872 181 181 181 13 -1.20362 168 168 168 68 -2.67141 137 137 137 125 -1.8875 18 18 18 22 -2.48055 4 4 4 7 -0.141897 3 3 3 0 0 
16 16 16 11 -2.23184 7 7 7 9 -0.110657 6 6 6 97 1.61201 103 103 103 112 -0.829395 20 20 20 175 1.29954 189 189 189 172 -3.06038 175 175 175 163 -2.9442 143 143 143 116 3.00335 159 159 159 138 2.87913 195 195 195 180 -2.84431 142 142 142 116 -3.08991 136 136 136 107 2.7992 172 172 172 180 -2.54899 71 71 71 122 1.92096 186 186 186 193 -2.7218 107 107 107 49 -2.95994 98 98 98 107 -2.00126 0 0 0 21 0.524796 11 11 11 9 0.110657 12 12 12 0 0 
9 9 9 8 2.08994 16 16 16 14 -1.6421 2 2 2 177 1.5031 179 179 179 187 -2.50023 67 67 67 65 -2.28107 17 17 17 3 -0.588003 15 15 15 25 0.533708 28 28 28 10 -0.291457 25 25 25 19 -0.156602 22 22 22 15 0.260602 26 26 26 19 0.486899 35 35 35 18 -0.785398 22 22 22 11 0.661043 29 29 29 20 -1.3734 9 9 9 49 1.40896 58 58 58 37 -3.00727 53 53 53 54 -2.47255 19 19 19 3 2.81984 20 20 20 23 -2.14717 0 0 0 0 0 
5 5 5 12 0.896055 15 15 15 10 -0.0996687 14 14 14 15 1.43824 29 29 29 16 -2.83871 24 24 24 4 -2.03444 20 20 20 19 1.03907 37 37 37 5 2.9442 38 38 38 6 1.73594 44 44 44 9 -2.27942 37 37 37 9 0.708626 43 43 43 5 1.76819 48 48 48 25 -2.41169 31 31 31 2 0.785398 33 33 33 16 -1.32582 17 17 17 15 0.260602 21 21 21 11 -1.91957 10 10 10 10 0.588003 16 16 16 10 -0.982794 7 7 7 3 -2.55359 5 5 5 0 0 
13 13 13 14 2.1588 25 25 25 22 -2.7367 16 16 16 9 -0.321751 13 13 13 9 1.89255 22 22 22 10 0.927295 30 30 30 2 0.785398 32 32 32 10 2.63449 37 37 37 3 2.81984 38 38 38 8 2.35619 44 44 44 10 -2.9442 42 42 42 13 -1.93797 29 29 29 9 0.418224 33 33 33 6 2.46685 37 37 37 13 -2.77442 32 32 32 15 -1.50423 17 17 17 8 2.89661 19 19 19 4 2.35619 22 22 22 19 -1.94169 4 4 4 5 0.54042 7 7 7 0 0 
5 5 5 13 -0.0767719 4 4 4 21 1.66575 25 25 25 16 -1.9513 10 10 10 24 0.844154 28 28 28 20 2.9442 32 32 32 11 -2.23184 23 23 23 14 0.885067 34 34 34 6 -2.81984 32 32 32 2 1.5708 34 34 34 5 2.49809 37 37 37 4 2.89661 38 38 38 13 -2.30361 28 28 28 5 -2.35619 24 24 24 13 0.732815 33 33 33 30 -2.2143 9 9 9 13 0.566729 16 16 16 1 -0.785398 15 15 15 10 -2.55359 9 9 9 2 -2.03444 7 7 7 0 0 
18 18 18 18 -2.1294 2 2 2 17 1.28474 19 19 19 9 2.35619 26 26 26 20 -2.03444 8 8 8 19 1.0839 25 25 25 9 2.27942 32 32 32 8 -2.67795 28 28 28 4 1.81578 32 32 32 3 -2.55359 30 30 30 3 2.1588 33 33 33 5 -2.35619 29 29 29 5 -1.19029 24 24 24 10 1.27934 34 34 34 23 -2.20582 15 15 15 5 1.03038 20 20 20 3 -1.5708 17 17 17 11 -1.91957 6 6 6 4 0.463648 8 8 8 2 3.14159 8 8 8 0 0 
8 8 8 1 -2.35619 7 7 7 5 1.9513 12 12 12 5 1.9513 17 17 17 1 3.14159 17 17 17 2 2.03444 19 19 19 5 1.76819 24 24 24 3 2.1588 27 27 27 4 2.67795 29 29 29 1 -1.5708 28 28 28 1 1.5708 29 29 29 2 2.35619 31 31 31 5 -2.35619 27 27 27 8 -2.08994 20 20 20 2 -2.03444 18 18 18 2 2.35619 20 20 20 7 -1.97569 13 13 13 4 -2.35619 10 10 10 4 -2.03444 6 6 6 4 -2.03444 2 2 2 0 0 
7 7 7 2 -2.35619 5 5 5 5 1.9513 10 10 10 6 1.89255 16 16 16 3 3.14159 16 16 16 2 2.35619 18 18 18 4 1.81578 22 22 22 3 2.81984 23 23 23 7 2.26553 29 29 29 10 -3.04192 28 28 28 8 -3.01724 27 27 27 8 3.14159 27 27 27 9 -2.72337 23 23 23 6 -2.46685 19 19 19 3 -1.89255 16 16 16 1 1.5708 17 17 17 8 -2.08994 10 10 10 3 -2.55359 8 8 8 5 -2.2143 4 4 4 3 -1.89255 1 1 1 0 0 
5 5 5 2 -2.03444 3 3 3 5 1.76819 8 8 8 5 2.11122 13 13 13 3 2.81984 14 14 14 3 1.89255 17 17 17 2 2.03444 19 19 19 1 -2.35619 18 18 18 2 2.67795 19 19 19 6 2.97644 20 20 20 5 -2.9442 19 19 19 5 -2.9442 18 18 18 5 3.14159 18 18 18 3 3.14159 18 18 18 2 -1.10715 16 16 16 3 -1.5708 13 13 13 7 -2.1588 7 7 7 2 -2.03444 5 5 5 2 -2.03444 3 3 3 2 -2.03444 1 1 1 0 0 
4 4 4 0 0 2 2 2 0 0 5 5 5 0 0 10 10 10 0 0 13 13 13 0 0 16 16 16 0 0 18 18 18 0 0 16 16 16 0 0 13 13 13 0 0 15 15 15 0 0 14 14 14 0 0 13 13 13 0 0 15 15 15 0 0 19 19 19 0 0 16 16 16 0 0 9 9 9 0 0 6 6 6 0 0 4 4 4 0 0 2 2 2 0 0 1 1 1 0 0 
