241 241 241 3 3.14159 241 241 241 9 -1.0122 233 233 233 19 0.856706 248 248 248 13 -2.7468 243 243 243 10 -2.07789 234 234 234 20 0.291457 240 240 240 15 0.197396 243 243 243 12 -0.321751 239 239 239 7 0.694738 244 244 244 8 -2.52134 239 239 239 5 -0.380506 237 237 237 9 0.86217 244 244 244 2 -0.785398 242 242 242 8 -2.78282 239 239 239 8 -0.124355 238 238 238 17 -0.0587558 237 237 237 18 0.165149 240 240 240 12 0.785398 249 249 249 20 -2.45928 236 236 236 0 0 
238 238 238 10 0.927295 246 246 246 9 3.14159 246 246 246 10 -1.76819 236 236 236 11 0.179853 238 238 238 17 1.21203 254 254 254 42 3.11779 255 255 255 175 3.14159 255 255 255 123 -3.06047 245 245 245 9 -1.0122 237 237 237 8 2.08994 244 244 244 3 -2.81984 243 243 243 11 0.266252 246 246 246 12 -1.65394 234 234 234 19 0.714091 247 247 247 8 1.5708 255 255 255 152 3.14159 255 255 255 196 -3.11099 249 249 249 22 -2.35619 233 233 233 20 1.32582 253 253 253 0 0 
244 244 244 7 -1.5708 237 237 237 8 1.05165 244 244 244 5 2.60117 247 247 247 10 -2.85014 244 244 244 32 -1.50838 212 212 212 132 -1.60866 80 80 80 84 2.48158 132 132 132 123 1.85914 250 250 250 17 -1.28474 233 233 233 23 0.348771 241 241 241 13 1.49402 254 254 254 86 -3.03732 245 245 245 83 3.09344 249 249 249 23 -3.05485 247 247 247 144 -1.5153 103 103 103 55 -2.22868 59 59 59 178 1.79676 233 233 233 5 1.3734 238 238 238 8 1.05165 245 245 245 0 0 
244 244 244 6 -2.67795 241 241 241 3 -0.588003 239 239 239 6 -0.321751 237 237 237 10 1.0637 246 246 246 39 -1.5708 207 207 207 194 -1.61201 13 13 13 84 1.46406 97 97 97 158 1.6403 255 255 255 5 3.14159 255 255 255 108 -3.0218 242 242 242 239 -2.82776 168 168 168 138 -3.09814 162 162 162 143 2.67795 226 226 226 207 3.00106 255 255 255 228 -2.18799 69 69 69 50 -1.47113 19 19 19 215 1.56615 234 234 234 19 2.72337 242 242 242 3 0.321751 243 243 243 0 0 
238 238 238 11 0.54042 244 244 244 6 2.97644 245 245 245 8 -2.78282 242 242 242 5 0.927295 246 246 246 47 -1.54952 199 199 199 177 -1.5821 22 22 22 64 1.43109 86 86 86 168 1.33156 250 250 250 131 -2.24316 147 147 147 174 -2.27507 14 14 14 41 0.398522 30 30 30 5 0.785398 34 34 34 14 -2.06474 21 21 21 103 1.40565 123 123 123 87 -2.54404 74 74 74 59 -2.01952 20 20 20 196 1.48934 216 216 216 33 1.04058 245 245 245 6 1.40565 251 251 251 0 0 
248 248 248 14 -2.40378 238 238 238 1 -1.5708 237 237 237 8 1.10715 245 245 245 2 1.5708 247 247 247 50 -1.53082 197 197 197 172 -1.85228 31 31 31 95 1.48678 126 126 126 42 1.3597 168 168 168 184 -2.32938 34 34 34 26 0.758378 52 52 52 53 -0.345556 34 34 34 202 -0.0346396 27 27 27 225 0.04885 38 38 38 122 0.106157 51 51 51 15 -2.9442 48 48 48 20 -0.614663 36 36 36 197 1.54542 233 233 233 15 2.12245 246 246 246 16 -1.38545 230 230 230 0 0 
237 237 237 6 0.165149 238 238 238 4 0.785398 241 241 241 5 0.785398 245 245 245 4 1.10715 249 249 249 100 -1.64068 149 149 149 167 -2.42389 39 39 39 96 1.52915 135 135 135 98 -1.87973 41 41 41 13 1.17601 53 53 53 54 1.13194 102 102 102 201 0.72582 236 236 236 21 0.851966 252 252 252 92 -1.67907 160 160 160 152 -0.948262 36 36 36 137 0.213131 65 65 65 31 -2.26553 41 41 41 184 1.57623 225 225 225 24 1.3654 249 249 249 8 -2.89661 247 247 247 0 0 
243 243 243 5 -2.76109 241 241 241 7 0.588003 245 245 245 14 2.9997 247 247 247 81 -3.07994 242 242 242 293 -2.29829 23 23 23 21 1.19029 43 43 43 72 1.02094 105 105 105 59 -1.68889 46 46 46 36 2.1588 76 76 76 212 0.982794 253 253 253 3 -1.24905 250 250 250 10 -2.2143 242 242 242 7 1.8491 249 249 249 79 -1.67172 170 170 170 150 -0.97911 45 45 45 5 -1.19029 40 40 40 190 1.58132 230 230 230 11 1.22203 241 241 241 2 -1.10715 239 239 239 0 0 
238 238 238 10 0.982794 247 247 247 16 -1.87368 231 231 231 73 -2.06474 166 166 166 169 -2.36038 47 47 47 17 -1.15839 31 31 31 51 1.29779 81 81 81 174 0.097392 98 98 98 93 -2.25728 26 26 26 168 1.6065 194 194 194 85 0.777134 254 254 254 21 -2.65711 244 244 244 10 -2.76109 240 240 240 5 0.197396 241 241 241 13 1.5708 254 254 254 207 -1.57563 47 47 47 36 -0.25169 38 38 38 196 1.55549 234 234 234 15 2.58994 242 242 242 2 -1.10715 240 240 240 0 0 
244 244 244 2 -1.5708 242 242 242 46 -1.44109 196 196 196 150 -1.62408 46 46 46 12 2.46685 54 54 54 9 -1.5708 45 45 45 210 1.56127 255 255 255 216 -1.57543 39 39 39 26 -0.785398 20 20 20 235 1.58356 255 255 255 20 -1.5708 235 235 235 5 -0.197396 234 234 234 12 1.07145 245 245 245 5 -2.35619 241 241 241 15 2.2143 253 253 253 171 -1.5591 82 82 82 45 -2.00475 41 41 41 180 1.60967 221 221 221 24 1.14417 243 243 243 1 -0.785398 242 242 242 0 0 
244 244 244 8 2.62245 248 248 248 60 -1.67046 188 188 188 160 -1.24707 36 36 36 161 0.112029 54 54 54 17 -2.72918 47 47 47 207 1.60942 254 254 254 259 -2.28528 58 58 58 57 -0.785398 17 17 17 238 1.54979 255 255 255 58 -2.88427 240 240 240 8 0 240 240 240 4 0.244979 241 241 241 9 -1.35213 232 232 232 29 0.88035 255 255 255 192 -1.5708 63 63 63 46 -2.46347 34 34 34 197 1.59617 231 231 231 24 0.554308 244 244 244 4 -1.81578 240 240 240 0 0 
237 237 237 7 0.694738 242 242 242 3 -1.24905 239 239 239 43 -1.36447 196 196 196 166 -1.25285 38 38 38 217 0.00460826 39 39 39 45 1.72512 84 84 84 64 2.90785 99 99 99 79 -1.30454 22 22 22 177 1.45765 198 198 198 145 2.79165 248 248 248 6 -0.674741 244 244 244 3 -0.321751 243 243 243 11 0.785398 251 251 251 9 2.72337 255 255 255 268 -2.12465 27 27 27 2 2.35619 29 29 29 229 1.33746 252 252 252 9 -1.35213 243 243 243 5 -2.49809 240 240 240 0 0 
243 243 243 6 3.14159 243 243 243 5 1.19029 248 248 248 12 3.14159 248 248 248 13 2.61352 255 255 255 223 -1.5708 32 32 32 99 -0.110657 21 21 21 99 1.49016 120 120 120 84 -1.18148 42 42 42 21 2.09559 61 61 61 194 1.7207 253 253 253 176 -3.10751 247 247 247 33 3.02097 251 251 251 35 -2.88282 242 242 242 178 -2.34434 114 114 114 123 -2.33905 25 25 25 57 1.58834 82 82 82 204 0.997698 254 254 254 16 -1.9513 239 239 239 5 1.76819 244 244 244 0 0 
237 237 237 12 0.674741 245 245 245 14 -2.45586 236 236 236 6 0 236 236 236 23 0.93577 255 255 255 124 -1.65127 131 131 131 118 -1.03182 29 29 29 123 1.60331 152 152 152 126 -1.87509 31 31 31 173 0.00578028 32 32 32 45 1.76819 77 77 77 143 1.87493 214 214 214 191 3.12589 217 217 217 215 -2.65928 117 117 117 123 -2.33905 28 28 28 8 -0.519146 24 24 24 184 1.15808 193 193 193 82 0.72564 248 248 248 10 -1.86225 238 238 238 5 1.3734 243 243 243 0 0 
247 247 247 16 -2.22649 234 234 234 12 0.726642 242 242 242 8 1.44644 250 250 250 13 -2.7468 245 245 245 53 -1.55193 192 192 192 167 -1.52293 25 25 25 92 1.84464 114 114 114 92 1.821 204 204 204 188 -1.29615 23 23 23 164 0.0669729 34 34 34 11 -1.83705 23 23 23 6 0.463648 26 26 26 5 1.5708 31 31 31 6 2.46685 35 35 35 109 0.610726 98 98 98 222 0.785398 255 255 255 16 -2.4859 245 245 245 8 -2.35619 239 239 239 3 1.89255 242 242 242 0 0 
237 237 237 7 0.982794 243 243 243 1 3.14159 243 243 243 5 -1.5708 238 238 238 8 1.5708 246 246 246 46 -1.67907 200 200 200 202 -1.40727 0 0 0 193 0.489046 91 91 91 199 0.963352 255 255 255 68 -1.67338 187 187 187 166 -1.22048 31 31 31 224 -0.00892833 29 29 29 175 -0.0171412 26 26 26 170 0 26 26 26 247 0.411254 125 125 125 181 0.797071 255 255 255 17 -2.31622 242 242 242 3 -1.89255 239 239 239 2 -0.463648 238 238 238 8 1.21203 246 246 246 0 0 
241 241 241 3 0.321751 242 242 242 7 2.9997 243 243 243 5 -2.11122 238 238 238 7 0.404892 241 241 241 8 -1.5708 233 233 233 65 -1.25875 171 171 171 78 0.446604 205 205 205 63 0.740983 248 248 248 4 -2.03444 244 244 244 14 2.25653 255 255 255 51 -1.7072 204 204 204 38 -0.207496 196 196 196 69 0.958894 253 253 253 7 -2.9997 252 252 252 13 -2.40878 243 243 243 2 -2.35619 241 241 241 0 0 241 241 241 0 0 241 241 241 0 0 241 241 241 0 0 
244 244 244 9 -1.15257 235 235 235 7 0.694738 240 240 240 5 1.3734 245 245 245 4 -2.03444 241 241 241 16 2.31274 253 253 253 21 -2.59304 242 242 242 10 1.19029 252 252 252 19 -2.83571 246 246 246 12 -1.99742 235 235 235 13 1.41815 248 248 248 9 -2.43297 242 242 242 11 -0.54042 236 236 236 14 0.785398 246 246 246 8 -2.62245 242 242 242 1 -0.785398 241 241 241 4 3.14159 241 241 241 0 0 241 241 241 0 0 241 241 241 0 0 241 241 241 0 0 
248 248 248 16 -2.70497 241 241 241 3 0 241 241 241 2 0.785398 243 243 243 13 -1.72345 230 230 230 18 0.270947 235 235 235 12 1.07145 246 246 246 13 -1.49402 233 233 233 12 0.726642 241 241 241 4 -1.81578 237 237 237 8 0.519146 241 241 241 11 1.83705 252 252 252 15 -2.7367 246 246 246 13 -2.61352 239 239 239 4 2.03444 243 243 243 7 -0.982794 237 237 237 4 1.5708 241 241 241 0 0 241 241 241 0 0 241 241 241 0 0 241 241 241 0 0 
233 233 233 0 0 244 244 244 0 0 243 243 243 0 0 241 241 241 0 0 248 248 248 0 0 241 241 241 0 0 247 247 247 0 0 242 242 242 0 0 240 240 240 0 0 244 244 244 0 0 238 238 238 0 0 238 238 238 0 0 234 234 234 0 0 237 237 237 0 0 247 247 247 0 0 237 237 237 0 0 241 241 241 0 0 241 241 241 0 0 241 241 241 0 0 241 241 241 0 0 
