243 255 251 5 2.9442 246 255 255 6 -1.73594 247 247 253 6 0.165149 252 247 255 5 1.19029 255 253 255 3 -1.5708 255 250 253 3 -0.982794 255 245 253 4 1.81578 255 250 255 0 0 255 252 253 2 1.5708 255 255 251 1 -1.5708 254 255 247 6 2.97644 255 255 249 8 -2.19105 250 245 254 9 0.708626 255 250 255 1 2.35619 255 253 255 1 -1.5708 254 254 254 8 3.01724 255 255 255 1 3.14159 253 255 255 0 0 253 255 255 0 0 253 255 255 0 0 
240 252 246 7 0.694738 247 255 254 1 0.785398 253 253 255 3 -1.5708 254 249 255 3 2.1588 255 253 255 2 -2.67795 255 253 254 6 -1.40565 255 246 249 7 0.694738 255 251 254 2 0 255 252 254 2 1.10715 255 255 254 8 -2.08994 246 252 241 5 0.380506 248 252 246 7 0.785398 253 253 255 2 -2.35619 253 250 255 2 1.10715 255 255 255 12 -2.29744 246 247 245 12 0.726642 252 254 254 1 1.5708 253 255 255 0 0 253 255 255 0 0 253 255 255 0 0 
251 255 251 7 3.14159 251 255 254 5 3.14159 253 253 255 5 -1.5708 250 248 254 5 0.54042 255 253 253 2 2.35619 255 255 251 6 -2.97644 255 255 248 3 2.81984 255 255 251 1 -2.35619 254 253 255 3 -1.5708 247 251 252 2 1.10715 248 255 249 2 0.785398 248 255 251 9 -2.92292 246 253 255 1 2.35619 249 254 255 7 -1.5708 245 249 243 8 1.32582 255 255 249 3 -2.81984 252 255 253 1 2.35619 253 255 255 1 3.14159 253 255 255 0 0 253 255 255 0 0 
248 249 245 7 0.2783 248 251 249 6 0.896055 253 253 255 7 3.14159 251 254 255 4 -1.5708 249 252 250 4 -0.463648 247 252 243 2 0.785398 251 254 245 5 0.643501 254 255 253 1 3.14159 250 250 255 4 -2.67795 245 248 255 4 2.35619 243 255 255 9 -1.68145 232 246 252 9 0.708626 238 250 255 14 2.9997 243 251 255 97 -3.09009 244 247 255 149 3.12146 250 252 253 8 3.01724 251 253 254 1 1.5708 252 254 254 1 1.5708 253 255 255 0 0 253 255 255 0 0 
255 254 255 1 -1.5708 254 254 254 6 -1.5708 244 247 251 7 1.2925 248 255 255 0 0 246 255 252 4 -1.81578 244 255 247 5 2.35619 250 255 255 7 -2.86329 248 250 255 5 -2.49809 241 240 255 18 -3.08609 235 237 255 66 3.06598 235 246 255 116 -3.13297 230 246 255 35 -2.70326 217 229 255 88 -1.98902 139 145 186 79 -2.34735 91 87 128 161 1.10161 239 234 255 9 1.98902 249 250 255 1 2.35619 250 254 255 1 2.35619 251 255 255 1 3.14159 251 255 255 0 0 
255 253 255 2 -2.67795 255 252 255 5 -2.35619 243 249 255 6 0.896055 243 254 255 14 -3.07029 238 253 255 23 -2.83354 233 245 255 39 3.11596 237 242 255 92 3.13072 238 240 255 116 -2.99483 218 218 255 151 -2.81147 164 167 222 79 -2.53605 110 123 179 85 1.81861 189 205 255 100 -2.95198 172 184 250 114 -2.05405 76 82 147 72 1.66771 159 155 214 91 0.824138 231 227 255 16 0.785398 247 247 255 1 2.35619 249 252 255 1 1.5708 250 253 255 1 1.5708 251 255 255 0 0 
255 249 255 3 -0.982794 250 246 255 5 0.785398 243 249 255 17 -2.31622 222 233 255 91 -3.04301 209 221 255 142 -2.97181 185 194 244 116 -2.67795 138 139 195 30 -2.33294 116 117 175 86 -0.54636 68 73 128 147 0.197396 90 101 163 113 -0.00884933 80 94 176 26 0.189988 79 96 189 27 1.53378 110 121 219 57 -1.30454 62 69 156 141 1.4578 214 218 255 102 2.97484 240 242 255 8 -3.01724 244 247 255 2 1.5708 249 252 255 1 2.35619 250 253 255 1 1.5708 251 254 255 0 0 
255 252 255 4 -2.89661 252 249 255 12 -1.5708 228 231 255 119 -2.26124 125 136 188 75 -2.27228 62 74 138 100 0.119429 74 84 154 132 0.235838 110 114 185 122 0.640228 183 189 255 40 0.697903 207 218 255 131 -3.1187 197 213 255 172 -2.60516 99 116 213 31 -2.44685 75 92 202 41 1.61954 118 132 244 62 -2.09193 71 82 180 59 0.418224 109 113 184 115 1.87885 228 231 255 144 3.09302 244 245 255 41 3.11721 248 250 255 3 0.588003 250 252 255 4 2.89661 251 254 255 0 0 
255 248 255 5 0.643501 250 246 255 88 -1.63887 147 148 209 66 -1.344 71 79 156 91 1.5708 157 172 245 100 2.72236 196 215 255 142 3.14159 201 216 255 135 3.09718 209 223 255 151 -2.02261 71 88 145 101 -0.197396 44 64 135 154 0.235545 71 91 192 99 0.0201993 70 90 201 20 2.52693 83 106 206 44 2.37207 121 137 233 94 -0.755556 71 71 165 94 0.0106379 82 78 150 118 1.19029 201 200 232 75 2.49809 251 252 255 5 -2.11122 246 247 255 5 1.5708 251 253 255 0 0 
255 253 255 8 -2.19105 241 242 255 67 -1.61554 160 164 223 108 -0.831118 69 79 156 125 -0.00799983 61 80 155 113 -0.0794782 52 71 146 121 0.0577868 63 76 154 77 1.33525 139 152 228 78 2.75167 169 184 253 36 2.1588 194 211 255 128 -3.02494 170 189 255 164 -2.37343 53 75 181 23 -0.129703 53 77 167 166 0.912908 192 209 255 41 -1.86225 163 164 255 56 -2.08994 125 120 199 35 0.169778 141 140 174 116 1.0612 248 248 255 3 -0.588003 246 247 255 9 -1.0122 238 239 249 0 0 
250 251 249 7 -0.785398 238 244 251 12 0.844154 233 246 255 28 -1.71269 196 213 255 14 -1.13839 176 195 255 28 -3.10589 173 187 255 126 -2.2777 81 83 195 16 -1.75614 66 66 180 87 1.24544 149 155 252 89 -1.05719 68 79 171 63 -0.0791991 57 70 174 71 0.388319 83 99 199 90 0.99813 162 181 255 36 2.6292 186 200 255 87 -2.44539 138 140 224 17 2.19105 161 158 227 40 0.767856 198 198 228 49 1.79607 251 252 255 12 3.14159 251 252 255 8 -3.01724 250 251 255 0 0 
253 255 254 5 -2.76109 246 252 255 3 -0.982794 232 246 255 18 -1.78947 205 222 255 104 -2.67365 151 166 235 83 -2.42389 95 103 197 43 -0.401871 81 77 196 76 0.197396 96 91 212 109 1.12755 197 196 255 108 -2.56638 136 141 232 46 -0.0434509 132 139 232 38 2.87763 141 152 236 18 -0.270947 139 153 219 39 -0.441179 126 138 196 67 0.0149243 134 137 198 59 1.11472 194 193 243 104 -3.02672 189 190 211 98 2.64628 239 241 249 22 2.96174 243 245 253 10 0.643501 249 251 255 0 0 
250 247 255 5 1.19029 250 252 255 12 -2.35619 234 240 255 107 -1.53343 120 127 170 102 -0.166754 95 101 174 55 1.04272 142 143 234 18 1.68145 161 159 255 13 -1.64757 148 147 241 39 -1.51956 111 112 193 120 0.703231 191 192 255 91 -1.9614 106 108 179 107 0.652847 173 176 237 61 2.92822 188 194 239 104 3.00778 205 211 246 66 -2.49508 169 172 203 85 -1.12285 95 97 121 149 0.0335445 105 105 117 182 0.661043 219 219 225 45 0.847817 253 254 255 7 -2.44685 248 249 253 0 0 
254 248 255 6 -1.10715 244 242 254 8 0.519146 243 245 255 11 -1.10715 226 231 255 91 -1.40565 131 132 193 22 0.945311 147 146 218 66 0.288587 166 168 232 30 -0.332059 156 160 218 72 2.3659 210 211 255 74 -2.42276 165 162 217 54 2.44685 202 200 246 82 -1.83916 123 122 161 123 -0.252806 96 95 121 165 0.404097 161 163 181 100 0.521618 213 215 226 50 0.757628 249 251 255 3 3.14159 251 252 255 3 -2.55359 249 251 252 4 -0.463648 247 249 250 8 0.785398 253 255 255 0 0 
255 251 255 2 -2.35619 255 251 255 2 2.03444 253 254 255 5 3.14159 248 252 255 92 -1.5708 151 153 188 69 1.68622 216 222 255 145 -3.03169 200 213 229 99 -1.98493 109 122 136 102 0.476747 160 164 192 90 -0.399061 130 128 157 127 0.446106 190 186 205 86 0.793528 254 250 255 2 2.67795 255 252 255 0 0 255 253 255 6 3.14159 255 254 255 5 -1.5708 252 250 250 0 0 250 250 250 7 0.785398 253 255 254 4 3.14159 253 255 254 6 -2.03444 247 250 248 0 0 
255 251 255 2 -0.463648 254 251 253 3 -0.588003 250 251 247 7 0.785398 251 255 255 100 -1.5708 148 151 166 120 -0.597177 78 84 97 190 0.487173 165 179 175 88 0.468698 207 219 213 55 0.785398 248 253 255 3 -1.5708 248 248 255 3 0.321751 255 251 255 2 -0.463648 255 252 251 4 0.785398 255 255 254 6 -1.5708 254 249 246 8 0.785398 255 255 254 5 -1.5708 252 250 249 7 0.785398 255 255 254 4 -1.5708 249 252 250 4 0.244979 250 253 251 4 0.785398 253 255 252 0 0 
255 254 255 0 0 255 255 255 0 0 255 255 254 0 0 253 255 255 0 0 253 253 255 0 0 251 254 255 0 0 251 255 255 0 0 251 255 254 0 0 253 254 255 0 0 253 254 255 0 0 255 254 255 0 0 255 255 255 0 0 255 255 255 0 0 255 255 254 0 0 255 255 255 0 0 255 255 255 0 0 255 255 255 0 0 255 255 255 0 0 255 255 255 0 0 255 255 254 0 0 
255 255 255 0 0 255 255 255 0 0 255 255 255 0 0 255 255 255 0 0 255 255 255 0 0 255 255 255 0 0 255 255 255 0 0 255 255 255 0 0 255 255 255 0 0 255 255 255 0 0 255 255 255 0 0 255 255 255 0 0 255 255 255 0 0 255 255 255 0 0 255 255 255 0 0 255 255 255 0 0 255 255 255 0 0 255 255 255 0 0 255 255 255 0 0 255 255 255 0 0 
255 255 255 0 0 255 255 255 0 0 255 255 255 0 0 255 255 255 0 0 255 255 255 0 0 255 255 255 0 0 255 255 255 0 0 255 255 255 0 0 255 255 255 0 0 255 255 255 0 0 255 255 255 0 0 255 255 255 0 0 255 255 255 0 0 255 255 255 0 0 255 255 255 0 0 255 255 255 0 0 255 255 255 0 0 255 255 255 0 0 255 255 255 0 0 255 255 255 0 0 
255 255 255 0 0 255 255 255 0 0 255 255 255 0 0 255 255 255 0 0 255 255 255 0 0 255 255 255 0 0 255 255 255 0 0 255 255 255 0 0 255 255 255 0 0 255 255 255 0 0 255 255 255 0 0 255 255 255 0 0 255 255 255 0 0 255 255 255 0 0 255 255 255 0 0 255 255 255 0 0 255 255 255 0 0 255 255 255 0 0 255 255 255 0 0 255 255 255 0 0 
