250 255 252 5 3.14159 250 255 252 3 -1.5708 245 254 251 3 0.588003 245 255 253 1 1.5708 244 255 255 2 -2.67795 245 255 255 1 -0.785398 249 252 255 2 1.5708 251 254 255 4 3.14159 244 255 255 9 -3.03094 240 255 255 12 -3.05845 237 255 254 12 -2.81984 240 250 250 7 0.982794 255 254 255 6 -2.97644 255 253 254 1 -0.785398 246 255 252 2 1.5708 243 255 254 6 3.14159 246 255 252 3 3.14159 246 255 252 5 -1.5708 239 253 249 5 1.3734 243 255 254 0 0 
250 251 247 7 0.785398 253 255 252 2 3.14159 253 255 254 3 -2.81984 250 255 254 1 -1.5708 248 253 254 2 1.10715 250 255 255 2 -2.35619 251 252 255 2 -1.10715 246 251 254 6 -0.896055 230 248 249 5 -0.785398 221 245 245 43 -3.11834 218 244 244 47 2.88641 237 255 254 11 -2.79282 247 249 250 7 0.982794 255 255 255 2 -2.35619 248 254 253 6 -2.46685 242 251 248 6 0.463648 248 253 251 4 0.785398 251 255 254 4 -1.5708 244 253 250 5 0.643501 245 255 253 0 0 
255 254 254 2 -1.5708 255 252 252 1 -1.5708 255 251 252 2 2.35619 255 253 254 0 0 255 253 255 1 -0.785398 255 251 255 1 0.785398 255 252 255 2 2.67795 246 255 255 7 -2.35619 225 253 254 70 -2.3362 164 204 202 34 -3.02448 156 201 198 47 1.61332 212 247 243 44 2.89115 241 255 254 0 0 251 253 253 7 -2.35619 248 248 248 9 0.785398 255 254 255 9 3.14159 255 253 255 5 3.14159 255 254 255 8 3.14159 255 254 255 0 0 255 255 255 0 0 
255 254 255 5 -2.76109 255 252 253 3 -1.24905 252 250 250 6 0.674741 254 253 255 1 2.35619 255 253 255 2 -2.67795 252 252 255 2 -1.10715 245 251 255 2 -1.5708 231 252 254 51 -1.90474 162 206 207 48 -2.31274 114 173 169 36 0.86217 138 202 197 6 1.5708 151 207 202 54 1.55228 223 255 255 48 -3.0378 232 250 249 9 0.785398 251 255 255 9 -1.98902 250 245 247 9 0.418224 255 249 250 5 -0.54042 254 246 247 10 0.927295 255 254 255 0 0 255 254 255 0 0 
246 250 251 6 0.674741 247 255 255 7 2.9997 241 255 255 16 -3.01724 237 255 255 22 3.14159 239 254 255 34 3.08284 237 255 255 41 -3.06855 227 254 255 50 -2.75742 196 237 239 78 -2.16587 111 175 175 34 0.661043 120 200 195 8 0.519146 119 205 199 8 1.05165 133 210 206 13 2.7468 152 212 211 51 1.84381 220 255 255 41 -3.04434 233 252 255 33 3.02097 248 255 255 10 3.14159 250 255 255 3 -2.55359 249 253 254 2 1.5708 253 255 255 1 -2.35619 254 253 255 0 0 
241 255 255 12 -2.46685 226 250 248 46 -2.9694 205 244 242 59 -3.00682 192 236 235 43 -2.86329 184 223 225 27 -2.95848 175 218 221 27 -2.80835 161 210 212 24 -2.41495 134 195 197 6 2.03444 124 204 203 6 2.97644 116 207 204 11 3.05093 114 209 205 9 -1.5708 108 200 195 3 1.24905 120 201 198 25 1.98092 159 222 220 20 2.9442 183 222 224 43 2.47045 220 248 249 51 3.00519 225 255 255 57 3.12405 232 255 254 44 3.11887 242 255 255 37 3.11457 246 255 255 0 0 
218 249 248 45 -1.34732 166 206 204 21 -1.66575 125 189 184 15 2.49809 125 199 193 9 2.81984 128 202 198 5 -0.785398 124 197 195 14 -0.0713075 121 195 195 11 -0.0906599 115 195 196 3 1.5708 111 199 199 7 -2.55359 102 196 195 17 2.39617 112 209 207 10 -0.851966 104 201 197 10 -0.927295 98 193 189 14 1.07685 120 205 201 13 -2.30361 127 191 191 10 1.47113 144 201 200 4 2.89661 140 204 199 14 1.5708 161 217 212 23 2.79282 187 221 220 56 2.40615 234 255 255 0 0 
228 255 255 56 -1.5708 160 205 202 57 -0.564084 104 178 172 15 2.26553 104 192 186 16 1.44644 118 208 203 6 1.40565 122 213 210 5 -2.2143 118 208 208 19 -2.46685 106 196 196 24 -0.124355 103 193 194 12 -1.14417 90 182 183 45 0.785398 122 214 215 12 -2.35619 110 207 205 10 -2.42276 98 201 198 10 -0.291457 100 197 193 17 0 116 193 195 8 2.52134 126 199 197 9 0.558599 126 206 199 8 -1.10715 125 198 190 34 -2.78282 138 181 178 85 1.09668 224 255 254 0 0 
241 255 255 7 -1.71269 220 251 252 90 -1.58191 101 166 164 32 0.828849 108 194 188 23 2.44685 117 209 204 4 0.463648 114 211 207 16 -1.69515 98 195 193 27 1.35213 128 220 221 28 -2.25653 112 196 201 17 1.15839 130 212 217 16 -2.57026 121 203 208 17 -0.489957 107 197 198 12 1.07145 109 209 209 5 2.35619 117 214 212 26 -2.03444 105 186 189 29 0.761013 131 207 206 2 0.463648 128 211 203 60 -2.33294 93 166 158 65 1.12769 177 220 217 48 0.857736 224 255 254 0 0 
252 252 255 7 -1.4289 231 248 251 67 -1.45196 136 186 186 61 -0.264817 100 174 170 46 2.21861 125 212 208 38 -3.03672 112 209 205 16 -0.519146 102 200 200 3 0.982794 109 202 203 5 2.49809 119 203 208 11 -2.67795 117 198 203 26 2.27529 137 218 223 17 -1.85685 115 202 206 1 2.35619 107 205 205 4 -2.03444 105 201 201 14 2.45586 125 208 210 16 3.07917 134 208 208 54 -2.22537 97 167 161 26 1.3078 135 191 186 75 0.982794 216 250 249 12 0.785398 234 255 255 0 0 
255 251 255 4 3.14159 255 254 255 16 -1.5708 214 242 243 104 -1.42618 88 142 142 74 0.372988 96 173 170 51 1.19389 131 222 219 23 -2.11122 106 202 202 5 -0.54042 103 199 199 15 -0.197396 105 194 198 12 -1.81578 97 181 186 34 1.18491 127 214 218 13 -1.93797 112 201 205 5 0 105 202 205 17 -0.868539 96 189 192 19 0.207496 110 191 194 16 -1.63322 110 174 175 15 -0.197396 127 169 168 82 0.837076 204 228 226 42 0.785398 243 255 255 4 3.14159 246 255 255 0 0 
255 246 254 5 0.785398 255 252 255 4 -2.89661 240 255 255 49 -1.63194 170 210 209 55 -0.431139 122 190 189 26 0.704494 123 210 207 10 -2.85014 111 208 206 9 2.35619 116 214 214 21 -1.71269 102 191 195 8 0.463648 108 195 199 19 0.822418 120 209 213 3 -2.1588 114 207 210 7 2.26553 118 213 216 12 -2.71497 115 208 211 16 -1.75614 108 191 193 1 0 129 188 190 43 1.03436 200 221 223 46 0.876058 251 255 255 4 -1.5708 249 251 252 3 -1.24905 248 247 249 0 0 
255 252 255 4 -1.5708 255 249 252 2 0 242 251 254 5 0.785398 225 255 255 53 -1.64613 145 209 209 16 -2.22649 115 199 197 17 0 106 200 199 14 0.832981 113 211 211 15 -2.44685 110 199 203 12 0.844154 119 208 212 9 -3.03094 116 207 211 7 -0.982794 109 202 205 3 0 107 202 205 3 0.982794 112 205 208 12 -1.65394 107 192 194 22 1.1659 151 210 212 45 1.76819 238 250 252 6 1.89255 255 254 255 4 -2.35619 255 251 252 2 0.785398 255 253 254 0 0 
255 253 255 5 -2.76109 255 252 254 2 0.785398 248 255 255 9 -2.72337 224 254 255 59 -1.5708 137 200 198 19 0.785398 132 217 213 9 -2.27942 117 211 207 11 -1.75065 105 199 198 13 2.30361 124 207 209 30 -2.87243 117 198 203 40 2.84309 126 210 215 29 -2.90474 117 204 208 20 -3.09163 114 203 207 9 3.14159 114 203 207 6 -2.81984 114 201 203 3 1.5708 138 202 203 53 1.83379 235 248 250 10 2.63449 255 251 252 2 1.5708 255 253 254 3 2.81984 255 255 255 0 0 
248 250 250 7 0.785398 250 255 255 9 -1.98902 235 247 249 10 0.507098 224 254 255 46 -1.8314 149 214 212 20 -2.85014 127 211 207 17 -2.96692 119 208 205 57 -2.82531 103 189 189 25 -2.73147 105 176 180 27 -2.43297 89 157 162 27 2.19959 107 179 186 26 3.06482 106 182 188 30 2.80953 114 193 196 31 3.04512 114 197 199 21 2.95337 112 202 203 18 -2.50884 119 189 189 57 1.50074 217 241 239 16 2.08994 248 253 251 3 -0.321751 244 253 250 3 0.588003 244 255 252 0 0 
248 255 255 7 -2.55359 242 252 252 5 0.785398 243 255 255 16 -1.63322 212 243 242 53 -1.68352 136 193 190 32 -3.04812 121 192 189 64 -2.45478 76 151 149 14 1.4289 94 164 163 12 -2.46685 95 154 156 21 -0.652847 85 140 145 53 0.226799 94 152 157 32 -0.0312398 89 152 156 8 1.21203 94 161 164 17 2.27305 101 175 175 16 2.4859 104 186 187 42 2.95337 127 194 191 57 2.23184 207 234 231 25 1.3734 248 255 254 8 -3.01724 245 255 253 1 0.785398 244 255 254 0 0 
242 249 252 8 0.785398 244 255 255 4 -2.89661 240 255 255 21 -1.61838 210 236 236 82 -1.2992 119 159 157 46 -0.473356 90 139 137 33 0.331096 100 150 148 54 0.0370201 102 152 150 97 0.195392 126 170 169 88 0.250443 148 192 193 66 -0.120624 140 184 185 80 -0.380506 106 154 155 91 -0.0658388 97 149 149 62 0.175592 103 162 158 24 -0.902507 77 144 141 26 0.598419 104 158 153 104 0.956133 217 238 236 18 0.708626 243 248 247 10 0.851966 251 255 255 0 0 250 255 255 0 0 
253 254 255 4 -1.5708 246 251 254 2 0.785398 242 254 255 2 2.35619 239 255 255 60 -1.58746 172 198 198 61 -0.507098 138 169 168 93 0.362544 170 202 201 72 0.657389 215 246 245 9 1.15257 226 254 254 4 0.463648 228 255 255 1 0.785398 229 255 255 14 -1.71269 213 244 243 36 -1.31911 173 210 208 59 -0.653636 134 174 172 85 -0.14025 116 163 160 97 0.573799 176 216 211 56 0.760403 237 251 249 7 0.694738 252 254 254 1 0.785398 253 255 255 1 3.14159 253 255 255 0 0 
255 253 255 6 -2.81984 255 251 254 2 -0.785398 251 250 252 5 0.643501 249 254 255 5 -1.3734 238 250 250 5 0.54042 238 254 253 3 0.982794 241 255 255 9 -1.5708 234 248 247 12 0.844154 244 255 255 5 -2.9442 245 255 255 2 -2.35619 243 253 253 4 -0.785398 238 250 250 6 0.463648 238 254 253 2 1.10715 236 255 255 15 -1.5708 218 242 240 16 0.828849 233 254 252 5 0.785398 248 255 255 0 0 253 255 255 3 -2.81984 252 254 254 2 -2.67795 251 253 253 0 0 
255 246 250 0 0 255 252 255 0 0 255 253 255 0 0 255 254 255 0 0 250 254 255 0 0 247 255 255 0 0 248 255 255 0 0 249 254 255 0 0 246 250 251 0 0 250 252 253 0 0 255 254 255 0 0 253 255 255 0 0 248 253 254 0 0 245 255 255 0 0 238 252 251 0 0 244 255 255 0 0 250 255 255 0 0 250 252 252 0 0 250 252 252 0 0 252 254 254 0 0 
