255 255 255 0 0 255 255 255 0 0 255 255 255 0 0 255 255 255 0 0 255 255 255 0 0 255 255 255 0 0 255 255 255 0 0 255 255 255 0 0 255 255 255 3 -1.5708 252 252 252 3 0.321751 253 253 253 2 0.785398 255 255 255 2 -2.67795 255 254 254 3 -1.24905 253 251 251 4 1.81578 255 255 255 6 3.14159 255 255 255 1 -1.5708 254 254 254 1 -2.35619 253 253 253 2 -0.785398 251 251 251 5 0.785398 255 255 255 0 0 
255 255 255 0 0 255 255 255 0 0 255 255 255 0 0 255 255 255 0 0 255 255 255 0 0 255 255 255 0 0 255 255 255 0 0 255 255 255 0 0 255 255 255 4 3.14159 255 255 255 4 3.14159 255 255 255 2 -1.5708 253 253 253 6 2.81984 255 255 255 5 -1.5708 252 250 250 3 -0.321751 251 249 249 8 0.785398 255 255 255 2 -1.5708 253 253 253 2 1.10715 255 255 255 10 3.14159 255 255 255 9 -2.58299 250 250 250 0 0 
255 255 255 0 0 255 255 255 0 0 255 255 255 0 0 255 255 255 0 0 255 255 255 0 0 255 255 255 0 0 253 255 255 0 0 253 255 255 4 -1.5708 249 251 251 4 0 249 251 251 4 1.10715 255 255 255 10 -2.28963 247 247 247 11 0.785398 255 255 255 2 -1.5708 253 253 253 2 0.785398 255 255 255 0 0 255 255 255 8 -3.01724 254 254 254 9 -1.46014 245 245 245 10 0.197396 247 247 247 11 0.785398 255 255 255 0 0 
255 255 255 0 0 255 255 255 0 0 255 255 255 0 0 255 255 255 0 0 255 255 255 0 0 253 255 255 0 0 253 255 255 0 0 253 255 255 0 0 253 255 255 2 -2.35619 251 253 253 5 -1.76819 248 248 248 9 0.785398 255 255 255 1 3.14159 255 255 255 6 3.14159 255 255 255 6 3.14159 255 255 255 8 -2.03444 249 247 247 10 0.851966 255 255 255 3 3.14159 255 255 255 0 0 255 255 255 8 -2.67795 251 251 251 0 0 
255 255 255 0 0 255 255 255 0 0 255 255 255 0 0 255 255 255 0 0 253 255 255 0 0 253 255 255 0 0 253 255 255 0 0 251 255 255 2 -1.5708 249 254 253 2 -2.67795 248 253 252 4 0.785398 253 255 255 1 -1.5708 252 254 254 11 -2.67795 249 249 249 6 0 249 249 249 6 0.321751 251 251 251 3 1.24905 254 254 254 2 -1.10715 252 252 252 3 1.89255 255 255 255 9 -2.1294 247 247 247 11 0.785398 255 255 255 0 0 
255 255 255 0 0 255 255 255 0 0 255 255 255 0 0 253 255 255 0 0 253 255 255 0 0 253 255 255 0 0 251 255 255 0 0 251 255 255 4 -1.5708 247 252 251 4 1.10715 251 255 255 43 3.14159 253 255 255 244 -3.09654 242 244 244 15 0.785398 255 255 255 1 3.14159 255 255 255 5 -2.60117 252 252 252 4 0.785398 255 255 255 8 -2.67795 251 251 251 4 -0.244979 250 250 250 6 2.24554 255 255 255 2 3.14159 255 255 255 0 0 
255 255 255 0 0 255 255 255 0 0 253 255 255 0 0 253 255 255 0 0 253 255 255 0 0 251 255 255 0 0 251 255 255 0 0 251 255 255 2 -1.5708 249 254 253 100 -2.72236 208 213 212 217 -1.96665 7 12 11 271 1.12035 251 255 255 1 -1.5708 252 254 254 14 -2.86329 248 250 250 36 3.00359 255 255 255 82 -3.04434 247 247 247 110 3.06899 255 255 255 137 -3.07599 246 246 246 145 3.09335 253 253 253 218 3.13242 255 255 255 0 0 
255 255 255 0 0 255 255 255 10 3.14159 253 255 255 0 0 253 255 255 0 0 251 255 255 5 3.14159 251 255 255 31 3.14159 251 255 255 98 3.14159 251 255 255 184 -2.60767 157 162 161 38 -1.04839 124 129 128 77 3.12861 125 130 129 150 0.988308 251 255 255 149 -3.04126 238 240 240 123 -2.92993 212 214 214 74 -2.55732 173 173 173 55 -0.708626 137 137 137 61 -0.311547 118 118 118 22 -2.29378 101 101 101 66 -1.40565 35 35 35 289 0.849038 252 252 252 0 0 
255 254 255 11 -2.03444 245 244 246 14 0.785398 253 255 255 1 3.14159 253 255 255 69 -3.06926 246 250 251 160 -2.9785 220 224 225 100 -2.41247 153 157 158 61 -1.5544 92 96 97 123 0.74542 176 180 181 195 -2.42132 47 51 52 165 1.80258 208 212 213 186 -2.53875 102 106 107 23 2.54154 117 119 120 59 0.592697 150 152 153 65 1.86371 215 214 216 120 -2.98327 196 195 197 103 -2.02146 103 103 103 152 0.0591415 112 112 112 175 0.708626 226 226 226 37 0.670522 249 249 249 0 0 
250 249 251 5 1.5708 255 254 255 1 -1.5708 252 254 255 132 -2.60376 184 186 187 106 -2.05965 90 92 93 77 0.821746 145 149 150 94 3.04614 154 158 159 115 2.88823 183 187 188 242 -2.45267 29 33 34 23 -2.11122 9 13 14 45 1.50423 54 58 59 133 0.219483 83 87 88 86 1.21609 166 168 169 64 -2.56652 131 133 134 97 -0.390048 96 95 97 167 0.334982 151 150 152 142 0.82021 255 255 255 10 -1.67046 245 245 245 14 0.785398 255 255 255 10 3.14159 255 255 255 0 0 
250 249 251 7 0.785398 255 254 255 169 -2.39383 140 139 141 34 -0.117109 134 136 137 25 0.358771 143 145 146 94 -1.89255 53 55 56 10 -2.07789 42 46 47 56 -0.948493 0 0 1 98 0.215358 17 21 22 12 -2.71497 12 16 17 172 1.66355 186 188 189 82 -2.10498 115 117 118 85 -0.0352795 114 113 115 176 0.665015 223 222 224 44 0.769526 254 253 255 6 -1.89255 248 247 249 9 0.708626 254 254 254 4 2.89661 255 255 255 10 -1.5708 245 245 245 12 0.610726 252 252 252 0 0 
255 254 255 124 -1.58692 131 130 132 43 1.73217 174 173 175 121 -3.0264 160 159 161 155 -2.84829 113 115 116 87 -0.842247 48 50 51 129 0.226219 77 79 80 38 0.463648 92 96 97 86 -1.47804 6 10 11 156 -0.064015 0 0 1 217 0.736577 144 146 147 66 1.0122 200 202 203 57 2.0577 253 252 254 2 1.5708 255 254 255 3 -2.1588 252 251 253 4 0.785398 255 254 255 7 -2.35619 250 250 250 7 0.785398 255 255 255 5 3.14159 255 255 255 3 3.14159 255 255 255 0 0 
255 252 254 129 -1.55529 126 123 125 81 -2.08385 53 52 54 97 -0.445301 11 10 12 202 0.929273 173 172 174 67 3.09685 174 176 177 63 -1.72821 111 113 114 142 -0.0632956 102 104 105 163 0.389607 164 166 167 42 -0.11849 159 161 162 45 2.68775 181 180 182 127 -3.09438 175 174 176 78 1.58362 253 252 254 2 0 253 252 254 2 0.785398 255 254 255 7 -2.35619 252 249 251 6 0.896055 255 255 255 5 -1.5708 250 250 250 4 0.463648 252 252 252 2 2.03444 254 254 254 0 0 
255 254 255 171 -1.5708 86 83 85 180 0.321751 141 140 142 96 -0.0934768 132 131 133 122 -0.213369 106 105 107 152 0.404892 166 165 167 125 0.785398 253 255 255 3 3.14159 253 255 255 47 -1.5708 206 208 209 97 -1.13479 118 120 121 150 -0.454719 54 53 55 234 0.538222 174 173 175 113 0.791609 255 254 255 0 0 255 254 255 8 -2.52134 252 249 251 6 0.674741 255 253 255 1 2.35619 255 255 255 4 -2.89661 254 254 254 3 -1.24905 251 251 251 4 1.5708 255 255 255 0 0 
255 254 255 4 3.14159 255 254 255 18 -1.84174 239 236 238 21 0.753151 254 251 253 6 -1.24905 246 245 247 12 0.785398 255 254 255 3 -1.89255 252 251 253 3 1.24905 255 254 255 6 -1.89255 249 248 250 8 0.785398 255 254 255 4 3.14159 255 254 255 1 -2.35619 254 253 255 6 2.97644 255 254 255 7 -1.5708 250 247 249 9 0.785398 255 254 255 11 -2.96174 255 252 254 2 -0.785398 251 251 251 5 0.927295 255 255 255 4 -1.5708 251 251 251 5 0.785398 255 255 255 0 0 
253 250 252 4 -0.244979 252 249 251 5 0.54042 255 252 254 2 0.463648 255 253 255 1 0.785398 255 254 255 1 -1.5708 254 253 255 1 -0.785398 253 252 254 2 0 253 252 254 2 0.785398 255 254 255 4 -1.5708 251 250 252 5 0.643501 254 253 255 6 -1.40565 248 247 249 9 0.785398 255 254 255 0 0 255 254 255 11 -1.5708 246 243 245 15 0.785398 255 254 255 1 -1.5708 254 254 254 1 0.785398 255 255 255 0 0 255 255 255 2 -1.5708 253 253 253 0 0 
255 255 255 0 0 255 255 255 0 0 255 255 255 0 0 255 255 255 0 0 255 255 255 0 0 255 255 255 0 0 255 255 255 0 0 255 255 255 0 0 255 255 255 0 0 255 255 255 0 0 255 255 255 0 0 255 255 255 0 0 255 255 255 0 0 255 255 255 0 0 255 255 255 0 0 255 255 255 0 0 255 255 255 0 0 255 255 255 0 0 255 255 255 0 0 255 255 255 0 0 
255 255 255 0 0 255 255 255 0 0 255 255 255 0 0 255 255 255 0 0 255 255 255 0 0 255 255 255 0 0 255 255 255 0 0 255 255 255 0 0 255 255 255 0 0 255 255 255 0 0 255 255 255 0 0 255 255 255 0 0 255 255 255 0 0 255 255 255 0 0 255 255 255 0 0 255 255 255 0 0 255 255 255 0 0 255 255 255 0 0 255 255 255 0 0 255 255 255 0 0 
255 255 255 0 0 255 255 255 0 0 255 255 255 0 0 255 255 255 0 0 255 255 255 0 0 255 255 255 0 0 255 255 255 0 0 255 255 255 0 0 255 255 255 0 0 255 255 255 0 0 255 255 255 0 0 255 255 255 0 0 255 255 255 0 0 255 255 255 0 0 255 255 255 0 0 255 255 255 0 0 255 255 255 0 0 255 255 255 0 0 255 255 255 0 0 255 255 255 0 0 
255 255 255 0 0 255 255 255 0 0 255 255 255 0 0 255 255 255 0 0 255 255 255 0 0 255 255 255 0 0 255 255 255 0 0 255 255 255 0 0 255 255 255 0 0 255 255 255 0 0 255 255 255 0 0 255 255 255 0 0 255 255 255 0 0 255 255 255 0 0 255 255 255 0 0 255 255 255 0 0 255 255 255 0 0 255 255 255 0 0 255 255 255 0 0 255 255 255 0 0 
