255 255 245 2 -1.10715 247 255 245 3 1.89255 242 255 255 1 2.35619 243 255 255 2 -1.5708 249 252 255 2 0.463648 255 252 255 1 0.785398 255 251 255 1 -1.5708 226 255 255 3 -1.24905 157 255 255 24 -2.08994 117 243 248 10 2.2143 151 247 253 18 1.9614 200 255 255 4 3.14159 237 255 255 4 -1.81578 249 251 252 4 1.81578 253 252 255 3 3.14159 250 253 255 3 -2.81984 243 255 255 1 0 249 255 254 1 0 255 253 253 1 0 255 252 253 0 0 
255 255 247 4 -1.32582 248 252 246 3 1.5708 244 254 254 3 2.55359 246 255 255 2 3.14159 255 254 255 2 3.14159 255 253 255 2 3.14159 255 254 255 2 3.14159 216 255 255 16 -1.81578 124 254 254 16 -2.00742 86 242 242 7 1.4289 119 245 246 20 1.62075 178 255 255 5 2.60117 233 255 255 4 -1.32582 252 249 251 5 0.380506 248 251 255 1 0 245 252 255 3 1.5708 244 255 255 2 3.14159 250 255 254 2 3.14159 255 254 254 2 3.14159 255 253 254 0 0 
255 255 249 5 -1.5708 252 252 246 4 0 248 250 250 3 0.982794 253 253 253 1 3.14159 255 253 252 1 3.14159 255 254 250 2 0 242 255 253 2 -0.785398 189 255 255 19 -1.7274 76 255 246 9 -2.27942 37 252 243 5 1.5708 71 253 245 17 1.92957 140 255 255 15 2.49809 228 255 255 4 3.14159 255 255 254 2 -1.5708 248 255 252 1 -2.35619 241 255 251 1 1.5708 244 255 252 1 3.14159 249 255 250 1 3.14159 255 253 250 1 1.5708 255 253 251 0 0 
255 255 252 2 -2.67795 255 254 253 2 -1.5708 254 252 252 3 0 254 252 252 1 3.14159 255 253 249 3 1.5708 250 255 251 0 0 230 255 254 7 -1.97569 165 255 254 24 -1.99742 47 253 241 1 -2.35619 9 255 245 2 -0.463648 29 253 242 10 1.67046 96 254 248 18 1.9614 207 255 255 7 2.55359 255 255 255 3 -1.5708 247 254 249 2 0 245 255 249 3 0 248 253 251 0 0 252 253 251 1 1.5708 255 253 252 2 1.5708 255 254 254 0 0 
255 251 255 1 0.785398 255 252 255 1 0.785398 255 253 255 4 -1.5708 251 250 252 3 0.321751 247 254 251 3 1.89255 234 255 254 3 -2.1588 208 255 253 16 -2.08994 139 253 246 17 -2.27305 41 252 243 2 1.10715 4 255 251 5 -0.927295 7 254 245 4 1.10715 60 250 245 18 1.68145 172 254 255 11 2.03444 236 255 255 5 -2.9442 250 255 254 2 2.67795 255 255 254 3 -1.5708 255 250 255 1 3.14159 255 250 255 1 1.5708 255 251 255 1 0.785398 255 252 255 0 0 
236 253 255 1 0.785398 234 255 255 3 3.14159 228 255 255 4 -2.89661 220 255 255 5 -2.60117 208 255 254 6 2.81984 193 255 255 13 -2.40878 157 255 251 18 -1.9614 96 245 241 1 -2.35619 31 252 250 5 2.35619 3 255 255 6 -2.24554 0 255 253 1 3.14159 34 250 249 15 1.76819 123 255 255 15 2.44685 179 255 255 16 3.01724 201 255 255 16 2.95624 216 255 255 18 -2.92292 216 254 255 7 2.9997 220 254 255 7 2.86329 222 255 255 7 2.9997 225 255 255 0 0 
189 255 255 18 -2.97644 179 255 255 24 -3.09995 168 255 255 26 -3.06482 153 255 255 23 -2.9694 140 255 255 21 -3.04664 121 255 255 19 -2.83571 88 255 255 16 -2.39965 49 248 250 4 -2.03444 11 247 253 4 1.10715 0 253 255 2 -0.785398 0 251 255 4 -0.463648 11 247 253 7 0.982794 49 251 252 6 2.03444 76 255 252 8 2.89661 89 255 250 11 3.05093 101 255 250 13 2.61352 118 255 255 20 3.09163 130 255 255 20 3.04192 142 255 255 21 2.9997 151 255 255 0 0 
134 248 254 11 -2.23184 115 241 245 5 -2.49809 90 242 243 3 0.321751 75 246 244 3 -2.55359 66 245 244 1 3.14159 52 246 246 4 0.244979 34 249 252 1 -2.35619 17 249 255 3 0 4 250 255 4 1.32582 3 253 255 1 3.14159 5 253 255 2 -1.5708 6 252 255 1 -1.5708 12 251 254 1 1.5708 19 253 251 1 -2.35619 21 253 247 1 0 30 253 245 2 -0.463648 40 251 242 2 0.463648 58 249 242 3 2.81984 82 245 243 2 1.5708 97 245 245 0 0 
101 247 245 18 -0.321751 79 244 241 7 0.588003 49 253 248 6 -2.24554 25 250 245 0 0 21 249 250 6 0.896055 21 253 255 4 -1.5708 10 249 255 3 2.1588 7 252 255 2 -1.10715 3 250 255 2 1.10715 7 252 255 1 2.35619 14 252 255 2 -2.03444 12 251 255 1 -1.5708 7 252 255 1 0 5 253 254 1 1.5708 8 254 254 2 2.67795 11 255 252 3 -2.81984 13 255 246 5 -2.35619 32 250 240 8 0.519146 79 246 243 17 0.62025 110 252 253 0 0 
138 255 255 19 -1.19991 99 248 244 13 -0.463648 49 250 241 8 -0.124355 17 252 244 5 0.785398 9 255 255 1 2.35619 3 255 255 6 -1.89255 0 248 255 6 1.40565 3 253 255 2 -1.5708 3 252 255 1 0 6 252 255 1 1.5708 13 253 255 2 -2.67795 10 252 255 0 0 3 254 255 1 -0.785398 0 253 255 1 -0.785398 2 251 255 0 0 11 252 251 2 -2.35619 22 251 242 8 1.05165 59 254 244 16 0.741947 120 255 254 15 0.605545 153 255 255 0 0 
211 255 255 13 -1.5708 171 251 250 16 -0.655696 106 251 243 18 -0.270947 57 251 244 8 -0.124355 19 253 251 0 0 0 254 255 3 -1.5708 0 250 255 5 1.03038 1 255 255 2 -2.67795 2 255 255 1 -2.35619 1 255 253 1 -2.35619 2 255 250 1 1.5708 3 255 253 1 1.5708 2 255 255 1 -2.35619 3 254 255 2 -1.5708 11 250 253 2 -0.785398 32 247 246 5 0.785398 77 248 240 20 0.819867 135 255 251 15 0.876058 193 255 255 2 0.785398 218 255 255 0 0 
246 255 255 4 3.14159 223 255 255 5 -1.5708 174 255 255 15 -1.24905 109 254 246 15 -0.643501 45 250 247 8 0 13 253 254 1 0 8 252 255 0 0 3 254 255 1 3.14159 1 255 251 1 -2.35619 0 255 247 0 0 0 255 247 1 0.785398 1 255 250 1 0 1 255 254 1 3.14159 8 254 254 1 3.14159 20 252 253 2 0 58 248 247 15 1.10715 134 255 251 16 0.741947 194 255 255 5 0.927295 236 255 255 0 0 253 253 255 0 0 
247 250 254 5 0.927295 244 255 255 1 3.14159 228 255 255 8 -1.81578 178 255 254 15 -1.01914 96 252 251 13 -0.528074 44 250 251 1 -1.5708 24 251 254 3 -2.81984 11 252 253 1 3.14159 3 255 249 0 0 0 255 247 1 1.5708 1 255 248 1 1.5708 4 255 251 2 -1.5708 5 253 253 0 0 14 252 253 3 1.89255 31 254 252 5 1.3734 84 253 250 19 1.41419 183 255 255 2 0.785398 235 255 255 3 2.81984 253 255 255 3 3.14159 255 254 255 0 0 
255 252 255 1 0 255 253 255 1 -1.5708 253 253 253 3 2.55359 214 255 255 9 -1.5708 127 255 255 19 -1.41419 57 250 247 4 -1.81578 28 247 250 1 1.5708 11 252 251 1 0.785398 5 255 249 2 0 2 255 247 1 1.5708 1 255 250 1 1.5708 4 255 254 2 -1.5708 5 253 254 1 -1.5708 13 251 252 5 1.5708 32 255 251 7 1.71269 92 255 251 18 1.68145 204 255 255 3 -1.5708 249 251 251 1 0.785398 255 251 252 3 1.89255 255 254 254 0 0 
255 251 255 1 -2.35619 255 251 255 4 -1.32582 255 249 250 6 0.896055 218 255 255 6 -1.73594 129 255 255 24 -1.86624 52 250 244 3 -1.89255 26 248 248 4 0.463648 12 253 252 2 1.10715 7 255 252 2 -1.10715 0 255 250 1 1.5708 3 255 254 1 2.35619 4 255 255 2 -1.5708 2 252 255 1 -0.785398 6 251 253 4 1.5708 24 255 250 6 1.89255 85 255 248 20 1.76819 203 255 255 2 -1.10715 248 252 253 3 -0.321751 247 251 252 4 0.463648 248 254 253 0 0 
255 250 255 1 0.785398 255 252 255 1 -1.5708 255 253 255 1 0 213 255 255 12 -1.48766 114 255 255 18 -1.91009 44 250 245 3 0.588003 25 254 251 2 -2.67795 13 254 251 3 0.588003 19 255 252 4 -2.35619 18 253 249 2 0 23 251 252 2 0.785398 20 253 255 2 -2.67795 6 254 255 2 -1.5708 2 253 252 5 0.380506 17 254 250 4 1.10715 74 251 248 25 1.72945 195 255 255 6 3.14159 244 255 255 0 0 246 255 255 1 -2.35619 247 255 255 0 0 
255 253 255 1 3.14159 255 254 255 1 3.14159 250 254 255 1 3.14159 202 255 255 19 -1.62338 96 253 255 8 -2.03444 35 253 252 5 -2.49809 14 254 249 6 2.46685 20 255 250 6 -2.46685 37 252 243 7 0.2783 55 252 244 16 0 66 249 245 22 -0.0906599 51 249 245 16 0.0624188 17 255 247 3 0.982794 7 255 253 7 -2.9997 17 255 255 4 -2.67795 63 246 250 23 1.52735 173 255 255 6 2.03444 230 255 255 1 -1.5708 245 255 255 0 0 254 253 255 0 0 
255 254 254 2 3.14159 252 254 255 2 3.14159 247 253 255 1 3.14159 197 255 255 22 -1.66146 85 249 254 8 -1.69515 33 248 249 5 -0.927295 29 246 242 11 0.348771 50 248 242 15 0.551655 96 251 246 19 0.602287 130 255 255 13 0.463648 144 255 255 10 -0.927295 119 255 255 17 -0.868539 61 252 243 14 -0.432408 29 250 242 11 0.179853 26 248 253 4 0.785398 66 245 254 19 1.82812 164 255 255 9 1.98902 223 255 255 1 -2.35619 245 254 255 1 1.5708 255 254 255 0 0 
252 253 251 1 0 252 252 252 1 2.35619 253 252 255 1 -2.35619 202 255 255 21 -1.66575 84 249 252 4 -2.03444 48 250 251 7 0.588003 86 249 251 16 0.380506 132 249 252 21 0.548549 191 253 255 9 0.785398 221 255 255 0 0 223 255 255 3 -1.89255 199 255 255 11 -1.48014 145 253 254 15 -0.551655 98 251 250 18 -0.339293 57 246 254 9 -0.558599 70 239 246 20 1.62075 162 252 253 12 1.81578 222 255 255 1 3.14159 245 254 255 1 0.785398 255 254 255 0 0 
251 255 250 0 0 251 252 250 0 0 255 250 255 0 0 204 254 255 0 0 82 248 249 0 0 59 255 255 0 0 124 255 255 0 0 184 255 255 0 0 237 253 255 0 0 255 249 255 0 0 255 248 255 0 0 234 251 255 0 0 196 255 255 0 0 145 255 255 0 0 79 252 255 0 0 74 238 243 0 0 161 248 250 0 0 219 255 255 0 0 246 255 255 0 0 255 254 255 0 0 
