255 251 255 2 -0.463648 254 251 253 2 0.463648 255 253 252 1 2.35619 254 255 253 2 -2.67795 253 250 255 1 2.35619 250 250 255 2 3.14159 249 249 255 3 -1.89255 242 248 255 4 -1.10715 236 245 254 23 -1.22203 213 225 229 61 -3.02734 207 216 225 67 2.68452 239 246 255 8 0.950547 250 253 255 3 -1.5708 250 251 255 4 2.35619 255 255 255 4 -2.35619 254 253 249 1 2.35619 255 254 249 0 0 255 253 250 1 1.5708 255 253 254 2 2.67795 255 254 255 0 0 
255 254 255 5 -2.9442 255 254 254 3 -2.55359 254 253 249 1 3.14159 252 253 249 1 0 250 252 253 3 0 248 250 255 1 1.5708 246 250 255 4 3.14159 244 249 255 2 1.5708 243 250 255 91 -1.60375 152 159 179 49 -2.9997 146 150 174 106 2.00913 244 247 255 4 2.67795 250 250 255 6 -1.89255 247 246 255 5 0.643501 250 252 253 3 -0.321751 251 252 250 2 1.10715 255 254 250 1 0 255 253 252 1 -1.5708 254 252 252 1 0 254 251 253 0 0 
255 250 247 2 0.463648 255 252 248 4 0 251 253 247 3 0.588003 249 255 249 2 0.785398 250 255 249 3 -1.5708 245 255 249 3 -1.24905 242 249 252 4 1.10715 242 248 255 2 -0.463648 238 240 255 140 -1.80026 101 100 150 21 -2.9997 100 96 148 138 1.70143 240 234 255 32 3.01724 249 243 255 2 0 249 247 255 2 2.35619 251 252 255 3 -2.1588 248 251 255 2 1.5708 252 254 255 1 -2.35619 253 253 253 0 0 253 252 254 1 -0.785398 252 251 253 0 0 
255 252 249 3 0.982794 255 255 252 1 -2.35619 252 255 253 2 2.67795 251 255 251 5 3.14159 253 255 247 6 -2.81984 249 255 247 4 -2.67795 246 251 252 4 1.32582 246 247 255 35 -1.5708 204 201 255 136 -1.9622 76 69 150 11 3.14159 78 68 151 123 1.66805 205 195 255 65 2.51956 250 243 255 4 -1.5708 249 246 255 2 0.785398 249 252 255 4 -2.89661 248 252 253 3 0.321751 249 253 254 1 3.14159 249 253 254 1 2.35619 250 255 254 1 3.14159 250 255 254 0 0 
255 253 255 2 3.14159 254 253 255 3 -2.55359 250 251 255 3 -0.588003 250 250 250 5 -0.197396 254 250 245 6 0 254 249 246 6 0.463648 254 250 255 4 0.785398 248 244 255 87 -1.65108 149 140 230 96 -2.0577 56 48 162 8 -0.124355 57 47 161 82 1.53423 145 136 226 103 2.07322 248 244 255 9 -2.92292 253 252 255 4 -1.10715 251 251 245 6 1.5708 255 255 251 7 -2.7367 247 253 252 3 0 245 253 253 3 0.321751 248 255 250 1 0 248 255 249 0 0 
248 249 255 3 -0.321751 247 248 255 4 1.32582 250 252 255 0 0 253 252 255 0 0 255 253 255 3 3.14159 255 252 255 0 0 255 250 255 9 -2.35619 239 233 255 127 -1.76819 96 91 196 48 -2.41495 56 50 185 6 -1.5708 50 43 180 30 1.23874 86 82 188 132 1.68395 232 233 255 35 2.88282 250 253 255 6 -1.73594 247 249 249 6 -0.165149 246 249 247 9 0.785398 248 255 255 4 3.14159 244 255 255 3 -2.81984 245 255 254 1 -2.35619 244 255 252 0 0 
246 250 255 47 -3.07785 241 248 255 61 3.09245 243 251 255 71 3.14159 244 251 255 78 -3.10315 250 247 255 85 3.10631 253 250 255 83 -3.05745 241 240 255 88 -2.85554 204 206 255 165 -2.17558 50 53 168 6 0.674741 43 47 195 4 1.81578 49 50 202 4 2.03444 60 62 186 114 1.71145 189 195 254 91 2.66324 240 247 255 96 3.13118 244 248 255 87 3.14159 246 250 255 85 -3.09457 239 249 255 71 3.12751 238 251 255 67 3.12667 241 251 255 60 3.10827 244 253 255 0 0 
196 198 233 17 -1.5708 177 180 218 89 -3.0631 165 172 215 103 -3.07374 156 164 211 94 -3.03561 151 152 202 85 3.08284 156 156 210 89 -3.04081 142 146 205 89 -2.7528 97 104 189 54 -2.39514 44 55 183 4 -2.67795 35 46 197 6 0.463648 40 48 202 10 -1.27934 37 45 176 49 1.3654 97 107 191 53 2.61082 131 141 201 74 3.00727 143 150 213 83 3.1175 149 153 211 90 3.03094 162 166 215 98 3.09062 169 173 214 112 3.07029 181 183 218 86 3.04884 189 191 225 0 0 
197 189 249 115 -1.16136 86 81 150 137 -0.153202 54 55 143 57 0.0350733 49 53 155 3 -2.81984 47 50 158 12 0.0831412 44 50 163 8 -0.358771 37 45 166 24 0.372988 41 50 183 1 -1.5708 31 46 192 11 0.785398 38 53 203 1 3.14159 41 55 197 9 -2.81984 43 56 186 8 -1.81578 42 51 168 10 -0.0996687 43 51 164 14 0.0713075 42 50 169 7 -0.694738 43 44 164 14 0.141897 59 45 163 9 -1.24905 57 40 143 76 0.457834 95 82 162 164 0.616711 190 181 248 0 0 
245 237 255 16 -1.50838 224 218 255 101 -1.40241 111 112 198 124 -0.485227 45 48 156 83 0.169101 51 57 184 5 -2.60117 43 50 191 15 2.2143 52 59 210 18 -2.27942 34 44 198 8 0.950547 38 52 204 5 -2.9442 38 52 200 9 -2.1294 34 47 187 11 0.348771 41 51 188 7 0.588003 49 55 192 5 2.60117 52 57 196 8 -2.19105 41 48 195 8 2.78282 51 52 194 12 -2.29744 62 46 171 89 0.690446 128 108 214 146 0.741947 229 216 255 8 0.62025 235 225 255 0 0 
251 249 255 7 3.14159 246 248 255 8 -2.08994 230 238 255 86 -1.55917 135 144 208 118 -0.665494 54 57 166 101 -0.0691963 39 41 179 21 0.422854 41 47 196 5 2.49809 41 50 201 5 -0.643501 38 49 193 4 -0.244979 39 49 191 8 1.92957 48 55 202 4 -0.244979 49 53 201 14 -2.64765 46 48 190 7 0.404892 49 51 193 10 -1.5708 40 39 185 19 0.156602 51 49 172 122 0.588003 135 131 206 139 0.760023 239 236 255 4 -2.67795 239 238 255 9 0.785398 246 247 255 0 0 
246 248 249 7 0.404892 247 250 254 4 -0.463648 242 247 255 8 0.785398 241 246 255 65 -1.67808 165 166 246 106 -0.972377 68 68 182 108 -0.139279 44 45 185 12 1.07145 50 53 205 10 -2.85014 47 51 199 8 -2.03444 41 42 192 19 0.896055 56 56 210 24 -2.32763 38 39 191 19 0.748378 53 53 201 5 -2.35619 52 52 190 15 2.49809 68 66 186 136 0.681606 163 162 248 94 0.785398 243 245 255 9 -1.98902 239 245 250 12 0.844154 250 254 255 0 0 250 254 255 0 0 
253 255 255 0 0 255 255 255 8 3.14159 255 253 255 7 -1.8491 250 243 255 4 0.463648 241 240 255 41 -1.44944 188 188 255 116 -1.64823 59 56 179 7 -2.44685 47 42 195 6 0.463648 50 42 203 8 1.5708 56 49 213 16 -2.14213 39 38 196 17 0.825377 52 52 206 9 -2.58299 49 46 202 12 -1.65394 46 42 171 127 1.46879 187 186 255 49 1.8603 244 246 255 4 -1.5708 246 251 254 4 0.785398 250 255 248 1 0.785398 251 255 252 9 -1.68145 242 248 243 0 0 
251 255 255 12 -2.41495 247 247 247 10 0.643501 255 252 252 1 -1.5708 255 249 255 3 1.89255 250 250 255 55 -1.5708 182 183 239 123 -1.97995 55 52 168 8 2.19105 53 48 199 3 -1.5708 52 41 203 13 -0.0767719 47 41 202 10 2.42276 51 52 204 8 -2.19105 42 45 197 6 0.321751 44 46 201 2 1.10715 57 57 181 100 1.70989 176 178 232 75 2.20638 250 252 255 2 -2.67795 252 255 251 1 2.35619 255 255 247 4 -2.89661 254 255 250 1 2.35619 255 255 251 0 0 
239 247 247 12 0.785398 253 255 255 8 -2.89661 255 252 252 2 -0.785398 255 247 255 5 0.785398 244 246 255 104 -1.68567 126 131 200 78 -2.06301 41 47 166 15 0.927295 46 51 196 10 1.76819 61 60 206 34 -2.43934 38 39 183 35 0.286051 42 52 190 17 0.231091 43 56 196 18 -2.97644 40 50 198 13 -1.344 36 44 168 69 1.42687 126 129 197 110 1.9126 244 244 255 7 3.14159 253 250 255 2 -0.785398 255 251 250 2 2.35619 255 253 253 7 -1.2925 248 246 246 0 0 
248 254 255 8 -1.5708 243 246 251 8 1.21203 255 254 255 8 3.14159 253 250 255 12 -1.5708 225 229 255 132 -1.79929 84 91 171 33 -2.39784 52 56 174 1 2.35619 51 53 183 16 -2.08994 41 43 161 74 0.535811 79 84 193 115 -0.0607946 68 79 183 132 -0.235838 34 45 159 67 0.270153 48 56 193 14 -2.70918 47 53 180 22 1.43527 84 88 171 136 1.74802 232 232 255 34 2.87534 253 250 255 6 -1.5708 253 248 250 6 1.40565 255 254 255 3 -2.55359 255 252 254 0 0 
250 250 255 8 -2.52134 245 246 255 3 -0.982794 245 244 254 11 0.785398 246 247 255 42 -1.75902 188 194 255 128 -1.83841 59 62 153 5 2.9442 65 56 167 7 -2.1588 61 51 157 111 0.548123 119 119 197 143 0.671466 208 214 255 25 0.283794 217 224 255 96 -1.39372 120 122 192 127 -0.491809 56 45 167 96 0.103792 63 52 184 7 -2.35619 56 58 158 125 1.63471 190 195 255 58 2.34415 248 249 255 5 -1.5708 252 250 250 4 0.463648 254 252 252 2 0.785398 254 254 254 0 0 
244 245 255 8 0.519146 248 249 255 4 0.785398 251 253 255 8 -1.69515 235 239 255 68 -1.45369 152 160 227 112 -2.1416 56 58 146 22 0.0906599 70 59 145 157 0.632066 167 156 228 106 0.778776 240 240 255 1 0.785398 241 248 255 7 3.14159 244 251 255 0 0 243 245 255 76 -1.66264 163 151 239 118 -0.874978 65 55 161 131 -0.060993 48 52 147 97 1.2264 145 153 220 96 2.11299 246 249 255 6 -2.97644 254 254 254 1 0 254 254 254 2 -1.10715 252 252 252 0 0 
253 255 245 0 0 253 255 247 6 -2.97644 252 255 250 1 2.35619 246 250 255 139 -1.7724 95 102 159 46 -0.260602 79 88 152 175 0.656043 199 199 245 56 0.835357 246 246 255 5 3.14159 244 248 255 7 -1.5708 237 244 255 9 0.785398 248 254 255 8 -2.08994 239 245 255 9 0.785398 243 245 255 36 -1.76284 200 204 255 110 -1.27761 85 92 165 135 0.0665682 97 105 165 133 1.26567 242 243 255 15 2.7367 255 255 255 3 3.14159 255 255 255 4 -1.5708 251 251 251 0 0 
253 255 237 0 0 247 255 234 0 0 253 255 245 0 0 220 224 235 0 0 140 149 199 0 0 220 230 255 0 0 239 244 255 0 0 241 248 255 0 0 246 252 255 0 0 246 253 255 0 0 244 252 252 0 0 248 255 255 0 0 236 248 254 0 0 233 244 255 0 0 221 231 255 0 0 139 146 203 0 0 228 229 249 0 0 252 252 252 0 0 255 255 255 0 0 252 252 252 0 0 
