225 244 241 13 0.394791 237 248 246 2 1.10715 253 247 248 8 -1.32582 247 239 240 14 -0.141897 233 240 237 23 0.815692 246 255 254 2 -1.5708 249 255 250 2 0.463648 255 254 251 7 2.9997 255 251 252 55 -1.66146 232 195 197 129 3.12609 225 199 199 135 2.75699 255 252 250 2 -2.03444 255 251 248 4 1.5708 255 255 252 4 -1.81578 255 251 248 5 0.927295 255 255 254 5 3.14159 255 255 255 0 0 253 255 255 0 0 251 255 255 0 0 251 255 255 0 0 
244 255 253 6 -1.24905 243 248 247 8 0.358771 255 249 250 5 0.927295 255 253 254 1 0 250 255 253 3 2.81984 248 255 254 0 0 250 255 252 19 -2.72337 252 247 244 8 0.358771 255 247 247 179 -1.55404 101 67 68 53 3.04753 101 73 73 185 1.884 255 250 249 2 -2.67795 255 252 248 3 1.5708 254 255 251 1 0 255 255 251 4 -1.32582 254 250 249 7 0.785398 255 255 255 0 0 255 254 255 0 0 253 255 255 0 0 253 255 255 0 0 
255 254 255 4 3.14159 255 254 255 2 -1.5708 255 252 252 2 0.785398 255 255 254 5 -2.35619 251 252 250 4 1.32582 251 255 254 18 -1.5708 232 239 236 25 0.785398 255 255 254 8 -2.89661 255 250 252 269 -2.08258 46 13 17 129 0.00775178 49 14 18 259 1.0951 255 247 249 134 3.13413 253 251 250 5 0.785398 251 255 254 4 3.14159 255 255 254 8 3.14159 255 255 254 0 0 255 254 255 0 0 255 254 255 0 0 255 255 255 0 0 255 255 255 0 0 
255 250 251 5 0.785398 255 254 255 2 3.14159 255 255 254 5 -2.2143 253 251 250 4 0.244979 252 253 251 3 1.89255 253 255 254 0 0 251 255 254 8 -2.03444 251 247 246 126 -1.53113 142 118 120 105 2.89201 177 142 146 56 -0.159352 170 133 137 78 -0.285329 139 112 115 169 2.18007 255 255 254 8 -2.62245 247 252 250 5 -0.785398 247 248 246 11 0.785398 255 255 254 0 0 255 254 255 0 0 255 254 255 0 0 255 254 255 0 0 255 255 255 0 0 
248 255 254 2 -1.5708 248 255 252 1 -0.785398 250 253 251 3 0.982794 255 255 254 4 -1.5708 247 252 250 4 2.03444 251 255 254 4 -1.81578 253 251 251 1 1.5708 255 250 252 243 -1.8705 47 13 19 194 1.24579 238 196 203 56 2.96488 247 206 213 207 -1.9397 44 14 19 238 1.29423 255 246 248 72 3.04468 255 254 255 14 3.14159 255 255 255 1 3.14159 255 255 255 5 3.14159 255 255 254 0 0 255 255 254 0 0 255 255 254 0 0 255 255 254 0 0 
244 255 254 8 -3.01724 245 255 253 2 3.14159 250 255 253 1 0.785398 253 255 254 6 -2.03444 247 250 248 7 0.694738 255 254 253 6 -2.67795 255 249 251 71 -1.54263 198 177 180 181 -2.56429 106 76 81 130 0.528624 174 142 147 52 -2.97021 161 134 138 69 -2.24327 103 80 84 144 0.687671 192 173 176 159 2.72273 253 239 241 19 0.748378 255 253 254 7 -2.55359 254 249 250 5 1.5708 255 255 254 1 3.14159 255 255 254 1 3.14159 255 255 254 1 3.14159 255 255 254 0 0 
242 249 244 9 0.558599 247 254 249 4 0.785398 250 255 254 4 -2.35619 250 253 251 4 0.785398 255 254 255 9 -2.27942 255 246 248 5 1.03038 255 249 253 255 -2.06421 47 24 28 166 1.63096 203 192 195 110 -1.11934 99 94 96 151 0 97 94 96 182 0.586483 203 194 197 172 -1.29489 51 25 31 225 1.61521 255 250 255 131 -3.08821 255 245 249 4 0.463648 255 249 250 5 0.785398 255 254 253 0 0 255 254 253 0 0 255 254 253 0 0 255 254 253 0 0 
255 255 252 7 3.14159 255 255 252 3 -1.5708 255 252 251 3 1.24905 255 254 254 79 -3.06579 255 246 249 194 3.13128 255 247 251 252 -2.6514 153 128 132 114 -1.53572 29 16 18 314 0.79214 231 243 243 5 0.785398 227 249 247 2 0.463648 228 250 248 4 -1.81578 234 244 244 223 -1.57528 32 17 21 248 0.431285 145 119 125 128 1.49283 255 248 253 231 3.13293 255 251 254 199 3.14159 255 252 253 80 3.14159 255 252 253 1 0 255 253 253 5 3.14159 255 253 253 0 0 
255 244 245 43 2.98022 255 252 252 157 -3.12885 255 249 252 245 -2.82242 201 172 175 136 -2.05084 87 49 55 127 -0.212732 56 22 28 170 0.68573 148 133 137 108 1.88085 230 240 240 15 0.463648 212 252 247 3 2.55359 202 255 249 2 -2.03444 203 254 247 5 -0.785398 212 247 243 5 0.927295 237 247 247 112 -1.6065 143 132 135 113 -1.70277 48 16 21 146 0.233428 85 49 55 174 0.752889 201 170 173 101 2.21627 255 252 252 234 -3.11596 255 246 246 155 3.10935 255 251 251 0 0 
239 200 202 107 -1.62681 132 93 95 78 -1.64757 52 15 19 93 1.58155 148 107 112 67 1.48148 221 172 180 23 -1.03038 192 154 160 57 -1.5708 110 101 104 150 1.47113 235 255 254 17 -2.52134 199 251 244 6 0.674741 190 255 248 7 2.7367 197 255 251 7 -2.44685 204 252 246 3 -1.89255 223 245 243 123 -1.53829 123 118 119 47 1.91241 194 158 164 18 1.78947 221 175 181 69 -1.42687 145 108 112 92 -1.59253 48 17 18 73 1.54341 121 90 91 112 1.59758 231 203 203 0 0 
226 195 196 120 -1.08863 120 88 89 173 -0.435231 53 13 18 250 0.410127 156 112 118 87 0.989143 231 184 192 161 -2.94176 188 154 160 144 -2.84615 125 116 119 123 1.38295 223 241 240 9 1.15257 207 255 249 8 -1.92957 187 250 241 8 0.463648 191 254 244 4 0 201 252 244 2 1.5708 225 250 246 143 -1.59177 107 103 102 72 0.902507 192 155 159 145 2.91994 233 185 191 171 -2.64923 141 106 110 107 -0.964661 48 19 22 236 0.292268 116 87 90 199 0.628427 231 204 207 0 0 
255 253 252 8 -2.35619 255 247 246 4 0 255 245 248 82 -1.5099 195 162 166 159 -0.986272 66 28 34 220 -0.0544915 47 17 22 258 0.477464 152 138 142 105 1.83871 236 244 244 213 3.1322 217 250 246 7 2.7367 207 255 249 2 3.14159 205 255 248 4 -1.5708 212 251 243 5 -2.9442 232 246 242 239 -2.73396 159 147 147 134 -1.81939 46 13 17 231 0.0996687 73 36 40 250 0.549305 195 168 171 111 0.766292 255 246 248 3 1.5708 255 249 251 4 -2.03444 255 245 247 0 0 
254 249 246 7 0.588003 255 253 250 2 0.463648 255 254 253 1 2.35619 255 254 254 7 -2.9997 255 251 254 2 -1.10715 255 248 252 139 -1.62829 136 108 114 162 -0.535151 42 27 31 208 1.58041 227 239 239 38 2.9341 223 250 247 148 3.12808 225 252 248 145 -3.0796 227 242 238 221 -1.78947 35 21 22 92 1.44109 138 112 112 183 0.808471 255 246 245 8 0.950547 255 254 252 3 -1.5708 255 251 251 3 -1.89255 255 248 248 6 0.165149 255 249 249 7 0.785398 255 254 254 0 0 
255 255 252 1 3.14159 253 255 252 2 -1.5708 248 255 252 5 -1.76819 244 249 247 9 0.785398 255 254 255 11 -1.66146 255 241 244 14 0.68573 255 248 254 225 -1.59301 47 24 29 229 0.847048 207 198 201 165 -2.4763 98 98 98 47 0.105984 103 104 102 91 1.28351 198 190 190 188 -2.16322 56 32 32 254 0.95009 255 240 238 11 1.22203 255 253 249 2 0.785398 255 255 251 7 -2.55359 255 252 248 4 1.5708 255 255 254 0 0 255 255 254 3 -2.1588 254 252 251 0 0 
255 255 251 1 2.35619 255 255 252 6 -2.67795 250 253 251 4 0.785398 253 255 254 1 -1.5708 255 254 254 7 2.9997 255 254 255 7 -1.5708 255 246 249 68 -1.52671 194 177 181 132 -0.97861 91 66 70 88 2.13059 170 140 145 62 -0.260602 154 125 128 97 -0.459039 109 82 85 118 2.18221 199 181 180 93 0.739975 255 246 242 12 0.844154 255 255 249 7 -2.1588 251 252 243 6 0.321751 253 252 248 5 0.785398 255 255 254 7 -2.86329 255 253 252 2 0 253 254 252 0 0 
255 253 252 4 -1.10715 249 250 248 8 0.785398 255 255 254 1 3.14159 255 255 254 8 -1.5708 247 247 247 11 0.785398 255 255 255 4 -1.5708 253 250 252 5 0.643501 255 251 255 231 -1.5708 48 18 23 208 1.06416 239 198 205 72 2.98999 250 210 215 212 -1.94607 45 14 17 257 1.14192 255 251 249 2 2.03444 255 255 250 3 -1.89255 253 253 247 5 0.785398 255 255 251 5 3.14159 255 255 254 7 -1.5708 248 249 247 9 0.785398 255 255 254 1 -1.5708 254 255 253 0 0 
255 255 255 0 0 255 255 255 1 -1.5708 255 254 254 1 1.5708 255 255 255 0 0 253 255 255 0 0 253 255 255 0 0 255 255 255 1 -1.5708 255 252 254 130 -1.5708 145 120 124 127 0.0707479 160 128 133 113 3.09737 165 133 138 119 -3.03278 144 121 125 177 0.789382 255 250 250 4 0.463648 255 253 252 2 0.785398 255 255 254 5 -1.5708 250 251 249 6 0.896055 255 255 255 0 0 255 255 255 0 0 255 255 255 0 0 255 255 255 0 0 
253 255 255 0 0 255 255 255 1 -1.5708 255 254 254 1 1.5708 255 255 255 0 0 253 255 255 0 0 253 255 255 0 0 255 255 255 1 -1.5708 255 253 254 3 -1.5708 255 247 251 231 -1.56647 43 16 20 51 -0.0196053 42 15 19 237 1.33296 255 247 250 7 0.785398 255 254 255 0 0 255 255 255 9 3.14159 255 255 255 5 -2.9442 254 254 254 1 0.785398 255 255 255 0 0 255 255 255 0 0 255 255 255 0 0 255 255 255 0 0 
253 255 255 0 0 255 255 255 1 -1.5708 255 254 254 1 1.5708 255 255 255 0 0 253 255 255 0 0 253 255 255 0 0 255 255 255 1 -1.5708 255 253 254 2 -1.5708 255 248 252 181 -1.57632 94 67 71 131 0.0305249 98 71 75 218 0.971344 255 252 255 4 3.14159 255 254 255 9 -1.89255 248 246 246 9 0.418224 250 250 250 5 1.3734 255 255 255 4 3.14159 255 255 255 0 0 255 255 255 0 0 255 255 255 0 0 255 255 255 0 0 
253 255 255 0 0 255 255 255 0 0 255 254 254 0 0 255 255 255 0 0 253 255 255 0 0 253 255 255 0 0 255 255 255 0 0 255 253 254 0 0 255 247 251 0 0 225 198 202 0 0 221 194 198 0 0 255 248 251 0 0 255 251 252 0 0 255 255 255 0 0 251 251 251 0 0 251 251 251 0 0 255 255 255 0 0 255 255 255 0 0 255 255 255 0 0 255 255 255 0 0 
