255 254 244 5 0.785398 255 255 252 0 0 251 253 255 2 -1.5708 248 250 255 4 3.14159 249 251 255 5 -2.76109 249 251 252 5 0.785398 255 255 254 4 -2.89661 255 255 250 3 2.81984 255 255 251 9 -2.35619 250 250 244 7 0.404892 249 252 250 5 0.785398 250 255 255 10 -2.49809 244 246 255 7 0.694738 250 252 255 3 -2.81984 255 255 246 2 0 255 255 243 2 0.463648 252 255 248 6 -1.73594 244 251 244 9 0.785398 253 255 251 6 -1.5708 247 252 243 0 0 
255 255 249 7 3.14159 255 255 254 0 0 253 252 255 6 -1.89255 244 246 255 6 -0.165149 244 247 252 9 0.785398 253 255 255 4 -2.03444 255 251 250 1 3.14159 255 251 248 5 -0.643501 253 248 245 9 0.785398 255 255 254 8 3.14159 253 255 255 8 -1.81578 242 246 251 11 0.785398 251 251 255 4 -1.5708 249 248 255 4 1.81578 255 255 251 7 3.14159 255 255 247 8 -2.89661 251 255 250 2 2.35619 251 255 254 2 3.14159 253 255 252 2 -2.67795 252 255 250 0 0 
253 249 244 9 0.785398 255 255 255 2 -1.5708 251 250 255 9 2.92292 251 252 255 2 3.14159 251 255 255 5 -2.76109 251 253 253 5 -2.60117 254 249 250 5 1.9513 255 253 255 7 3.14159 255 254 255 9 -2.1294 251 246 248 6 1.24905 253 250 255 2 1.5708 251 251 255 0 0 253 250 255 11 -2.67795 250 246 255 2 -2.03444 252 248 247 3 -0.321751 251 248 244 8 0.463648 249 250 254 3 0.588003 249 252 255 2 0 251 253 254 3 2.55359 253 255 255 0 0 
255 255 254 2 3.14159 253 254 255 13 -2.19959 239 239 255 12 0.844154 244 248 255 4 -2.35619 241 248 255 11 -2.96174 243 246 254 12 3.14159 248 243 255 1 3.14159 250 243 255 9 2.92292 252 247 255 11 -3.05093 249 245 255 5 2.35619 249 248 255 10 2.9442 248 249 255 19 -2.60987 238 238 255 4 2.03444 245 243 255 5 2.76109 251 247 255 13 2.84309 255 251 255 12 -3.05845 252 249 255 13 3.06482 251 251 255 5 -2.11122 248 248 254 2 -1.10715 246 248 249 0 0 
244 254 254 6 -1.73594 235 245 255 9 0.558599 236 244 255 15 -3.00904 232 240 255 178 -3.07987 221 231 255 143 -3.12062 220 228 255 147 3.0669 236 236 255 194 -3.10038 232 228 255 187 3.14159 232 233 253 189 3.10986 234 241 255 195 -3.13134 229 236 255 206 -3.11733 222 230 255 168 3.11184 227 234 255 176 3.13591 232 234 255 199 -3.11145 229 227 255 192 3.11556 238 233 255 200 -3.13159 237 233 255 189 3.08346 250 247 255 216 -3.13696 249 249 255 5 0.643501 252 254 255 0 0 
240 254 253 4 2.35619 239 252 255 19 -1.94169 218 226 255 167 -1.72709 51 58 108 30 0.901157 75 84 127 17 -2.72918 70 78 118 40 -1.10715 39 39 87 153 -0.00653585 41 39 81 153 -0.0130712 39 43 67 140 0 36 46 64 158 -0.0820936 19 30 58 199 0.165972 51 60 97 17 -0.174672 49 56 95 67 -0.331096 29 33 74 180 0.0055555 35 32 78 158 -0.0189851 36 30 71 171 0.0525831 48 43 72 143 -0.111425 34 31 47 268 0.951844 253 253 255 9 -2.35619 246 248 248 0 0 
238 252 246 4 -0.244979 236 245 255 37 -1.48989 195 197 245 120 -1.67046 72 74 132 15 -2.35619 61 67 114 34 2.23184 91 94 138 167 0.632749 194 191 240 43 -0.0232516 196 192 233 28 -0.558599 181 185 204 34 0.555494 197 204 221 50 0.543832 220 225 255 147 -1.51643 69 76 115 55 2.22868 115 120 159 135 0.769693 213 212 254 21 -1.4289 197 190 233 10 1.19029 209 201 241 19 -1.46592 191 186 213 53 -0.0565434 188 188 202 64 1.06522 246 248 249 7 1.71269 253 255 251 0 0 
246 255 252 2 -1.10715 240 247 255 52 -1.68567 185 183 235 119 -1.69619 62 61 123 22 -1.93478 41 45 93 203 1.11373 226 231 255 13 0.528074 238 236 255 96 -2.93195 220 218 254 223 -3.09678 212 214 232 65 2.63004 242 246 255 9 -1.68145 228 230 255 197 -1.86855 37 39 87 175 1.53652 214 215 255 217 3.14159 217 216 255 217 -3.04969 203 197 232 187 3.09884 212 206 237 140 2.91213 244 239 255 25 -1.69023 219 218 234 26 1.96559 245 247 247 5 0.54042 248 253 244 0 0 
249 252 255 9 -1.5708 236 238 255 61 -1.42431 170 166 225 113 -1.73884 56 52 117 78 1.77567 133 137 178 144 0.814801 240 246 255 99 -1.61118 144 146 176 174 -1.02252 0 0 24 290 0.566993 155 156 176 120 0.81463 241 242 255 66 -1.58595 172 167 222 171 -2.3274 45 40 101 48 -1.61244 0 0 45 240 0 0 1 35 241 0.04147 16 14 36 235 0.249102 75 73 92 235 0.782395 241 236 255 32 -1.60204 208 206 228 112 2.78596 248 251 255 4 2.89661 249 255 249 0 0 
249 250 255 1 0 245 245 255 91 -1.78112 151 145 210 111 -1.79625 38 35 104 192 1.62803 230 236 255 120 3.12493 234 243 255 108 -3.10457 234 239 255 117 3.09888 240 244 255 33 -2.96174 236 239 255 8 0.463648 238 238 255 188 -1.80675 52 47 109 34 -2.87534 41 36 105 194 1.63257 237 235 255 108 3.13233 240 242 255 126 -3.11779 242 245 255 75 -3.10161 241 241 255 2 -1.5708 239 234 255 136 -1.6002 103 98 129 157 2.04581 244 245 255 7 0.2783 246 251 250 0 0 
248 251 255 20 -1.62075 224 226 255 95 -1.4348 124 120 186 96 -1.74787 26 23 95 186 0.46125 107 115 162 73 0.192048 123 134 166 76 -2.96996 115 122 149 104 2.12433 206 211 236 41 1.00963 239 246 255 49 -1.77619 189 193 234 226 -2.27798 14 14 78 181 0.0662015 26 25 93 188 0.546789 125 128 179 37 -2.6659 110 116 151 75 2.45026 163 169 188 72 1.48766 237 240 255 6 -1.73594 233 226 255 221 -1.96976 29 22 67 219 1.49787 250 249 255 6 -2.81984 248 251 255 0 0 
249 251 255 7 -2.1588 239 240 255 125 -1.51485 109 104 166 89 1.45891 194 190 255 25 -0.499347 181 186 235 141 -1.22444 49 58 92 180 0.0388693 60 66 95 237 0.773494 228 232 255 11 0.266252 231 234 255 187 -1.74207 42 46 87 168 1.18698 196 197 255 24 -0.334737 187 188 248 105 -1.14968 92 96 144 144 -0.295441 54 58 93 212 0.554117 169 173 198 74 1.05331 238 236 255 91 -1.63664 147 136 192 154 -2.42033 45 35 88 200 1.39497 242 241 255 4 2.35619 245 248 255 0 0 
252 250 249 7 0.785398 253 250 255 122 -1.63628 126 117 168 119 2.12851 223 215 255 119 3.02448 236 234 255 134 -3.13413 235 237 255 134 -3.11921 235 235 255 121 3.08381 244 242 255 120 -2.80414 204 201 233 184 -2.63186 110 110 146 119 1.80765 225 225 255 102 3.02448 235 237 255 119 -3.13319 234 238 255 132 3.13402 238 240 255 130 -2.89476 212 207 239 108 2.93695 235 225 255 249 -2.20548 31 17 81 52 1.20089 78 68 128 159 1.59595 237 237 255 9 1.35213 246 251 255 0 0 
255 255 254 10 -2.2143 247 243 255 177 -1.56515 65 56 99 65 0.753151 104 98 151 30 -3.10827 103 101 143 3 -2.81984 102 103 137 14 2.40378 116 113 145 20 2.39066 130 127 159 97 -2.04814 43 37 78 66 0.700496 84 80 121 43 1.82695 123 125 160 48 -3.0378 116 121 154 48 -2.84615 102 107 138 42 2.9997 111 112 146 33 -2.8105 106 98 139 41 -2.63449 87 74 126 41 -2.16556 50 35 103 26 1.3078 74 63 125 165 1.6132 239 239 255 1 -0.785398 238 243 255 0 0 
247 246 255 6 -0.165149 244 242 255 130 -1.58618 109 105 147 130 -0.256151 71 70 120 157 0.166195 97 99 139 135 -0.0665682 88 93 126 138 0.0434509 96 98 133 135 -0.117968 81 79 121 150 0.0599282 90 84 139 140 -0.135849 68 65 121 158 0.031635 69 75 118 148 -0.0202675 65 74 111 165 -0.060532 55 65 99 169 0.0943932 74 79 118 146 -0.102381 64 58 111 164 -0.042657 59 48 110 169 -0.0236642 55 41 112 176 0.0680765 65 58 115 242 0.794144 240 241 255 7 0.876058 246 252 255 0 0 
253 252 255 9 -1.68145 241 241 255 8 -0.244979 235 234 255 9 -0.418224 229 229 255 13 0.463648 234 238 255 7 -0.876058 228 233 255 11 0.266252 232 235 255 8 -0.124355 233 232 255 9 -0.218669 229 226 255 10 0 228 226 255 11 -0.463648 219 225 255 20 0.750929 231 242 255 6 -1.40565 227 236 255 9 -0.785398 222 227 255 14 0.211093 228 225 255 11 -0.179853 228 221 255 13 0.226799 233 223 255 12 0.499347 239 232 255 10 0.927295 247 249 255 3 -2.1588 244 250 255 0 0 
254 253 255 1 0 252 252 255 1 -0.785398 249 250 255 2 -0.463648 248 248 255 3 -0.321751 247 248 255 4 0 247 249 255 4 0 247 248 255 4 0 247 247 255 4 -0.244979 246 245 255 5 0 246 245 255 5 0 245 247 255 5 0 245 247 255 5 0 245 247 255 5 0 245 247 255 5 0 246 246 255 5 0 246 245 255 5 0.197396 249 245 255 2 0.463648 250 247 255 1 0 250 250 255 2 0.463648 251 253 254 0 0 
255 255 255 0 0 255 255 255 0 0 255 255 255 0 0 255 255 255 0 0 255 255 255 0 0 255 255 255 0 0 255 255 255 0 0 255 255 255 0 0 255 255 255 0 0 255 255 255 0 0 255 255 255 0 0 255 255 255 0 0 255 255 255 0 0 255 255 255 0 0 255 255 255 0 0 255 255 255 2 -1.5708 253 253 253 2 0 253 253 253 2 0.463648 254 254 254 1 0 254 254 254 0 0 
255 255 255 1 3.14159 255 255 255 1 3.14159 255 255 255 1 3.14159 255 255 255 1 3.14159 255 255 255 1 3.14159 255 255 255 1 3.14159 255 255 255 1 3.14159 255 255 255 0 0 255 255 255 0 0 255 255 255 0 0 255 255 255 0 0 255 255 255 0 0 255 255 255 0 0 255 255 255 0 0 255 255 255 0 0 255 255 255 0 0 255 255 255 0 0 255 255 255 0 0 255 255 255 0 0 255 255 255 0 0 
254 254 254 0 0 254 254 254 0 0 254 254 254 0 0 254 254 254 0 0 254 254 254 0 0 254 254 254 0 0 254 254 254 0 0 255 255 255 0 0 255 255 255 0 0 255 255 255 0 0 255 255 255 0 0 255 255 255 0 0 255 255 255 0 0 255 255 255 0 0 255 255 255 0 0 255 255 255 0 0 255 255 255 0 0 255 255 255 0 0 255 255 255 0 0 255 255 255 0 0 
