252 251 247 7 0.785398 255 255 252 12 -2.24554 249 245 244 10 1.5708 255 255 254 20 3.14159 255 255 254 16 -2.95624 255 252 251 17 3.02448 255 253 254 15 3.07502 255 254 255 28 3.14159 255 254 255 16 -2.83871 252 250 250 16 2.83871 255 255 254 17 -3.08284 254 255 253 17 3.08284 255 255 252 16 -2.95624 255 253 249 17 2.96692 255 255 252 15 3.14159 255 255 252 18 -2.87065 252 250 250 7 2.35619 255 255 255 24 -2.84615 248 248 248 9 0.785398 255 255 255 0 0 
255 255 252 8 -1.81578 249 248 244 8 -0.244979 249 245 244 245 -3.1008 239 235 234 213 3.12282 244 239 238 207 -3.12227 240 235 234 208 3.12236 244 238 239 223 -3.08783 231 226 227 207 3.08369 241 239 239 222 -3.11907 236 234 234 223 3.12366 238 239 237 224 -3.13713 237 238 236 225 3.1327 241 239 238 226 -3.1239 239 236 232 226 3.11947 245 240 237 228 -3.12844 241 237 236 228 3.10652 247 245 245 245 -3.08858 232 232 232 164 3.00141 255 255 255 4 -1.5708 251 251 251 0 0 
253 254 250 2 2.35619 255 255 252 255 -1.58256 4 0 0 48 0.472907 26 22 21 156 0.064015 37 31 32 133 -0.0375763 32 26 27 156 -0.0703963 20 15 16 164 0.0243854 24 19 20 156 -0.0192284 19 17 17 155 -0.0386904 11 11 11 153 0.0196053 14 14 14 145 -0.0137922 12 13 11 139 0.00719412 15 13 12 128 -0.0312398 13 9 8 124 0.0241888 17 12 11 117 -0.0256354 13 9 8 114 -0.078784 2 0 0 129 0.564351 69 69 69 186 1.56542 255 255 255 7 -2.1588 249 249 249 0 0 
251 252 248 4 0.244979 252 253 249 209 -1.55644 45 43 42 135 1.62999 182 178 177 23 -0.60005 170 164 165 32 0.588003 187 182 183 8 -2.78282 184 179 180 21 -0.188221 178 176 176 5 -0.785398 172 172 172 10 -0.851966 164 164 164 10 -0.507098 159 159 159 12 -0.726642 151 151 151 15 -0.694738 143 141 141 16 -0.519146 135 133 132 19 -0.207496 133 128 129 19 -0.305879 127 122 123 23 -0.635027 111 109 109 47 -0.965252 70 70 70 181 1.5487 251 251 251 4 0.244979 252 252 252 0 0 
253 255 252 2 3.14159 255 255 252 220 -1.5708 37 35 34 162 1.52145 199 197 196 17 -2.85554 196 191 192 24 -2.38476 179 174 175 26 1.38081 205 200 202 25 -2.1588 182 179 181 24 -0.0416426 179 178 180 17 -0.358771 173 172 174 16 -0.302885 166 168 169 13 -0.394791 161 163 164 13 -0.628796 155 154 156 6 -0.463648 154 152 152 8 -0.519146 152 147 149 6 -1.10715 146 141 142 6 -1.24905 138 136 136 62 -1.49033 74 74 74 181 1.6315 255 255 255 6 3.14159 255 255 255 0 0 
251 255 250 2 0.785398 253 255 252 212 -1.58966 43 44 42 137 1.5052 182 180 179 17 -2.78282 178 173 174 6 1.89255 184 179 180 7 1.2925 189 186 188 17 1.5708 206 203 205 10 -1.0637 195 194 196 6 -2.03444 187 189 190 9 -1.68145 178 180 181 6 -1.73594 172 174 175 13 -1.41815 161 160 162 3 -0.588003 159 158 160 10 -0.851966 153 150 152 10 -0.71883 146 143 145 9 -0.321751 141 141 141 79 -1.3932 63 63 63 186 1.56542 249 249 249 6 0.674741 253 253 253 0 0 
251 255 252 5 -2.2143 249 253 248 199 -1.56075 52 53 51 112 1.59758 164 165 163 32 0.252554 174 172 172 11 1.10715 184 182 182 5 1.9513 189 186 188 27 0.942 211 207 212 20 -2.1451 192 191 195 9 -0.418224 186 187 191 12 -0.785398 177 178 182 7 -0.404892 172 175 179 13 -1.04272 162 163 167 5 0.380506 166 165 169 8 -1.05165 161 157 162 6 -1.10715 155 152 154 3 0.588003 155 155 155 91 -1.62569 64 64 64 190 1.59185 254 254 254 1 0.785398 255 255 255 0 0 
248 254 249 3 0.321751 249 255 250 204 -1.56099 49 50 48 146 1.55025 195 196 194 34 -2.60117 179 177 177 3 2.1588 182 179 181 23 1.52735 205 201 206 5 -2.11122 198 197 201 7 0.404892 199 200 204 8 -0.519146 195 196 200 11 -1.66146 182 185 189 3 -2.1588 179 182 186 15 -1.1659 167 168 172 10 0.0996687 168 169 173 8 -1.10715 164 160 165 6 -1.24905 158 155 157 10 -0.643501 150 149 151 90 -1.44918 60 60 60 195 1.58105 255 255 255 3 -2.1588 252 252 252 0 0 
251 255 254 0 0 251 255 254 203 -1.58557 52 53 51 113 1.68534 165 166 164 24 0.426627 177 175 175 14 0.432408 183 180 182 19 1.62338 200 199 203 7 0.785398 205 204 208 9 2.81984 206 206 212 17 -2.39617 194 194 200 15 -0.927295 180 183 188 14 0.343024 185 188 193 17 -2.52134 177 177 183 6 -0.896055 172 172 178 11 -1.03038 166 162 167 8 0 166 163 165 5 -2.49809 161 160 162 103 -1.54168 58 58 58 195 1.56054 253 253 253 2 2.03444 255 255 255 0 0 
251 255 254 3 -1.89255 248 253 251 213 -1.55671 39 40 38 148 1.55053 187 187 187 8 0.124355 190 187 189 23 -2.79282 182 179 181 25 1.3734 205 204 208 12 -2.35619 196 195 199 2 -2.67795 193 193 199 12 0.96007 203 203 209 25 -2.8578 194 197 202 24 -1.90553 171 174 179 18 0.439843 181 181 187 5 -2.49809 178 179 183 14 -2.55359 174 170 175 13 -1.17601 162 159 161 7 0.588003 164 164 164 104 -1.51317 60 60 60 192 1.54476 252 252 252 2 0.785398 254 254 254 0 0 
250 255 253 3 2.81984 251 255 254 213 -1.5708 42 42 42 153 1.54466 195 195 195 30 -1.87172 168 165 167 26 0.785398 187 184 186 13 2.19959 198 194 199 25 -0.07983 194 193 197 12 0.726642 200 201 205 21 -1.75902 179 180 184 38 0.238609 186 189 193 20 0.0996687 188 191 195 16 -0.915101 177 178 182 22 -0.502843 166 167 171 29 0.310998 179 175 180 11 -1.5708 168 165 167 12 0.321751 170 170 170 105 -1.56127 65 65 65 189 1.5708 254 254 254 2 -1.10715 252 252 252 0 0 
247 252 250 5 0.785398 253 255 254 209 -1.60428 46 46 46 140 1.5708 186 186 186 16 -0.0624188 187 184 186 8 -1.21203 179 176 178 46 1.26274 223 219 224 62 -2.85014 203 202 206 35 -2.9997 198 197 201 34 2.52134 216 217 221 38 -2.9341 206 209 213 37 -2.92865 198 201 205 27 -3.03094 197 198 202 27 -3.03094 196 195 197 33 -2.52839 179 176 178 18 3.08609 180 177 179 12 -2.53087 171 171 171 106 -1.58023 65 65 65 190 1.60236 255 255 255 2 -2.03444 253 253 253 0 0 
253 255 255 7 -1.5708 246 248 248 202 -1.53616 46 46 46 156 1.62203 202 202 202 19 -2.31917 190 187 189 3 1.89255 195 190 192 32 -1.9513 163 160 162 20 0.35299 168 167 169 17 0.117109 170 169 171 22 0.463648 178 180 181 21 -0.336675 171 173 174 38 0.0525831 173 175 176 25 -0.119429 172 171 173 27 -0.110657 169 169 169 26 -0.394791 161 159 159 29 0.310998 170 168 168 2 0.785398 170 170 170 111 -1.48989 59 59 59 195 1.58618 254 254 254 1 -1.5708 253 253 253 0 0 
253 255 255 12 3.14159 253 255 255 217 -1.5754 38 38 38 151 1.49808 191 189 189 14 -0.141897 191 186 188 11 -2.35619 183 178 180 10 0.0996687 182 179 181 5 1.76819 187 184 186 5 1.19029 190 189 191 19 0.531724 198 200 201 39 2.85982 209 211 212 32 -2.80061 198 200 201 4 -2.89661 199 199 199 23 -2.88641 193 193 193 17 -2.78282 189 187 187 27 -0.680521 172 170 170 29 0.310998 179 179 179 123 -1.44944 56 56 56 198 1.56575 254 254 254 1 2.35619 255 255 255 0 0 
241 243 243 16 0.741947 252 254 254 205 -1.58543 49 49 49 154 1.60974 205 203 203 24 -1.69515 183 178 180 19 0.531724 193 188 190 12 -2.18152 181 178 180 37 0.212938 189 186 188 32 0.655696 207 206 208 45 -1.39486 162 161 163 58 0.310998 178 180 180 37 0.439843 194 196 196 31 -0.694738 176 176 176 39 0.0256354 177 177 177 49 0.671606 210 208 207 10 -1.9513 200 198 197 5 -0.927295 194 194 194 137 -1.49068 57 57 57 196 1.5708 253 253 253 2 2.35619 255 255 255 0 0 
253 255 255 4 -2.03444 251 251 251 208 -1.55637 43 43 43 158 1.71002 202 200 200 37 -3.0339 200 195 197 47 -2.83997 186 181 183 44 2.277 218 215 217 45 -3.07502 215 213 213 45 3.09718 217 215 215 38 3.06281 218 218 218 45 -3.05294 214 214 214 37 2.98083 220 221 219 50 -3.04192 215 215 215 46 3.11986 216 216 216 54 -2.91893 206 204 204 36 -3.05845 203 201 201 42 3.04664 205 205 205 154 -1.85355 57 57 57 194 1.60686 251 251 251 5 0.785398 255 255 255 0 0 
253 254 252 1 2.35619 254 255 253 233 -1.5665 21 21 21 154 1.15912 163 163 163 76 -2.98499 153 151 151 63 3.10986 155 153 153 70 2.88282 175 170 171 94 -3.10969 172 168 167 69 3.01189 181 177 176 127 -3.11011 175 174 170 148 3.11457 179 178 174 157 -3.09704 170 171 167 79 -3.12894 169 170 168 82 -3.06855 163 163 163 73 3.07321 168 168 168 83 -3.03358 159 159 159 65 3.09547 162 162 162 133 -2.14213 50 50 50 219 1.20722 255 255 255 3 -1.5708 252 252 252 0 0 
252 253 251 4 0.785398 255 255 254 172 -1.62887 83 83 83 168 0.023805 87 87 87 168 0.00595231 90 88 88 158 -0.0189851 87 85 85 170 -0.0470241 81 77 76 179 0.122972 103 99 98 154 -0.321751 54 51 47 132 -0.189988 29 26 22 23 -0.214061 22 22 16 78 1.12419 93 93 87 164 -0.0243854 87 88 86 165 0.0181798 90 91 89 163 -0.0306652 85 84 86 170 0.0528918 94 93 95 160 -0.0249948 90 90 90 164 0.23318 128 128 128 179 0.785398 255 255 255 7 -2.44685 250 250 250 0 0 
255 255 254 10 -1.76819 245 246 244 6 1.10715 251 251 251 5 0.785398 255 255 255 9 -1.5708 248 246 246 12 0.785398 255 255 255 2 3.14159 255 255 254 11 -2.23184 250 246 245 66 -1.43527 184 181 177 148 -2.04049 52 49 45 14 0.432408 56 56 50 201 1.56582 255 255 251 30 -3.04192 252 253 251 2 0.463648 253 254 252 2 0.785398 255 254 255 7 -2.9997 254 253 255 4 -1.32582 250 250 250 7 0.785398 255 255 255 6 -1.89255 249 249 249 7 0.588003 253 253 253 0 0 
253 254 252 0 0 248 249 247 0 0 255 255 255 0 0 255 255 255 0 0 255 255 255 0 0 255 253 253 0 0 252 248 247 0 0 255 255 254 0 0 117 114 110 0 0 65 62 58 0 0 57 57 51 0 0 227 227 221 0 0 254 255 253 0 0 255 255 254 0 0 248 247 249 0 0 255 254 255 0 0 255 255 255 0 0 253 253 253 0 0 255 255 255 0 0 255 255 255 0 0 
