255 253 252 2 0 255 253 252 7 -2.9997 252 252 252 4 0.785398 255 255 255 0 0 253 255 255 8 -2.78282 250 252 253 4 0.785398 251 255 255 5 3.14159 251 255 255 3 -2.81984 250 254 255 5 2.9442 251 255 255 7 -2.44685 246 250 251 4 2.03444 250 254 255 37 -3.11457 253 253 253 36 -2.97644 247 247 247 11 0.785398 255 255 255 3 -2.81984 254 254 254 2 2.67795 255 255 255 0 0 255 255 255 0 0 255 255 255 0 0 255 255 255 0 0 
255 255 254 9 -1.5708 248 246 245 12 0.844154 255 255 255 3 3.14159 255 255 255 11 -2.35619 245 247 247 10 2.2143 253 255 255 38 -3.01077 248 250 251 36 3.08609 248 253 252 52 -3.08396 247 249 250 58 3.14159 245 250 249 64 -3.12597 246 248 249 74 -2.71386 215 217 217 29 3.14159 217 217 217 54 2.36918 255 255 255 81 -3.10457 252 252 252 32 3.14159 252 252 252 4 0.785398 255 255 255 0 0 255 255 255 0 0 255 255 255 0 0 255 255 255 0 0 
255 255 255 5 -2.9442 255 254 254 2 -1.10715 252 252 252 5 -1.03038 247 247 247 10 -0.643501 241 241 241 48 -2.62245 217 218 216 8 -2.78282 214 214 214 23 -2.50657 198 201 199 20 -0.463648 191 191 191 26 -0.226799 183 186 184 53 -0.0940612 180 180 180 39 0.202322 188 188 188 20 -0.507098 178 178 178 30 -0.132552 174 174 174 59 0.89341 220 220 220 39 2.06814 255 255 255 32 3.14159 255 255 255 0 0 255 255 255 0 0 255 255 255 0 0 255 255 255 0 0 
252 250 250 7 0.785398 255 255 255 3 3.14159 255 255 255 3 3.14159 255 255 254 56 -1.62432 199 200 198 11 1.03038 211 210 206 14 -1.8491 197 196 192 40 0.608689 220 219 215 31 -3.10935 219 218 214 64 2.81004 240 239 235 25 -2.3007 221 220 216 20 -0.682317 208 206 205 41 0.0487419 208 209 207 20 0.14889 211 211 211 23 -2.69717 201 201 201 81 2.86668 223 223 223 37 2.1294 255 255 255 0 0 255 255 255 0 0 255 255 255 0 0 255 255 255 0 0 
255 254 255 3 -1.5708 252 252 252 1 0 254 252 252 2 0 254 252 251 47 -1.50705 207 206 202 2 0 209 206 201 45 2.60875 233 230 222 121 -2.79635 192 189 181 41 -2.28734 161 158 150 65 1.46352 226 223 215 35 2.74036 239 236 231 12 1.32582 251 248 244 19 -1.67567 230 228 227 39 -1.85257 192 190 189 73 -2.00415 123 123 123 80 1.59579 203 203 203 52 1.64757 255 255 255 0 0 255 255 255 0 0 255 255 255 0 0 255 255 255 0 0 
255 254 255 4 -2.67795 253 253 253 5 2.9442 255 254 254 1 0.785398 255 255 252 49 -1.77619 211 208 203 41 -1.66805 171 168 160 69 -0.846546 121 116 107 66 0.764125 167 163 152 11 0.266252 172 165 156 26 1.22524 195 190 181 64 2.24554 245 239 232 9 0.86217 250 246 241 28 -1.49949 221 218 214 58 -1.4848 161 159 158 39 -1.31347 121 121 121 78 1.59643 199 199 199 68 2.17912 255 255 255 0 0 255 255 255 0 0 255 255 255 0 0 255 255 255 0 0 
249 251 252 3 -2.1588 248 248 248 9 0.785398 255 255 255 12 -2.24554 249 246 242 42 -1.78189 208 205 197 10 1.0637 219 214 205 58 -1.0158 171 165 154 48 2.95624 180 174 161 9 0.110657 183 174 164 29 -0.954499 157 151 140 111 1.04272 253 246 237 26 3.02672 254 248 241 25 -1.76819 226 223 219 53 -1.5708 171 169 168 51 -1.35425 119 119 119 41 1.47354 160 160 160 103 1.96932 255 255 255 0 0 255 255 255 0 0 255 255 255 0 0 255 255 255 0 0 
247 249 250 8 0.785398 253 255 255 8 -1.5708 249 247 247 11 -1.30454 240 237 233 28 -1.78189 213 210 202 35 1.59936 250 246 235 129 -1.52432 125 116 106 75 1.07145 191 183 170 9 1.98902 200 192 179 16 2.00742 215 207 194 15 2.03444 227 221 210 25 1.85459 249 244 235 36 -2.56863 227 223 218 44 -1.91382 184 181 177 63 -2.04144 125 123 122 17 -0.174672 120 120 120 149 1.1281 255 255 255 33 3.14159 255 255 255 0 0 255 255 255 0 0 255 255 255 0 0 
253 255 255 7 3.14159 253 255 255 5 -1.5708 252 250 250 20 -1.62075 234 231 227 23 -1.74299 212 209 201 42 1.71269 255 252 241 99 -1.70136 161 152 142 69 0.385883 187 179 166 57 3.03672 194 185 171 18 2.1588 208 200 187 27 2.61352 220 214 203 14 0 218 213 204 9 -2.72337 212 208 203 59 -1.2437 155 152 148 78 -0.140102 142 140 139 78 0.59507 186 184 183 73 2.59884 222 222 222 34 1.89255 255 255 255 2 3.14159 255 255 255 2 3.14159 255 255 255 0 0 
246 248 249 9 0.785398 255 255 255 8 -2.35619 251 249 249 23 -1.39861 230 227 223 25 -1.5708 206 203 195 40 1.05165 243 238 229 22 -1.83705 223 217 206 99 -1.27452 130 122 109 67 0.900674 183 175 162 9 3.03094 184 176 163 71 0.815092 234 228 217 32 -2.35619 209 204 195 29 2.18709 231 228 220 76 3.10214 234 230 225 107 -2.91688 209 206 202 144 -2.51892 123 121 120 91 1.74674 211 211 211 43 1.8491 253 253 253 1 3.14159 253 253 253 2 1.5708 255 255 255 0 0 
255 254 255 7 -2.1588 249 249 249 7 0.588003 255 253 253 27 -1.60782 230 227 223 5 -2.11122 226 222 217 17 2.60117 237 231 224 19 0.714091 250 245 236 82 -1.59518 170 164 153 48 0.0416426 172 166 155 60 1.38647 231 225 214 70 -2.85554 211 205 194 56 -2.8366 192 187 178 53 -2.42276 155 152 144 36 -2.33659 129 125 120 36 -1.46014 92 89 85 18 1.18019 107 105 104 94 1.6027 199 199 199 53 1.75728 252 252 252 2 0.463648 253 253 253 2 1.10715 255 255 255 0 0 
251 250 252 4 1.10715 255 255 255 3 -1.89255 254 252 252 29 -1.46771 225 223 222 17 -1.62955 210 207 203 39 1.3932 249 246 241 20 -2.9442 246 243 235 34 -1.15839 214 212 202 40 -2.08994 181 176 167 35 -2.53784 161 156 147 6 -1.5708 155 150 141 7 -0.404892 150 147 139 20 -1.86225 130 126 121 5 0.54042 133 129 124 38 -2.11566 99 96 92 19 0.370891 106 103 99 87 1.63965 191 189 188 66 1.75336 254 254 254 1 0 254 254 254 1 1.5708 255 255 255 0 0 
253 253 253 2 0.463648 254 254 254 1 0.785398 255 255 255 34 -1.83705 222 223 221 34 -0.266252 215 213 212 13 2.09887 227 226 222 30 1.40565 255 255 252 66 -1.69142 193 190 185 44 -1.61622 150 146 141 37 0.244979 159 156 148 8 0.124355 160 157 149 16 -1.63322 144 140 135 9 -1.46014 135 131 126 23 -1.91957 113 109 104 13 0.394791 118 114 109 28 -2.50508 100 97 93 81 1.58314 179 177 176 79 1.74839 255 255 255 1 -1.5708 254 254 254 2 2.67795 255 255 255 0 0 
255 255 255 6 3.14159 255 255 255 9 -1.5708 246 246 246 12 0.844154 255 255 255 49 -1.65225 206 207 205 24 1.52915 230 231 229 17 1.45369 247 248 246 60 -1.62075 189 188 184 6 -1.40565 183 182 178 24 -2.23909 164 164 158 8 -1.44644 158 155 150 15 -2.03444 144 141 136 18 -1.84174 127 123 118 2 -0.785398 125 121 116 31 -1.86225 95 91 86 14 0.343024 99 96 92 68 1.48279 165 163 162 92 1.67907 255 255 255 3 -1.5708 252 252 252 3 1.5708 255 255 255 0 0 
249 249 249 8 0.785398 255 255 255 4 -2.89661 254 254 254 3 -1.89255 251 251 251 44 -1.48014 205 207 207 29 1.03038 230 232 232 15 2.26553 242 244 244 56 -1.4289 188 189 187 23 -1.91957 166 167 165 8 -0.358771 163 164 160 17 -1.98321 149 148 144 12 -1.40565 139 136 132 12 -1.07145 129 125 120 13 -1.64757 116 112 107 11 -0.661043 111 105 100 3 -2.1588 106 101 98 52 1.74218 155 153 152 102 1.60999 255 255 255 3 -1.5708 252 252 252 3 0.982794 255 255 255 0 0 
255 255 255 4 -1.5708 251 251 251 2 1.10715 253 253 253 2 0.785398 255 255 255 33 -1.60109 220 222 222 33 0 220 222 222 44 2.40378 250 252 252 72 -1.54303 178 181 179 6 -1.73594 174 175 173 18 -1.68145 156 157 155 7 -1.1659 151 150 146 8 -1.44644 143 142 138 18 -1.89255 127 124 120 3 -0.982794 125 120 117 19 -1.94169 107 102 99 10 -1.3734 96 93 89 64 2.06891 151 149 148 122 1.04155 255 255 255 7 -2.9997 254 254 254 1 0.785398 255 255 255 0 0 
253 255 255 3 -1.5708 250 252 252 3 1.24905 253 255 255 5 -2.9442 252 254 254 1 1.5708 255 255 254 66 -1.5708 189 190 188 68 1.24444 254 255 253 75 -1.61077 179 180 176 7 -1.4289 174 173 169 20 -2.45928 161 160 156 9 -1.35213 152 150 149 15 -1.63736 137 135 134 10 -1.76819 127 125 124 13 -1.96559 115 113 112 60 -2.9927 106 104 103 61 -2.36769 63 61 60 197 0.86437 211 211 211 48 0.873406 248 248 248 9 0.785398 255 255 255 7 -1.5708 248 248 248 0 0 
253 255 255 9 -2.92292 251 253 253 3 -0.982794 248 250 250 6 0.674741 252 254 254 5 2.9442 255 255 254 44 -1.5708 211 212 210 59 0.737815 253 252 248 113 -2.46271 182 181 177 36 -2.43297 158 157 153 91 3.0867 163 162 158 102 -3.02448 151 149 148 89 -2.96174 135 133 132 63 -2.93491 122 120 120 67 -1.58572 55 53 53 155 0.0451306 60 60 60 229 0.596457 189 189 189 84 0.676586 242 242 242 18 0.785398 255 255 255 0 0 255 255 255 4 -2.03444 251 251 251 0 0 
244 246 246 12 0.785398 253 255 255 3 3.14159 253 255 255 9 -2.43297 247 249 249 8 0.785398 255 255 254 2 3.14159 255 255 254 92 -1.7005 165 164 160 78 -0.140102 154 153 149 87 -1.4791 67 66 62 134 -0.0447462 61 60 56 186 0.0107523 63 61 60 188 0.0531414 73 71 70 190 0.255182 121 119 119 158 0.596759 210 208 208 63 0.729277 250 250 250 7 0.785398 255 255 255 2 3.14159 255 255 255 4 3.14159 255 255 255 4 -2.67795 253 253 253 0 0 253 253 253 0 0 
253 255 255 0 0 250 252 252 0 0 246 248 248 0 0 253 255 255 0 0 253 254 252 0 0 243 244 242 0 0 243 242 238 0 0 162 161 157 0 0 201 200 196 0 0 247 246 242 0 0 251 249 248 0 0 255 255 254 0 0 252 250 250 0 0 255 255 255 0 0 255 255 255 0 0 253 253 253 0 0 251 251 251 0 0 251 251 251 0 0 253 253 253 0 0 255 255 255 0 0 
