243 255 255 1 -1.5708 247 254 255 1 0.785398 255 252 255 0 0 255 251 255 0 0 255 251 255 2 3.14159 255 251 255 3 3.14159 251 253 255 1 -2.35619 249 253 255 3 -1.24905 249 249 255 5 0.785398 253 254 255 2 3.14159 255 254 255 5 -1.9513 252 249 251 7 0.785398 255 254 255 4 -2.89661 254 253 255 1 -0.785398 244 253 255 2 0 244 253 255 2 1.5708 251 255 255 0 0 253 255 255 2 3.14159 248 255 254 2 3.14159 246 255 254 0 0 
250 255 255 2 3.14159 253 255 255 2 3.14159 255 253 255 2 3.14159 255 251 255 2 -2.03444 255 250 255 2 -0.463648 254 250 255 3 0.588003 249 253 255 1 1.5708 246 255 255 3 3.14159 244 255 255 2 -1.5708 244 253 255 11 3.14159 248 253 255 10 2.9442 251 254 255 4 -1.5708 251 250 252 4 1.5708 253 255 255 0 0 250 255 255 2 -1.5708 248 253 254 2 2.03444 255 254 255 2 -1.5708 255 252 253 2 0 249 254 253 2 0.463648 249 255 253 0 0 
255 253 250 1 0 255 252 252 2 0 255 252 253 2 0.463648 255 253 254 1 0.785398 255 254 254 0 0 255 255 254 1 -1.5708 247 255 253 2 -1.10715 236 254 253 3 0.982794 230 255 255 16 -2.22649 215 244 249 29 3.10712 224 244 249 30 2.7367 241 255 255 5 -2.35619 244 252 251 5 0.785398 253 255 254 0 0 255 255 254 3 -1.5708 255 251 252 4 0.785398 255 253 255 0 0 255 253 255 0 0 255 254 255 0 0 255 255 255 0 0 
255 253 251 1 2.35619 255 255 252 0 0 255 255 254 0 0 255 255 252 2 3.14159 255 255 249 6 3.14159 255 255 249 4 3.14159 244 255 251 1 -1.5708 226 255 255 9 -1.46014 190 251 255 38 -2.15155 147 219 227 14 2.9997 155 220 229 39 2.01198 205 255 255 28 2.9997 236 255 255 1 3.14159 251 255 254 2 3.14159 255 255 252 4 3.14159 255 254 254 4 3.14159 255 253 255 2 3.14159 255 252 255 3 3.14159 255 253 255 3 3.14159 255 255 255 0 0 
255 252 254 2 1.10715 255 255 255 1 3.14159 251 255 255 2 -2.35619 249 255 250 4 -1.32582 247 253 242 6 0.321751 246 255 243 5 0.785398 239 255 251 0 0 209 255 255 32 -1.82335 127 233 244 29 -2.11122 73 210 226 6 -0.165149 70 209 225 25 1.53082 124 232 244 35 2.09686 213 255 255 8 -3.01724 246 253 255 2 -0.785398 255 251 250 4 0 255 251 248 4 0.463648 253 252 254 2 -0.463648 248 251 255 3 0 250 251 255 2 0.463648 253 252 254 0 0 
249 254 255 1 0 247 254 255 1 -0.785398 241 253 255 1 2.35619 238 255 255 3 2.81984 237 255 252 0 0 230 255 254 1 3.14159 218 255 255 16 -2.62245 173 254 255 42 -2.05527 76 220 238 14 -2.86329 40 218 243 6 -1.89255 27 213 237 6 1.5708 63 217 236 41 1.66805 173 251 255 20 2.67795 223 255 255 9 3.14159 239 255 255 4 3.14159 244 255 255 1 3.14159 239 255 255 4 3.14159 241 255 255 1 -1.5708 249 254 255 1 -0.785398 251 252 255 0 0 
246 255 255 2 3.14159 241 255 255 3 -1.89255 229 251 255 4 -2.89661 217 252 255 19 2.9341 211 255 255 38 -3.11528 196 255 255 45 -2.85431 163 248 255 37 -2.76109 117 235 254 39 -2.194 37 204 237 10 0.927295 19 215 251 4 -1.10715 8 212 247 2 1.5708 33 213 242 27 1.53378 113 236 255 32 2.55359 168 250 255 39 3.01408 196 252 255 43 3.07194 215 254 255 35 -3.05609 219 254 255 16 2.89661 234 255 255 10 3.14159 248 254 255 1 3.14159 255 253 255 0 0 
246 254 254 2 0.463648 236 255 255 6 -1.89255 209 248 255 24 -2.41495 170 234 252 41 -2.77442 134 222 239 17 -2.72918 105 217 235 4 -2.03444 84 214 237 7 -2.86329 57 213 242 3 -1.89255 22 211 250 4 1.81578 8 216 255 6 -1.73594 0 213 249 4 0.785398 16 216 245 1 -2.35619 50 212 236 6 1.73594 83 216 236 7 2.9997 100 214 237 12 1.99742 132 224 243 25 2.46685 175 241 246 44 2.9131 206 250 249 16 2.57026 235 255 255 2 2.67795 246 255 255 0 0 
253 255 251 3 -1.5708 229 255 255 22 -1.48014 168 234 245 39 -1.20907 92 200 218 20 0.398522 65 210 235 7 1.8491 47 219 247 12 -2.35619 27 210 242 4 1.81578 19 215 251 3 -0.982794 3 211 253 4 2.03444 2 216 255 2 -2.35619 2 216 251 1 -2.35619 8 216 244 1 -1.5708 23 215 238 3 0 28 215 236 5 0.643501 28 216 244 4 -1.5708 47 211 233 7 -1.5708 89 205 206 45 1.03795 165 242 235 24 1.05165 209 255 255 3 0.321751 221 255 255 0 0 
255 255 249 1 -1.5708 235 255 255 10 -1.47113 187 248 255 33 -1.2397 111 219 237 28 -0.479519 50 209 235 11 0 18 212 242 2 -0.463648 1 212 246 7 1.4289 1 218 255 7 -1.71269 0 209 253 4 1.10715 2 214 255 2 -0.463648 1 215 250 2 0 3 217 246 2 1.5708 8 220 244 3 2.81984 11 221 245 5 -2.9442 6 219 246 5 -2.2143 32 213 234 17 1.15839 112 228 229 37 0.841942 181 253 247 16 0.828849 212 255 255 1 -1.5708 220 255 255 0 0 
255 255 252 0 0 248 255 255 0 0 232 255 255 18 -1.5708 175 240 254 31 -1.00887 90 219 238 27 -0.333244 36 214 237 14 -0.141897 4 215 242 5 1.3734 0 219 253 5 -2.2143 5 211 252 4 1.81578 11 214 255 4 -2.89661 5 216 253 2 -1.5708 0 216 249 1 -0.785398 2 216 243 1 -0.785398 11 215 238 1 0.785398 32 213 238 13 0.463648 78 216 234 47 0.800322 178 246 251 19 0.822418 227 255 255 1 0.785398 237 255 255 1 -1.5708 240 255 255 0 0 
253 255 255 1 3.14159 253 255 255 0 0 251 254 255 2 -2.67795 222 255 255 18 -1.5153 147 243 255 28 -0.835357 75 227 244 17 -1.03038 17 215 239 1 2.35619 0 217 247 2 -1.5708 4 211 249 6 0.165149 5 211 252 3 1.24905 3 215 255 1 -1.5708 0 216 252 1 -0.785398 1 216 247 3 -0.321751 21 215 239 12 1.32582 74 223 243 27 1.35213 150 245 255 21 0.71883 221 255 255 2 0.785398 250 255 255 0 0 251 254 255 2 -2.03444 248 253 254 0 0 
250 252 255 1 2.35619 253 254 255 2 -1.5708 255 253 252 2 1.5708 241 255 255 1 3.14159 204 255 255 31 -1.5708 121 233 245 25 -1.84381 36 214 233 2 2.35619 3 218 243 4 1.10715 1 221 251 4 -1.5708 0 215 251 2 2.35619 0 215 255 3 3.14159 1 216 255 5 2.9442 4 219 252 1 -2.35619 36 216 241 15 1.5708 113 227 240 37 1.70512 202 255 255 1 3.14159 241 255 255 0 0 255 254 255 1 -2.35619 254 253 255 1 0 250 255 254 0 0 
248 250 255 2 0.785398 253 254 255 2 -2.35619 255 255 247 2 0.463648 247 255 251 1 2.35619 214 255 255 38 -1.59711 127 225 237 21 -1.99365 38 211 231 6 1.10715 8 220 244 2 2.03444 7 221 248 10 -2.49809 1 214 245 3 0.321751 7 212 250 8 -0.244979 7 209 248 5 1.5708 8 217 251 3 3.14159 42 215 241 10 1.47113 119 221 234 41 1.54641 211 255 255 1 1.5708 246 255 255 1 -1.5708 255 253 254 1 1.5708 255 255 255 0 0 251 255 255 0 0 
248 255 255 2 -1.5708 251 254 252 5 2.76109 255 255 248 2 -1.5708 242 255 250 2 0.463648 201 255 255 46 -1.61425 102 216 233 8 -2.03444 32 213 239 4 0.463648 9 217 245 7 -2.35619 18 211 238 16 0.302885 32 215 241 27 0.218669 43 218 251 28 -0.354706 28 208 243 11 0.179853 16 212 246 4 2.03444 41 216 243 10 1.9513 108 223 238 40 1.69515 197 255 255 5 2.9442 239 255 255 1 -1.5708 255 254 254 1 1.5708 251 255 255 0 0 250 255 254 0 0 
246 255 255 7 -1.5708 243 250 247 9 0.785398 255 255 251 1 3.14159 244 255 255 3 -1.89255 202 255 255 48 -1.63322 110 211 226 18 0 64 215 236 8 -0.950547 45 209 231 32 0.519146 82 223 242 42 0.389317 110 238 255 23 0.255182 118 242 255 32 -0.915101 85 217 241 42 -0.26212 54 208 233 27 0.073939 67 210 231 10 1.0637 119 217 229 41 1.27934 196 254 255 6 1.10715 239 255 255 1 -1.5708 254 254 254 1 0.785398 251 255 254 0 0 250 255 254 0 0 
241 255 255 4 3.14159 246 255 255 1 -1.5708 255 253 254 1 3.14159 250 254 255 5 -1.3734 219 252 255 27 -1.35213 169 227 232 31 -0.421419 135 217 222 42 0.389317 151 233 238 40 0.732815 201 255 255 3 0 209 255 255 3 0.982794 209 255 255 5 -1.76819 193 255 255 25 -1.3734 151 232 239 34 -0.62025 132 213 218 44 0.363979 171 226 229 42 0.818719 224 255 255 4 0.785398 246 255 255 0 0 255 255 255 0 0 253 255 255 0 0 253 255 255 0 0 
239 252 254 5 0.785398 248 255 255 2 -1.5708 255 251 255 2 1.10715 255 254 255 3 3.14159 239 255 255 4 -2.03444 223 255 254 5 -0.643501 213 253 251 9 0.785398 227 255 255 1 3.14159 246 255 255 3 -2.81984 252 253 255 1 3.14159 247 254 255 1 1.5708 237 255 255 2 -1.5708 219 255 255 6 -1.24905 212 252 250 8 0.358771 227 253 253 7 0.785398 241 255 255 0 0 250 255 255 0 0 255 255 255 0 0 255 255 255 0 0 255 255 255 0 0 
255 254 255 0 0 255 254 255 1 -2.35619 255 252 255 2 -1.10715 255 251 253 3 0.321751 244 254 254 2 2.03444 239 255 255 0 0 234 255 255 1 -1.5708 238 255 255 4 -2.67795 248 252 253 1 1.5708 255 252 254 2 0.463648 254 253 255 1 0.785398 248 255 255 0 0 237 255 255 3 3.14159 236 255 255 3 3.14159 241 255 255 2 3.14159 246 255 255 0 0 251 255 255 0 0 255 255 255 0 0 255 255 255 0 0 255 255 255 0 0 
255 253 255 0 0 255 252 255 0 0 255 253 255 0 0 255 253 255 0 0 248 252 253 0 0 244 255 255 0 0 241 255 255 0 0 239 251 251 0 0 252 251 253 0 0 255 254 255 0 0 255 254 255 0 0 253 255 255 0 0 241 253 253 0 0 240 254 253 0 0 242 254 254 0 0 248 255 255 0 0 253 255 255 0 0 255 255 255 0 0 255 255 255 0 0 255 255 255 0 0 
