255 252 254 2 0 253 252 255 2 2.35619 248 254 255 5 -2.2143 247 252 251 6 2.46685 255 255 247 24 3.14159 255 255 233 125 -2.78468 255 219 170 123 -2.74307 253 171 113 74 -2.60578 228 131 75 24 -2.4417 215 115 57 7 -2.26553 202 109 54 24 1.73594 216 134 79 42 2.38952 234 164 110 89 2.53816 255 214 171 132 2.76952 255 255 234 129 3.14159 255 255 244 30 -2.97644 255 250 243 7 0.785398 255 255 252 11 3.14159 248 255 255 3 -2.55359 239 253 255 0 0 
255 255 252 4 -2.03444 255 252 248 3 2.81984 255 252 251 6 -1.10715 255 248 238 31 -2.64978 255 236 210 162 -2.52634 188 145 102 52 -2.27529 171 108 48 14 0.141897 188 111 42 24 0.295441 202 117 47 27 -0.073939 203 115 45 28 -0.176709 196 110 40 27 -0.110657 188 107 40 27 -0.528074 165 92 32 20 0.0996687 153 92 42 44 1.20682 177 130 98 110 2.03848 255 227 207 143 2.9305 255 255 244 60 -2.95727 255 244 240 13 0.628796 248 252 253 2 0.463648 241 253 255 0 0 
255 255 243 5 -1.76819 255 252 237 9 0.785398 255 255 240 54 -2.39514 255 223 193 168 -2.34779 169 107 53 5 1.03038 190 116 44 16 0.519146 201 128 42 31 0.362544 211 143 48 36 0.304511 215 155 59 23 -0.0434509 215 154 56 27 -0.218669 218 147 49 19 -0.305879 216 139 47 24 -0.813962 198 115 40 8 -0.244979 189 109 48 24 -1.40565 154 83 33 27 0.333244 147 89 53 111 1.61581 237 198 176 130 2.67107 255 255 247 49 -3.12119 255 253 254 1 2.35619 248 255 255 0 0 
255 255 239 4 0.785398 255 255 237 40 -1.71969 255 220 188 150 -2.27149 169 107 59 15 3.07502 197 112 42 24 0.699893 218 134 45 35 0.705568 230 162 61 28 0.636508 235 183 76 14 -0.0713075 222 184 76 23 0.129703 226 186 80 51 -0.273009 227 170 65 45 -0.17594 229 158 61 33 -0.957589 209 125 43 32 -0.185348 203 115 44 3 -0.588003 196 111 49 23 -1.87885 158 86 38 15 0 135 83 53 126 1.6421 238 207 192 110 2.70223 255 253 249 5 -2.60117 250 249 251 0 0 
255 255 244 6 -1.73594 255 254 229 143 -1.99397 185 123 82 45 -2.32495 177 93 35 39 1.07345 223 133 56 24 1.40565 240 163 70 19 1.41419 239 189 83 13 0.628796 231 200 91 31 0.260602 229 206 106 43 0.753151 255 234 140 38 -0.509592 254 211 124 51 -0.717012 234 174 90 14 -1.49949 238 158 73 35 -1.4289 210 121 41 21 -0.588003 192 105 39 0 0 182 102 49 24 -1.65394 140 75 37 40 1.03038 152 108 85 150 1.90307 255 248 240 69 3.06926 255 253 250 0 0 
255 255 241 64 -1.55517 225 194 169 126 -2.1938 167 92 48 17 1.5708 207 112 49 21 1.14794 227 138 58 23 1.44109 236 167 74 28 1.24905 234 199 101 27 1.60782 242 227 134 10 1.19029 243 233 155 35 1.13246 255 255 194 14 -1.2925 255 245 181 76 -1.22426 217 172 105 42 -0.239232 227 163 85 22 -1.66146 217 139 62 31 -1.86225 191 105 39 7 -0.2783 185 99 45 1 -1.5708 172 97 53 35 -1.76819 117 60 29 123 1.43234 211 179 166 107 2.36935 255 253 248 0 0 
255 255 240 140 -1.7137 162 118 94 34 -2.1508 169 90 49 26 1.3078 212 120 61 21 2.42276 223 141 63 30 1.26988 234 174 90 41 0.420663 216 193 117 61 0.54319 226 222 163 35 0.626743 238 236 201 31 0.739975 255 254 227 11 0.785398 255 255 230 57 -1.58834 237 207 166 71 -0.834863 198 158 100 89 -0.328793 185 128 66 106 -0.131315 189 110 53 83 -0.108012 187 99 45 11 -0.785398 175 90 40 11 -1.66146 147 78 39 30 1.1659 145 103 84 150 1.7447 255 250 240 0 0 
255 237 217 138 -1.66472 150 100 70 13 -2.91479 181 99 52 4 2.35619 198 105 42 40 1.344 233 150 72 62 1.93334 255 210 134 32 1.69515 255 240 184 29 0.2783 248 243 210 25 0.62025 253 253 241 7 0.876058 255 255 252 3 -2.81984 255 255 244 8 -1.69515 255 251 228 18 -1.05841 255 239 201 26 -0.309703 255 232 183 49 -0.842479 255 192 139 88 -1.88179 200 107 52 20 -2.18546 183 90 35 2 1.5708 168 91 45 10 -1.9513 124 78 54 156 1.6603 255 232 219 0 0 
255 225 201 138 -1.66472 141 89 53 7 1.97569 185 99 39 15 1.3734 214 117 43 13 2.5128 219 127 48 76 1.54449 255 202 135 88 2.3322 255 255 223 77 3.12861 255 255 241 10 -3.04192 255 254 253 2 -1.5708 248 252 253 2 0.463648 249 255 250 3 2.55359 255 255 245 0 0 255 255 237 15 3.14159 255 255 226 142 -2.39578 245 165 112 98 -2.36339 195 95 36 6 -2.24554 189 91 31 2 -0.785398 169 87 39 20 -1.3734 115 65 37 152 1.55106 249 215 199 0 0 
248 214 185 129 -1.40058 138 87 47 13 1.8693 188 104 39 11 3.05093 205 107 31 24 1.01649 224 128 52 26 2.62714 218 140 74 50 1.91118 230 183 145 86 2.23286 255 248 230 32 2.85904 255 254 251 0 0 249 254 255 8 -2.62245 241 252 249 7 0.785398 255 255 248 15 -1.5708 255 245 222 95 -1.92224 198 156 119 83 -2.30539 173 94 43 11 -0.266252 190 92 32 3 2.81984 191 93 33 4 3.14159 175 92 41 21 -1.66575 118 68 40 137 1.54161 237 204 185 0 0 
255 238 204 154 -1.46727 130 84 43 20 0.291457 170 91 34 26 1.8805 213 118 49 25 -2.49809 199 104 31 19 1.41419 206 123 55 16 2.35619 193 134 78 91 1.74674 255 222 183 42 1.21203 255 255 241 7 -1.4289 243 249 244 9 1.0122 250 255 252 3 3.14159 255 255 242 48 -1.65394 244 215 176 115 -1.34464 156 103 52 7 0.694738 182 106 54 17 -1.85685 178 88 34 3 0 181 88 32 10 0.197396 167 90 41 18 -2.20355 119 72 44 149 1.47046 252 219 203 0 0 
255 253 226 150 -1.53748 141 103 69 55 -0.407256 155 82 32 14 2.06474 187 96 35 8 1.81578 199 105 39 5 2.35619 192 111 44 21 2.76109 179 119 59 121 1.50478 255 239 191 32 0.939717 255 255 231 25 -3.02216 255 255 235 92 3.14159 255 255 237 102 -3.13179 255 255 230 33 -2.57026 255 242 198 134 -1.40687 167 109 57 19 -0.305879 179 102 46 18 -2.6292 179 92 35 13 0.566729 184 99 43 20 -1.17227 149 79 32 15 2.35619 128 87 62 169 1.2658 255 248 232 0 0 
255 254 244 104 -1.54196 180 150 131 101 -0.903724 139 72 33 20 1.10715 178 92 38 6 1.89255 188 101 37 13 -2.03444 163 91 27 36 1.35213 174 127 73 132 1.60866 255 255 209 82 -2.92028 255 240 191 145 -2.64115 217 168 122 65 -2.98894 208 157 114 101 2.33522 255 230 188 123 2.8789 255 255 223 164 -2.17058 183 127 80 41 -1.35471 168 88 23 24 0.844154 195 107 37 5 2.2143 187 107 52 42 -2.05527 128 67 27 74 1.35503 170 138 115 142 0.984735 255 255 243 0 0 
255 254 255 44 -1.61622 234 212 201 140 -1.27387 137 80 49 76 0.0918461 166 89 43 15 3.00904 173 93 38 8 0.244979 170 97 39 24 1.27536 175 121 68 60 1.90825 230 178 125 102 -2.43934 176 113 52 11 -2.48055 177 106 43 15 -1.5708 165 89 30 36 0.708626 186 111 59 58 1.51912 233 168 123 74 -2.6659 204 136 83 42 -2.22364 193 107 31 21 -0.0475831 192 106 30 20 -0.682317 160 87 35 2 -0.785398 133 82 49 153 1.08966 242 216 199 57 0.785398 255 255 247 0 0 
255 251 254 1 -1.5708 255 251 246 99 -1.5405 199 154 133 126 -0.729277 133 72 38 57 0.448145 172 99 55 31 3.10935 180 101 50 5 -0.927295 178 99 42 11 -0.0906599 179 100 37 14 0.211093 185 104 36 15 0.132552 191 106 38 22 0.625485 207 117 53 4 -0.244979 208 115 52 14 -0.885067 199 104 41 23 0.255182 207 112 42 20 0.682317 223 130 45 12 -2.64225 206 123 45 32 -2.1588 155 89 40 78 1.03257 195 153 124 134 0.912371 255 255 242 2 3.14159 255 255 249 0 0 
255 251 254 2 0.785398 255 254 252 16 -2.62245 255 248 234 126 -1.50739 167 123 100 135 -0.443783 125 66 34 81 0.441793 174 102 60 29 3.00453 192 108 56 21 3.04664 201 112 51 8 2.62245 209 118 51 7 2.44685 216 124 53 4 -2.89661 217 122 53 4 1.5708 224 126 56 7 2.7367 231 129 57 4 -2.89661 228 130 52 15 -2.03444 207 118 37 14 -2.0032 176 104 34 33 1.17372 179 128 88 122 1.10349 255 233 214 27 2.22868 255 255 245 10 -2.85014 254 251 247 0 0 
251 255 255 14 -1.78189 243 242 238 19 0.785398 255 255 249 15 -2.2143 255 244 232 106 -1.46739 178 138 120 136 -0.522789 126 71 44 113 0.105798 155 84 46 21 0.851966 186 103 52 19 2.88427 201 110 49 19 2.7707 214 119 50 20 2.9927 218 123 50 14 -2.9305 214 120 47 9 2.43297 214 126 55 16 -2.89661 203 123 52 29 -2.67795 181 110 43 11 2.60117 166 113 62 74 1.38132 207 181 157 37 1.6248 225 215 208 29 1.77481 248 243 240 8 2.35619 251 249 248 0 0 
247 253 252 4 2.35619 251 255 254 10 -2.07789 248 246 245 12 0.726642 255 253 251 1 0.785398 255 254 248 73 -1.69346 217 182 168 113 -0.872676 146 96 73 134 -0.12713 142 82 46 77 0.0777649 160 90 43 26 0.189988 172 97 41 10 0.982794 181 108 48 14 2.86329 182 112 53 17 -2.96692 172 108 54 14 -1.78189 149 93 44 24 0.124355 143 95 53 60 0.515073 155 123 94 91 0.676456 187 177 167 52 0.677708 208 208 208 39 0.821097 237 237 237 16 0.741947 248 248 248 0 0 
249 248 250 6 0.165149 248 250 251 5 1.9513 255 254 255 7 3.14159 255 254 255 9 -1.68145 251 245 246 10 0.982794 255 255 251 27 -1.64474 247 229 218 77 -1.21654 182 158 138 109 -0.422854 144 115 88 138 -0.108271 134 100 70 138 -0.079542 123 90 57 134 0.00746255 120 90 61 127 0.0863985 126 99 79 125 0.103627 132 110 98 125 0.258544 157 141 135 106 0.467849 198 188 188 68 0.404892 220 215 216 39 0.497343 235 235 235 24 0.610726 249 249 249 7 0.588003 253 253 253 0 0 
255 254 255 0 0 248 247 249 0 0 246 246 252 0 0 250 253 255 0 0 248 251 255 0 0 251 253 253 0 0 255 255 252 0 0 255 255 247 0 0 255 252 235 0 0 249 238 218 0 0 234 222 204 0 0 224 215 201 0 0 230 221 218 0 0 232 228 233 0 0 232 232 246 0 0 247 248 255 0 0 249 250 254 0 0 255 255 255 0 0 255 255 255 0 0 253 253 253 0 0 
