255 254 251 3 -1.5708 255 251 250 4 1.10715 253 255 255 4 -1.5708 237 252 255 4 0.463648 223 255 255 19 3.03672 198 255 255 73 -2.73848 134 228 255 54 -2.66142 86 202 243 34 -2.52134 55 180 231 0 0 48 180 233 23 -2.11122 25 163 209 19 0.714091 45 178 215 21 1.66575 85 198 230 56 2.66207 136 225 246 79 2.70041 205 255 255 86 -3.11834 228 255 255 20 3.14159 249 252 255 2 0.463648 255 254 251 8 -3.01724 255 255 245 2 1.10715 255 255 242 0 0 
255 253 254 1 -0.785398 255 252 254 11 2.96174 246 255 255 0 0 227 255 255 37 -2.54618 179 238 248 75 -2.46892 105 191 209 21 -2.69922 68 183 210 10 -0.507098 47 177 214 21 0.380506 48 183 229 21 -0.588003 31 170 219 26 0.262995 36 179 224 23 -0.172191 36 176 215 31 -1.03584 21 151 181 35 0.113792 48 154 178 23 0.994421 100 172 190 68 1.94319 190 234 247 91 2.89926 236 255 255 49 -2.95994 241 246 247 12 0.726642 254 255 248 6 -1.89255 250 253 238 0 0 
255 250 255 14 -2.0032 237 239 250 18 0.785398 230 255 255 40 -2.2687 166 227 241 71 -2.38589 70 182 202 8 -2.08994 35 177 202 33 0.613207 43 197 222 10 0.588003 44 202 232 25 0.235545 52 206 241 14 -0.2783 48 200 241 24 0.165149 50 202 249 11 -1.5708 37 192 237 15 -0.551655 31 187 222 19 -1.15257 27 168 201 25 -0.785398 36 145 183 15 0 64 143 176 62 1.55467 158 205 226 86 2.53751 230 255 255 34 -3.05359 243 254 252 1 -1.5708 251 253 247 0 0 
245 244 255 6 1.5708 236 252 255 26 -1.5708 176 230 247 79 -2.34735 80 177 197 8 -3.01724 35 179 207 30 0.901157 39 205 234 6 0.165149 44 207 232 27 0.942 71 229 253 7 -0.694738 71 223 248 20 0.291457 79 227 255 25 -0.927295 55 204 244 32 0.0624188 52 206 247 13 -1.20362 32 195 233 9 -1.0122 28 186 226 22 -1.24905 24 159 209 17 -0.904827 35 143 190 17 -0.62025 59 135 164 86 1.55917 175 221 238 89 2.78805 233 252 255 5 2.60117 248 255 255 0 0 
230 246 255 8 0.785398 212 253 255 96 -2.11836 83 176 202 25 -2.78282 38 170 200 29 1.07685 41 197 232 11 1.48014 50 210 242 13 1.00407 77 220 247 25 0.480887 102 233 253 16 0.571337 120 243 255 10 0.0996687 121 243 255 10 -0.291457 107 239 255 26 -1.26109 71 213 244 29 -0.463648 48 198 238 18 -0.339293 36 191 237 17 -1.68791 21 171 225 11 -1.22203 24 159 209 23 -1.7005 30 137 174 17 0.0587558 64 138 162 111 1.733 213 247 255 47 2.973 239 255 255 0 0 
220 254 255 50 -1.67046 143 206 227 62 -2.03444 32 153 185 31 1.14938 31 184 221 13 1.41815 39 198 236 20 0.956133 64 215 249 29 1.18392 113 243 255 12 2.89661 137 246 255 7 0.694738 161 252 255 10 0.0996687 164 253 255 69 -3.06926 145 248 255 122 -3.08428 119 240 255 43 -2.6168 72 216 251 25 -1.61077 33 190 234 16 -0.741947 18 177 227 18 -1.68145 9 159 206 5 -0.54042 27 156 195 35 -1.8837 27 121 150 84 1.29413 154 200 217 82 2.43297 229 254 255 0 0 
199 251 255 73 -1.72036 99 179 202 27 -2.56369 31 167 203 19 1.94169 26 186 228 23 1.61425 52 209 249 17 2.03444 83 226 255 15 2.88099 108 232 250 24 1.01649 159 253 255 9 1.5708 205 255 255 88 -2.05475 136 182 176 107 -2.57415 62 125 123 81 1.91957 107 203 209 62 2.90048 76 218 241 15 -0.927295 41 206 239 25 -1.76819 16 179 217 11 -1.39094 12 167 206 19 -1.82812 7 146 185 9 0 39 144 177 5 -1.03038 80 138 157 111 1.733 213 248 255 0 0 
177 241 255 85 -1.72256 67 157 181 11 3.05093 19 160 197 24 1.32582 21 185 228 16 1.81578 44 199 244 10 2.1588 66 210 245 32 1.63322 117 245 255 17 2.67795 154 254 255 32 -1.75614 161 221 215 129 -1.42343 47 91 84 35 0.141897 41 95 95 50 1.0541 53 141 148 96 1.0839 85 228 249 27 -1.90404 34 203 231 18 -1.78947 22 182 216 19 -1.94169 12 161 201 5 -1.5708 20 154 196 7 -2.1588 42 146 181 28 -2.0032 61 120 139 116 1.69939 198 237 246 0 0 
160 227 250 83 -1.5467 54 146 171 19 1.94169 26 166 202 16 2.14213 17 181 223 14 1.8491 31 193 241 13 1.7976 53 207 248 18 1.73594 87 231 249 18 1.68145 125 252 253 24 -2.84615 141 245 238 112 -1.5708 43 130 126 108 -0.0462633 41 120 131 110 0.618144 84 183 203 46 0.739277 69 219 243 25 -2.19105 30 199 227 21 -1.8491 22 172 212 11 -1.5708 25 157 204 9 -1.5708 32 146 193 21 -2.42276 44 132 169 29 -1.80765 51 105 122 142 0.959497 186 224 229 0 0 
161 228 253 92 -1.5708 49 138 165 16 1.44644 24 157 191 19 1.62338 20 176 219 18 2.1588 28 189 241 16 2.22649 43 204 249 23 2.17085 73 228 253 22 -3.00606 80 229 239 18 2.1294 107 247 248 26 -2.98894 115 239 245 30 -2.28654 101 208 235 10 0.927295 100 214 250 19 -1.94169 54 199 237 17 -2.39617 37 185 231 19 -2.28489 39 163 223 13 -2.19959 44 149 212 54 -2.66142 37 124 180 20 -0.244979 55 121 162 125 0.499347 143 186 201 92 0.723937 219 250 253 0 0 
162 229 252 92 -1.35213 56 139 167 15 1.01914 36 153 190 16 2.4859 23 164 209 17 2.06075 24 178 231 17 2.52134 28 189 239 14 2.40378 38 204 241 21 2.69922 49 216 243 17 3.14159 53 217 239 11 2.96174 62 217 243 21 2.9997 74 213 255 27 -2.95848 74 203 255 74 -2.8113 50 175 243 72 -2.97644 47 158 238 73 -3.00545 58 141 232 91 -2.55056 25 89 177 59 2.33239 84 137 204 98 2.10252 188 227 255 26 0.785398 228 253 255 4 3.14159 239 255 255 0 0 
197 247 255 102 -1.50228 77 146 173 27 -0.298499 33 139 176 17 2.06075 24 154 201 9 1.24905 17 163 215 18 2.35619 21 177 230 23 3.05485 19 182 227 14 2.25653 29 195 236 18 2.81984 31 203 239 26 -2.83189 27 193 234 5 -2.60117 32 184 238 48 -1.73594 0 129 198 29 -2.06474 0 94 183 53 -2.89661 0 73 179 29 -2.69287 0 55 170 16 -1.5708 0 40 146 46 0.831519 51 81 158 154 1.55781 221 243 255 32 -3.01724 235 248 255 7 -0.982794 238 246 246 0 0 
230 253 255 83 -1.59489 122 171 193 66 -0.679414 33 131 165 26 1.38081 28 158 201 13 -2.61352 11 151 198 10 0.291457 7 154 204 17 1.98321 23 169 221 12 2.97644 21 172 223 12 -3.05845 15 173 221 15 2.2143 27 185 233 19 -2.83571 30 175 230 54 -1.60782 0 113 185 78 -0.947597 0 34 137 48 0.249979 0 37 160 14 1.22777 7 49 180 20 0.819867 32 66 185 5 1.3734 59 80 165 120 1.53748 198 209 255 38 2.15155 246 250 255 3 -1.5708 252 251 255 0 0 
241 250 255 29 -1.50194 189 223 239 94 -1.23562 52 136 164 41 0.216085 29 146 183 18 2.1588 30 161 204 14 -1.4289 9 147 194 22 0.502843 18 156 208 2 1.10715 16 158 211 3 2.55359 13 163 210 2 2.35619 13 165 212 11 1.22203 31 174 225 6 -2.03444 43 160 229 63 -1.39794 12 82 183 76 -0.404892 0 42 165 37 0.670522 21 61 197 12 2.97644 35 65 190 8 1.32582 64 82 171 95 1.54975 179 186 241 59 1.11472 250 248 255 7 -2.35619 254 248 253 0 0 
244 254 255 2 3.14159 227 255 255 79 -1.59611 112 178 196 86 -0.504861 40 137 163 34 0.887087 44 163 202 34 3.02448 36 167 211 9 -2.1294 22 160 203 14 -0.141897 17 159 200 19 0.156602 16 164 200 20 0.398522 22 172 208 19 0.207496 30 174 216 17 0.463648 47 176 233 14 -0.2783 55 163 241 74 -1.24483 0 82 184 79 -0.229642 2 53 180 37 0.439843 37 67 192 8 1.32582 63 84 176 122 1.33971 201 212 255 24 1.14417 243 243 255 5 1.5708 255 252 255 0 0 
246 252 255 2 0 234 253 255 4 -2.89661 213 253 255 96 -1.53956 90 158 177 89 -0.328793 35 128 161 55 0.632749 47 162 199 31 2.79015 45 175 212 25 3.02216 41 180 213 6 2.67795 39 185 215 8 1.81578 45 192 224 3 2.81984 48 191 228 6 1.73594 56 194 240 8 2.35619 65 195 254 18 -1.78947 63 169 246 62 -1.32968 30 97 196 55 -0.293187 39 78 176 51 0.717012 96 118 189 108 1.19371 217 226 255 26 2.67795 245 244 255 7 2.7367 255 251 255 0 0 
253 253 255 7 -2.1588 244 247 255 8 0.785398 244 252 255 14 -1.8491 213 239 255 70 -1.37062 114 173 193 93 -0.468455 43 133 158 64 0.252554 34 151 178 27 2.19959 40 174 204 35 2.9442 42 181 214 28 2.89661 46 187 224 29 3.03851 43 190 228 15 3.07502 46 191 229 9 2.1294 58 198 237 32 3.11035 75 196 238 69 -2.80627 80 167 217 65 -2.66425 82 134 180 40 2.11122 150 171 199 37 1.6517 207 210 225 29 1.77481 241 241 247 8 2.35619 249 248 250 0 0 
247 251 252 5 0.927295 255 254 255 9 -2.72337 255 249 254 5 0.785398 250 252 255 0 0 227 255 255 63 -1.74366 139 194 209 88 -0.777398 50 134 152 104 0.0288382 37 137 162 35 0.401229 48 149 181 13 2.67795 48 155 189 33 2.61138 60 173 206 56 2.9442 69 186 215 73 -2.88011 54 167 193 66 -2.62431 35 134 154 24 -2.4733 47 116 136 28 0.244979 78 122 135 78 0.740384 160 174 180 54 0.680521 208 208 208 39 0.821097 237 237 237 16 0.741947 248 248 248 0 0 
245 255 248 8 -1.44644 242 250 240 11 0.909753 255 255 251 6 3.14159 255 255 252 11 -1.75065 240 244 245 15 0.785398 239 255 255 21 -1.61838 204 234 245 70 -1.32582 127 165 183 94 -0.335173 96 132 156 104 -0.105377 83 120 146 105 -0.0855053 69 113 137 100 -0.0499584 60 110 130 99 -0.060532 56 105 121 110 0.0544915 73 112 121 122 0.264817 124 141 150 105 0.357663 174 178 183 78 0.492211 214 216 217 39 0.497343 235 235 235 24 0.610726 249 249 249 7 0.588003 253 253 253 0 0 
243 255 245 0 0 248 255 243 0 0 255 252 241 0 0 255 254 246 0 0 255 255 252 0 0 255 253 255 0 0 246 249 255 0 0 244 252 255 0 0 232 233 253 0 0 218 223 244 0 0 201 210 230 0 0 191 206 222 0 0 196 212 224 0 0 219 228 232 0 0 248 239 242 0 0 255 246 247 0 0 255 250 251 0 0 255 255 255 0 0 255 255 255 0 0 253 253 253 0 0 
