255 242 255 13 2.84309 255 248 255 13 -3.06482 255 249 255 12 -3.05845 251 250 255 8 -2.35619 243 243 255 9 0.86217 249 251 255 1 0.785398 253 255 255 14 3.14159 253 255 255 7 -2.7367 254 249 255 5 2.49809 255 251 255 12 3.14159 255 252 255 16 -2.95624 255 251 253 8 2.78282 255 254 255 6 -2.81984 251 253 253 2 -0.785398 244 252 251 4 2.03444 246 255 254 6 3.14159 250 255 252 10 -2.9442 248 255 250 0 0 249 254 253 2 1.10715 251 255 255 0 0 
242 229 255 9 2.72337 244 232 255 158 3.14159 238 231 255 63 3.06239 242 237 255 8 2.35619 244 245 255 5 2.76109 246 249 255 23 -2.50657 232 236 255 8 2.08994 239 241 255 20 3.14159 239 236 255 76 -3.0759 234 229 255 77 -3.08969 234 226 255 74 3.07413 239 233 255 58 3.0556 244 241 255 19 2.83571 248 250 255 17 -2.78282 240 245 255 0 0 238 246 255 7 -2.55359 236 240 255 14 2.55359 244 248 255 94 3.13095 247 250 255 185 -3.01189 223 226 240 0 0 
225 220 249 145 -1.48823 77 70 113 120 0.909025 167 156 229 129 2.64348 225 217 255 174 3.10138 230 232 255 118 -3.04025 217 223 255 34 3.11219 216 221 255 120 -3.06673 203 207 255 168 -2.80296 142 142 242 97 -3.07982 136 132 245 82 -3.1294 138 132 241 93 2.91479 163 156 253 115 2.75146 212 207 255 149 3.08126 225 222 255 115 3.05485 233 236 255 56 -3.03486 227 229 255 124 -3.06112 217 213 255 174 -2.70358 143 139 204 125 -2.35054 56 56 102 215 0.933801 229 232 255 0 0 
232 233 255 84 -1.40369 146 143 192 121 -0.872894 46 35 131 19 0.104877 44 32 144 67 1.22075 103 101 197 82 2.08845 172 174 255 154 -2.55898 85 86 190 55 -2.08319 32 33 155 18 0.321751 31 32 176 21 0.422854 40 37 193 10 -1.9513 33 25 185 26 0.189988 44 34 181 6 0.321751 53 42 168 44 1.3423 101 91 198 78 2.0742 170 163 255 136 -2.56982 96 90 185 49 -2.03444 54 43 145 7 -0.588003 52 43 134 133 1.26567 180 179 243 67 0.858949 231 235 255 0 0 
244 251 255 19 -1.5708 220 223 255 152 -1.47243 59 54 153 105 0.0570808 60 47 185 14 -3.07029 55 41 197 16 -1.44644 34 21 189 27 0.680521 49 38 208 10 -2.85014 41 35 206 8 2.03444 42 44 216 15 -1.8314 27 27 205 29 0.761013 50 42 233 21 -2.38844 41 26 217 10 0.588003 54 35 214 14 -2.79857 52 33 204 10 -0.927295 44 25 196 24 0.902507 67 48 205 25 -2.46685 56 40 171 30 1.50423 90 79 181 161 0.943363 223 222 255 14 0.68573 232 238 255 0 0 
244 253 255 4 -2.03444 235 241 255 63 -1.76198 164 163 249 125 -1.125 44 35 169 34 0.450661 52 36 214 8 2.78282 51 33 230 16 -2.14213 34 23 210 55 0.0544915 33 29 208 59 0.134771 40 42 207 26 2.76109 50 50 220 24 -2.38476 36 26 216 10 1.86225 50 33 230 31 -2.56252 36 17 210 90 0.16697 51 33 224 7 0.141897 52 32 228 16 -1.32582 40 24 196 10 0.643501 60 43 170 132 1.19873 188 179 255 65 0.807134 237 237 255 10 -2.28963 229 235 255 0 0 
244 252 255 14 -1.4289 227 233 255 12 0.321751 224 228 255 136 -1.54874 79 77 177 118 -0.204018 46 34 194 14 2.9997 42 29 211 50 1.41214 89 87 247 61 3.02734 98 99 243 111 -0.753562 27 27 157 162 0.104556 46 43 176 19 -0.104877 46 33 189 52 -0.249587 33 16 183 189 0.544043 125 115 255 74 -1.11314 55 48 215 20 -3.04192 49 46 215 15 -2.26553 44 42 185 49 1.94378 112 103 193 163 0.82434 240 235 255 5 -2.11122 237 237 255 11 0.909753 246 250 255 0 0 
250 254 255 4 -1.81578 242 248 255 6 -0.896055 234 238 255 23 -1.31561 202 201 255 155 -1.44165 35 26 166 74 0.330297 52 42 209 22 -2.13411 30 28 182 149 1.52385 182 183 255 102 3.09261 196 195 255 126 -1.57873 75 69 176 33 1.13417 105 93 219 99 1.38915 198 186 255 31 -1.53855 158 151 255 163 -2.31725 33 32 190 14 0.588003 41 43 191 21 -1.99365 30 34 147 205 1.02202 226 224 255 8 0.785398 243 240 255 6 0.896055 249 249 255 2 0.463648 250 253 255 0 0 
250 253 255 1 2.35619 251 254 255 5 -2.49809 248 249 255 9 -1.24905 232 229 255 104 -1.55157 112 103 219 113 -0.538902 46 33 189 7 3.14159 38 31 196 40 1.42191 82 76 225 118 2.02687 200 194 255 112 -1.72277 95 87 180 34 1.36775 127 119 220 81 1.42372 201 193 255 152 -1.91957 49 38 202 4 2.35619 48 41 206 14 -2.06474 39 39 169 96 1.52915 146 149 234 99 0.835003 239 239 255 4 1.32582 252 251 253 3 1.24905 255 254 255 1 -1.5708 255 254 254 0 0 
251 253 253 2 -1.10715 249 251 251 4 1.10715 255 254 255 10 -1.5708 241 236 255 11 -0.909753 218 210 255 162 -1.50915 44 35 162 97 0.133227 48 38 198 18 -1.78947 30 20 180 142 1.42295 182 171 255 140 -2.47242 98 89 199 40 1.29589 134 128 239 26 2.4371 147 139 255 132 -2.35619 46 35 199 1 -1.5708 45 36 193 9 -2.92292 54 48 159 206 0.877917 223 222 255 9 1.0122 244 244 255 4 1.10715 255 255 249 2 1.10715 255 255 254 1 -1.5708 255 254 253 0 0 
250 255 250 4 -2.89661 251 255 250 2 1.10715 255 254 255 4 -2.35619 255 246 255 6 -1.89255 235 234 255 75 -1.45137 146 147 228 109 -0.934608 46 41 180 7 1.8491 47 40 205 10 1.86225 61 50 214 34 1.77384 97 85 245 53 2.99178 101 94 251 75 -2.29087 44 37 194 5 0 44 36 197 10 -1.3734 43 32 172 142 1.34452 200 185 255 45 0.770015 241 231 255 7 0.785398 249 246 255 3 0.982794 254 255 253 1 1.5708 255 255 255 1 -1.5708 254 254 254 0 0 
245 252 249 6 0.674741 252 254 254 2 -2.35619 255 250 253 2 -2.35619 255 246 255 6 0.896055 250 250 255 19 -1.67567 218 221 255 155 -1.5128 49 46 161 126 0.0475831 46 39 196 15 2.7367 49 38 218 14 -2.1588 33 23 213 13 0.942 42 36 221 2 -2.03444 44 38 209 4 -2.35619 48 42 189 27 2.33056 82 73 183 189 0.834049 242 227 255 5 2.2143 255 240 255 4 0.463648 253 249 255 2 0.463648 254 253 255 1 0.785398 255 255 255 1 -2.35619 252 254 254 0 0 
251 251 255 11 -2.87534 250 249 255 3 -0.588003 252 248 254 5 0.785398 255 252 255 1 -1.5708 251 251 255 8 -1.32582 234 235 255 38 -1.43997 184 179 255 137 -1.35767 38 31 170 38 0.313621 37 31 208 4 1.10715 36 29 226 2 0.785398 36 32 227 4 -2.03444 39 36 205 19 -1.82812 34 32 151 182 1.13648 216 212 255 12 0.96007 244 234 255 13 1.00407 255 252 255 7 3.14159 255 252 255 0 0 253 254 255 1 -2.35619 252 255 253 0 0 250 255 251 0 0 
242 240 252 15 0.785398 253 252 255 14 -3.07029 252 252 255 1 0 254 253 255 2 2.67795 255 255 255 5 -1.5708 246 244 255 14 -1.3597 222 217 255 126 -1.47584 82 77 186 121 -0.190923 41 37 202 17 2.9105 36 34 224 4 -0.463648 36 33 219 7 -1.5708 38 36 190 63 1.74366 120 118 208 137 0.770015 230 228 255 12 0.96007 253 246 255 3 -1.5708 253 247 248 9 0.785398 255 253 255 1 -1.5708 252 253 255 0 0 252 255 251 1 1.5708 253 255 249 0 0 
255 255 254 14 -1.78189 241 241 241 19 0.785398 250 255 255 3 -1.5708 248 252 253 3 2.1588 255 255 254 2 -1.5708 255 251 255 5 -1.19029 244 239 255 20 -1.21781 211 207 255 159 -1.47674 31 28 167 84 0.299366 45 45 213 22 -2.87534 43 41 201 22 -2.23184 36 34 158 207 0.988148 228 226 255 5 2.2143 243 241 255 7 0.404892 249 248 255 4 1.5708 255 254 255 2 3.14159 255 253 255 1 -1.5708 254 253 255 1 3.14159 254 255 248 1 1.5708 255 255 247 0 0 
255 254 246 4 0.785398 255 255 251 0 0 250 255 255 5 -1.76819 245 251 250 6 0.896055 255 255 254 1 3.14159 255 254 255 1 3.14159 255 252 255 11 -1.75065 235 231 255 93 -1.48499 123 120 223 113 -0.754352 38 35 161 2 2.03444 43 39 158 111 1.39094 162 158 247 77 0.812914 232 228 255 17 0.904827 253 251 255 4 -1.5708 247 249 255 5 2.76109 249 252 255 2 0.785398 255 254 255 2 -1.5708 255 253 253 2 0.463648 255 255 250 1 0.785398 255 255 248 0 0 
255 255 252 0 0 255 255 252 1 -2.35619 252 255 253 0 0 252 255 253 0 0 254 254 254 0 0 254 253 255 1 -1.5708 253 249 255 1 -0.785398 247 243 255 18 -1.5153 223 217 255 162 -1.503 58 53 115 102 0.226068 83 76 137 178 0.928415 229 223 255 17 0.950547 248 243 255 5 2.60117 253 252 255 9 -1.89255 244 245 249 12 0.785398 253 255 255 5 3.14159 255 254 255 0 0 255 255 255 0 0 255 255 254 0 0 255 255 252 0 0 
255 255 254 1 -1.5708 255 255 251 0 0 254 255 251 0 0 254 255 251 0 0 252 254 254 0 0 252 253 255 0 0 252 251 255 1 -1.5708 251 247 255 8 -1.5708 241 237 255 73 -1.44813 168 163 192 76 0.404892 200 192 222 70 0.714809 246 240 255 6 -0.165149 245 242 255 7 0.785398 250 249 255 3 1.89255 253 255 255 5 -1.5708 248 251 249 5 1.3734 255 255 255 0 0 255 255 255 0 0 255 255 255 0 0 255 255 255 0 0 
255 255 252 1 -1.5708 255 255 251 0 0 254 255 251 0 0 254 255 251 0 0 252 255 251 0 0 252 254 254 0 0 252 252 255 1 -1.5708 251 248 255 1 1.5708 250 248 255 12 -1.5708 238 235 255 18 0.785398 253 247 255 9 -3.03094 252 247 255 2 -1.10715 250 248 255 3 -0.321751 249 249 255 5 0.785398 253 255 255 7 -2.55359 249 252 250 5 0.785398 255 255 255 0 0 255 255 255 0 0 255 255 255 0 0 255 255 255 0 0 
255 255 252 0 0 255 255 251 0 0 254 255 250 0 0 254 255 250 0 0 252 255 251 0 0 252 255 253 0 0 252 252 255 0 0 251 250 255 0 0 250 248 255 0 0 251 249 255 0 0 244 239 255 0 0 253 250 255 0 0 253 251 255 0 0 253 254 255 0 0 247 249 249 0 0 253 255 252 0 0 255 255 255 0 0 255 255 255 0 0 255 255 255 0 0 255 255 255 0 0 
