105 212 179 13 2.57486 114 219 186 18 2.92292 119 222 191 32 2.88904 131 228 201 41 3.09285 137 229 204 36 -2.43297 113 204 181 37 -1.41003 76 166 147 44 -0.463648 50 147 127 83 0.785398 100 207 188 36 1.05841 125 241 218 20 -2.89661 117 237 213 22 -2.91812 112 232 207 25 -2.24554 101 211 185 12 2.64225 117 216 190 18 -2.81984 124 208 184 23 -1.7005 118 182 160 24 0.244979 146 183 167 34 1.36775 190 215 201 22 1.75065 212 236 224 8 -2.89661 210 234 222 0 0 
90 203 166 6 0 92 202 166 11 -2.23184 87 192 159 27 -3.06765 86 188 160 43 2.79086 105 201 177 40 2.89059 115 210 189 22 -3.00606 108 207 189 1 -2.35619 104 206 189 20 1.0637 118 224 207 6 -1.89255 109 219 201 20 -2.7886 102 213 193 3 2.81984 106 214 192 15 -1.43824 98 197 177 8 -0.124355 105 196 175 9 1.78947 122 204 182 24 2.97644 139 206 185 41 -2.87323 144 192 174 23 1.5708 176 213 197 22 2.23184 194 230 216 18 2.97644 197 233 219 0 0 
91 211 170 14 -2.06474 80 197 158 30 -1.83996 54 167 130 17 -2.03444 40 148 119 18 2.01064 57 164 138 31 2.13272 82 189 170 31 2.53605 97 206 190 26 2.7468 107 215 202 16 2.76109 116 220 209 25 -1.12469 97 196 186 28 0.321751 115 204 195 43 0.13864 128 209 200 39 -0.232557 122 201 188 50 -0.220829 113 190 176 61 -0.213369 100 178 161 39 -0.305879 92 166 148 29 1.46771 128 194 175 26 2.79604 140 203 183 40 2.7886 154 217 197 42 2.87947 165 228 208 0 0 
82 206 160 33 -2.70497 68 191 147 31 -1.96314 39 160 122 21 -0.817645 23 142 111 28 0.288055 30 148 123 24 0.813962 46 164 145 20 1.42191 66 181 171 21 1.12842 88 198 192 41 0.88848 131 228 226 7 -1.8491 133 219 219 25 1.29779 170 241 244 11 3.05093 180 241 243 18 3.03094 184 244 243 16 3.14159 184 246 240 35 -1.40102 144 213 203 56 -0.98772 93 168 154 49 0.0204053 90 172 150 5 -0.927295 83 170 144 11 1.83705 96 180 155 17 2.11122 109 196 170 0 0 
54 176 128 4 1.81578 55 180 134 14 -0.141897 47 177 136 27 -0.147078 38 171 138 29 -0.0688565 32 166 143 23 0.172191 38 167 152 30 1.01914 71 189 184 38 1.22426 118 221 224 13 0.298499 136 221 231 2 2.35619 150 220 233 10 2.42276 170 225 240 48 -3.01724 171 219 231 36 3.03094 177 224 232 50 2.69549 197 248 251 54 -2.95848 183 240 239 39 -2.3205 146 215 205 48 -1.20959 83 177 152 32 -0.312042 64 171 139 31 0.159913 71 175 144 24 0.463648 80 187 155 0 0 
55 176 126 24 0.902507 69 194 148 13 0.942 71 205 163 3 -2.55359 62 201 168 10 -2.2143 52 189 168 10 -0.291457 52 181 172 29 0.88035 86 199 202 37 1.81578 134 230 243 49 -2.91632 141 214 234 48 -3.05845 150 207 232 54 -2.48702 125 173 197 73 3.05959 138 179 202 36 -2.97644 134 174 192 28 2.6311 148 190 203 38 2.68944 165 208 217 46 2.81304 166 230 225 47 -2.43068 112 209 183 10 -1.67046 90 204 167 4 -1.5708 86 200 163 10 2.85014 89 203 166 0 0 
72 191 140 13 2.03444 78 203 154 19 3.14159 69 201 161 35 -2.9997 59 193 163 29 2.86329 65 197 181 6 1.10715 77 197 196 20 -0.244979 84 186 198 9 -2.81984 93 178 200 56 -2.9442 97 162 193 32 3.11035 108 161 194 66 -1.87819 52 97 130 53 2.19543 101 140 172 6 0.896055 109 146 172 36 0.110657 115 152 172 50 0.158655 127 161 177 41 0.58138 137 191 191 16 0.244979 115 208 181 17 -2.60117 91 206 163 20 -2.39066 77 192 149 24 -2.84615 70 185 142 0 0 
66 184 135 22 -3.09617 63 182 137 21 -2.32395 43 163 128 8 2.89661 44 162 137 45 1.03795 83 195 187 33 0.764125 109 213 218 34 -1.62955 84 173 193 50 -1.34997 44 120 149 33 0.369334 65 128 166 15 0.965252 85 140 179 76 -1.33219 18 65 103 100 0.883672 101 143 178 37 1.5708 145 181 211 94 2.95041 167 201 225 68 -3.03901 165 194 215 34 0.117109 157 206 208 36 -2.31775 101 193 164 38 -2.90298 76 191 147 35 -2.47562 56 169 125 23 -2.38649 38 154 107 0 0 
44 161 116 21 2.86329 53 165 125 12 -2.29744 49 151 123 59 0.592697 86 180 163 68 0.628796 130 213 214 13 -2.91479 128 206 219 34 -2.48055 106 182 205 29 -1.36678 78 149 182 10 -1.27934 70 137 176 24 2.03444 96 158 199 29 -1.88179 77 129 170 14 1.6421 99 142 181 69 -2.20277 50 87 121 75 2.53521 101 131 160 119 2.21933 197 227 252 69 -2.22297 130 181 184 40 -1.31979 63 156 127 1 0 47 165 117 14 -2.25653 37 153 106 15 -2.53605 27 145 96 0 0 
30 136 99 64 0.297365 54 153 121 74 0.699893 113 195 176 61 0.692642 159 229 222 35 -0.927295 134 196 204 17 -1.85685 117 175 194 13 1.96559 124 184 213 35 -1.10715 87 151 186 38 -0.674741 59 126 165 36 0.708626 85 149 190 26 -0.866302 72 128 169 36 -0.785398 53 102 140 77 -1.6227 0 25 59 33 1.5708 27 59 88 125 1.68233 155 185 210 9 -2.81984 142 190 196 57 -0.982794 69 156 130 10 -1.3734 45 153 110 16 -2.00742 30 139 93 10 -2.2143 22 131 85 0 0 
106 192 168 71 0.197396 125 204 185 68 0.588003 172 238 227 15 2.17634 192 246 247 69 -2.24327 142 187 201 18 -1.9614 125 167 190 33 1.39094 151 198 230 20 -2.07789 127 179 216 26 -1.60924 94 153 193 13 1.344 104 166 206 23 -2.65908 94 156 194 57 -1.7989 44 100 135 73 -1.5571 0 27 58 57 0.338324 9 46 72 136 1.2583 146 177 200 38 1.49201 179 221 228 78 -1.54516 82 155 133 20 -1.21781 54 142 106 18 -0.86217 40 128 92 26 -0.114877 37 125 89 0 0 
192 255 245 10 0.0996687 196 255 247 28 -1.3597 174 224 224 22 -1.97569 156 199 208 22 -2.23184 140 178 196 4 -1.81578 136 171 197 18 1.18019 149 186 220 9 -1.24905 135 177 214 22 -1.5708 104 156 193 18 -0.632749 90 145 182 3 -1.5708 83 144 178 42 -1.47584 45 102 133 44 -0.463648 34 83 109 97 0.0720401 49 90 113 123 0.831343 149 180 201 51 0.799096 186 221 231 76 -1.26557 104 157 144 86 -0.16324 85 147 123 93 0 85 147 123 101 0.0986883 95 157 133 0 0 
221 255 255 17 -2.96692 217 255 255 50 -2.13148 172 211 220 26 -1.64757 144 183 197 8 -0.62025 139 176 196 28 2.9997 143 178 204 35 2.76632 156 189 222 12 -1.81578 142 177 211 13 -0.566729 130 170 205 26 -1.76078 99 145 179 2 0.463648 96 148 178 6 -1.73594 90 144 169 42 1.07524 132 181 203 32 -0.215358 132 174 193 44 1.48014 185 217 236 32 2.31274 215 243 254 17 -2.47562 209 235 235 20 -0.291457 205 232 223 25 0.321751 213 240 231 21 0.652847 226 253 244 0 0 
217 236 251 24 -2.58729 200 223 238 29 -2.47755 177 205 222 30 -2.54442 155 188 207 45 -2.05424 111 148 170 33 -3.1113 108 145 171 85 2.6152 153 187 217 85 3.11807 155 188 221 58 -2.73894 130 165 198 19 -1.51821 109 147 177 27 -0.073939 106 146 174 27 0.577902 119 163 186 57 1.02142 170 213 232 36 -1.26629 138 178 196 27 2.43297 160 196 212 40 2.234 201 228 242 23 1.7005 234 252 255 8 -2.89661 238 250 254 1 2.35619 239 251 255 7 -2.9997 238 250 254 0 0 
201 212 234 15 -1.24905 183 197 219 26 -0.866302 157 178 200 13 -1.93797 137 165 189 52 -1.55157 78 114 138 48 -1.03389 32 72 97 43 2.32395 63 103 131 95 2.79015 96 136 164 78 2.72337 133 167 196 40 2.96835 144 174 201 19 -2.83571 143 168 194 27 2.22868 165 192 213 31 1.89255 193 223 242 71 -1.94097 123 158 172 46 2.83354 131 173 186 67 2.2202 189 227 239 29 2.47755 217 243 255 10 2.63449 228 248 255 5 -2.11122 223 243 254 13 -2.03444 211 231 242 0 0 
208 213 244 16 -0.185348 201 212 240 43 -1.33705 154 171 198 25 -0.283794 142 166 190 38 -0.822418 107 140 160 101 -1.28029 6 43 65 68 -0.424194 0 14 38 89 0.603433 29 65 89 83 0.869942 98 128 153 28 1.5708 133 155 180 21 -2.95337 135 152 173 32 2.02056 164 182 199 25 2.55359 174 197 213 85 -1.65296 82 113 128 68 0.252096 90 130 148 76 1.21203 162 202 221 49 2.4417 205 231 255 53 2.93313 221 241 255 36 -2.92292 213 233 255 40 -2.73344 197 218 240 0 0 
219 226 255 73 -3.01892 208 220 255 34 -2.19105 178 195 222 13 -0.367174 169 193 211 28 -1.09128 143 170 184 79 -0.93737 79 106 120 111 -0.144442 63 89 106 123 0.252806 97 118 139 79 0.125913 111 128 149 50 0.139096 120 135 154 10 0.291457 124 140 153 26 2.16922 145 163 174 34 2.19105 167 190 205 13 -2.03444 150 177 197 39 -0.588003 123 153 182 46 0.151015 130 157 194 24 0.813962 155 172 215 27 1.60782 183 198 244 15 -2.49809 176 189 233 23 2.75327 185 199 241 0 0 
144 151 200 48 2.0161 188 198 238 13 2.77442 191 208 235 5 -1.9513 184 207 222 9 1.15257 193 218 228 9 -0.110657 194 217 225 22 -0.266252 192 208 225 20 -0.507098 183 197 216 19 -1.82812 168 177 197 57 -2.52944 135 145 162 26 -1.00407 113 125 135 86 0.197396 126 144 151 94 0.458931 163 185 197 37 0.804264 185 210 230 9 -1.78947 172 196 232 22 -1.48014 148 171 217 6 3.14159 154 168 221 16 1.63322 171 182 239 19 -1.77829 154 164 218 5 1.03038 159 170 222 0 0 
125 130 179 80 0.70592 175 185 225 35 0.463648 189 206 233 20 0.0499584 190 211 226 24 0.610726 204 226 237 12 1.40565 216 239 247 28 -2.78689 210 226 243 49 -2.41328 178 192 211 69 -2.06669 121 130 150 37 0.841942 149 159 176 52 1.18327 198 210 220 24 0.756835 211 229 236 22 -0.881872 189 211 223 11 -0.0906599 183 208 228 13 -0.394791 174 198 234 30 -1.47113 144 164 211 17 2.85554 154 166 220 14 2.0032 169 178 235 12 -1.73594 157 167 221 20 0.956133 174 185 237 0 0 
186 191 240 0 0 207 217 255 0 0 211 225 253 0 0 210 231 246 0 0 206 228 239 0 0 191 212 220 0 0 173 189 206 0 0 147 158 178 0 0 146 155 175 0 0 171 179 196 0 0 216 228 238 0 0 225 243 250 0 0 202 221 234 0 0 196 220 240 0 0 177 201 237 0 0 127 147 194 0 0 148 160 214 0 0 167 176 233 0 0 169 179 233 0 0 201 212 255 0 0 
