253 250 252 5 0.785398 255 254 255 10 3.14159 255 254 255 4 -2.67795 253 252 254 2 0.785398 253 255 255 9 3.14159 253 255 255 2 -2.03444 255 253 252 4 2.89661 255 254 253 14 3.07029 255 255 254 111 -3.04282 248 244 243 84 3.01138 255 255 254 88 3.14159 255 255 254 109 3.14159 255 255 254 132 -3.13402 254 255 253 1 0.785398 255 255 255 2 -2.03444 251 253 253 2 2.03444 255 255 255 0 0 255 255 255 0 0 255 255 255 0 0 255 255 255 0 0 
255 254 255 10 -1.5708 247 244 246 11 0.54042 251 250 252 4 1.10715 255 255 255 9 -1.5708 244 246 246 12 0.726642 252 254 254 5 -1.3734 251 249 248 10 -0.982794 242 240 239 101 -1.91118 148 144 143 49 0.32812 164 160 159 62 0.112427 172 167 166 47 -0.454302 151 146 145 60 -0.389709 127 123 122 137 1.2905 255 255 254 54 -3.12308 254 254 254 2 -2.03444 250 252 252 4 0.785398 255 255 255 0 0 255 255 255 0 0 255 255 255 0 0 255 255 255 0 0 
255 254 255 2 3.14159 255 254 255 2 -1.5708 253 253 253 3 2.55359 255 255 255 0 0 253 255 255 2 3.14159 253 255 254 6 3.14159 255 255 254 50 -1.77211 208 206 205 46 -0.328553 195 192 188 47 0.710909 227 222 219 15 -2.2143 217 210 207 9 -1.0122 207 202 199 53 -0.878462 165 161 160 97 0.422387 203 201 200 57 1.12265 253 254 252 2 0.785398 255 255 254 6 3.14159 255 255 255 0 0 255 255 255 0 0 255 255 255 0 0 255 255 255 0 0 
255 252 254 2 1.5708 255 255 255 5 -1.9513 250 250 250 6 0.896055 255 255 255 2 -1.5708 251 254 252 9 -2.72337 249 250 248 7 -0.588003 247 245 244 24 2.9362 254 250 249 23 -1.74299 232 227 224 26 -0.546789 218 213 210 38 0.0525831 222 215 212 34 0.661043 243 236 233 17 0.950547 255 250 249 30 -2.24044 230 226 225 29 1.36678 255 255 254 6 -1.89255 249 250 248 8 0.785398 255 255 255 0 0 255 255 255 0 0 255 255 255 0 0 255 255 255 0 0 
253 253 253 0 0 253 253 253 2 0.463648 254 254 254 1 0.785398 255 255 254 11 -1.66146 244 245 243 15 0.785398 255 255 254 39 -2.10252 223 222 218 25 1.84381 250 247 243 66 3.08106 255 250 247 57 3.12405 255 251 248 148 -3.08086 251 242 239 44 3.05093 253 246 243 71 -2.9305 236 231 228 6 0.165149 236 233 229 31 2.40162 255 253 252 2 2.35619 255 255 254 0 0 255 255 255 0 0 255 255 255 0 0 255 255 255 0 0 255 255 255 0 0 
253 253 253 2 1.10715 255 255 255 3 3.14159 255 255 254 5 -2.9442 254 255 253 1 1.5708 255 255 254 20 -1.5708 235 236 232 57 -2.7707 216 215 211 39 -2.12409 184 181 177 19 0.748378 200 193 190 90 -1.5153 110 103 100 153 0.669639 207 198 195 44 -0.513606 185 176 173 61 1.66884 244 237 234 50 -2.55359 214 209 206 49 2.1251 255 251 250 37 3.0339 255 255 254 0 0 255 255 255 0 0 255 255 255 0 0 255 255 255 0 0 255 255 255 0 0 
254 254 254 2 -1.10715 252 252 252 2 -1.5708 250 251 249 6 0.674741 254 255 253 2 2.67795 255 255 252 74 -1.73156 181 182 178 13 1.04272 195 194 190 43 3.11834 198 195 190 16 0.244979 205 199 194 36 0.765793 232 223 219 33 2.70497 248 237 233 76 -2.06385 179 170 166 48 0.536911 202 195 192 30 -2.7367 188 183 180 31 1.50637 219 214 211 47 2.10039 255 255 254 0 0 255 255 255 0 0 255 255 255 0 0 255 255 255 0 0 255 255 255 0 0 
255 255 255 3 -1.89255 252 252 252 4 0.785398 255 255 254 3 -2.1588 252 253 251 9 -1.24905 243 244 240 55 -1.4442 188 189 185 38 -1.7274 154 151 146 80 0.837981 215 211 206 15 1.1659 231 225 220 98 -2.81984 202 193 189 9 2.1294 212 201 197 68 2.98122 221 212 208 54 -2.1588 176 167 164 56 0.321751 192 185 182 28 0.176709 195 190 187 69 1.21709 255 255 252 34 3.14159 255 255 255 0 0 255 255 255 0 0 255 255 255 0 0 255 255 255 0 0 
254 254 254 1 0.785398 255 255 255 8 -2.89661 253 254 252 2 0.785398 255 255 254 7 -2.44685 250 251 247 68 -1.4974 182 183 179 34 2.45788 208 205 200 29 2.72337 221 217 212 85 -1.5708 138 132 127 112 0.531273 197 188 184 108 -2.60752 144 133 129 72 0.736893 191 182 178 50 0.883672 230 221 218 13 -2.5128 220 213 210 40 3.1166 219 214 211 40 2.96835 225 222 218 54 2.47255 255 255 255 0 0 255 255 255 0 0 255 255 255 0 0 255 255 255 0 0 
255 255 255 13 -2.5128 247 247 247 11 0.785398 255 255 254 7 -2.26553 249 250 248 8 0.785398 255 255 252 101 -1.72945 155 156 152 37 0.632749 179 178 174 39 1.54516 220 217 212 13 2.09887 235 229 224 138 -1.85603 104 95 91 136 0.7388 198 187 183 32 0.982794 223 214 210 7 -2.55359 217 210 207 40 -1.97895 178 173 170 39 0.0256354 179 174 171 4 1.5708 182 178 177 102 0.854731 255 255 255 0 0 255 255 255 0 0 255 255 255 0 0 255 255 255 0 0 
244 244 244 15 0.785398 255 255 255 6 -2.24554 250 251 249 7 0.785398 255 255 254 17 -1.98321 239 240 238 54 -1.47847 185 186 182 17 -2.72918 180 179 175 38 2.20912 213 210 206 21 -1.19029 196 189 186 19 0.370891 203 196 193 11 0.909753 214 205 202 13 0.226799 217 208 205 19 -0.785398 201 194 191 19 1.94169 217 212 209 55 -2.39415 179 174 173 72 1.75189 249 245 244 14 0.785398 255 255 255 0 0 255 255 255 0 0 255 255 255 0 0 255 255 255 0 0 
255 255 255 4 -1.5708 251 251 251 5 0.927295 255 255 255 7 -1.8491 248 249 247 7 -0.588003 244 245 243 75 -1.43824 169 170 168 29 -0.493941 157 156 152 84 0.818719 221 218 214 66 -2.99122 212 207 204 20 -2.9442 210 203 200 33 2.67795 227 218 215 5 2.35619 229 222 219 83 -2.71002 192 187 184 26 -0.651077 175 172 168 19 -0.531724 165 161 160 114 0.958644 255 255 254 0 0 255 255 255 0 0 255 255 255 0 0 255 255 255 0 0 255 255 255 0 0 
255 254 255 4 -2.89661 255 254 254 1 -0.785398 253 253 253 2 0.463648 254 254 254 1 3.14159 252 255 253 59 -1.63849 195 196 194 53 0.345556 215 213 212 63 -1.80817 155 151 150 85 0.432408 192 187 184 30 -0.478352 178 173 170 41 1.49776 221 214 211 68 -1.71681 153 146 143 101 0.65931 213 208 207 36 -0.588003 192 188 187 43 1.09695 229 227 226 39 0.785398 255 255 254 4 3.14159 255 255 255 0 0 255 255 255 0 0 255 255 255 0 0 255 255 255 0 0 
253 250 252 5 0.785398 255 254 255 8 3.14159 255 255 255 2 -2.03444 253 253 253 3 -0.982794 248 250 250 7 -0.785398 243 246 244 48 -1.36116 200 198 197 32 1.22982 231 229 228 15 -1.31019 218 215 211 49 -0.886502 181 176 173 83 0.340616 211 204 201 49 0.463648 231 226 223 21 0.588003 242 238 237 31 -1.86225 210 208 207 48 1.30095 255 255 254 8 -2.67795 251 252 250 4 1.10715 255 255 255 0 0 255 255 255 0 0 255 255 255 0 0 255 255 255 0 0 
255 254 255 8 -1.5708 249 246 248 7 1.1659 254 253 255 1 0.785398 255 255 255 0 0 253 255 255 3 3.14159 253 255 255 46 -1.67907 211 209 208 41 0.614663 235 233 232 34 2.78282 249 245 244 51 2.94797 255 255 254 45 -2.98727 253 248 247 37 -3.0339 249 244 243 45 -2.80595 233 229 228 26 -2.83189 223 221 220 37 2.37506 247 247 247 10 0.643501 251 253 253 2 1.10715 255 255 255 0 0 255 255 255 0 0 255 255 255 0 0 255 255 255 0 0 
255 254 255 5 -2.11122 250 249 251 7 0.785398 255 254 255 3 3.14159 255 254 255 3 -1.89255 250 252 252 3 -0.588003 250 250 250 8 -0.950547 245 243 242 43 -1.31464 203 201 200 19 -2.7707 198 194 193 21 0.851966 214 210 209 1 2.35619 215 211 210 11 -1.03038 205 201 200 7 2.7367 206 204 203 69 -2.99767 196 194 193 61 1.42431 255 255 255 1 -1.5708 252 254 254 5 2.9442 255 255 255 0 0 255 255 255 0 0 255 255 255 0 0 255 255 255 0 0 
252 252 252 4 0.785398 253 255 255 3 -1.5708 250 252 252 2 1.10715 252 254 254 1 1.5708 255 255 255 1 3.14159 255 255 255 4 -2.89661 255 254 253 71 -1.59896 185 183 182 32 0.896055 210 209 205 47 3.12032 211 210 206 20 2.74307 219 218 214 31 -2.33398 196 195 191 61 -1.88234 137 135 134 77 2.06911 205 203 202 59 1.06207 255 255 255 6 -2.03444 249 248 250 8 0.785398 255 255 255 0 0 255 255 255 0 0 255 255 255 0 0 255 255 255 0 0 
253 255 254 0 0 253 255 254 3 -2.55359 251 253 253 1 0.785398 252 254 254 1 0 254 254 254 3 -1.24905 251 251 251 1 1.5708 254 252 251 49 -1.50965 205 203 202 54 -0.890275 163 162 158 45 2.44967 192 191 187 35 2.9997 197 197 191 44 -2.67795 177 177 171 81 -1.89644 100 98 97 134 1.49631 234 232 231 29 0.737815 252 251 253 3 1.89255 255 254 255 0 0 255 255 255 0 0 255 255 255 0 0 255 255 255 0 0 255 255 255 0 0 
253 255 254 3 -1.5708 250 253 251 2 1.5708 252 254 254 1 0.785398 253 255 255 0 0 255 255 255 4 -1.5708 251 251 251 4 1.10715 255 255 254 18 -1.5708 239 237 236 112 -1.41003 128 127 123 132 0.22113 157 156 152 78 0 157 157 151 86 -0.0696546 151 151 145 93 -0.454079 110 108 107 207 0.781985 255 254 253 3 -1.5708 251 250 252 5 0.785398 255 254 255 8 3.14159 255 255 255 0 0 255 255 255 0 0 255 255 255 0 0 255 255 255 0 0 
253 255 254 0 0 250 253 251 0 0 253 255 255 0 0 253 255 255 0 0 255 255 255 0 0 253 253 253 0 0 255 255 254 0 0 255 255 254 0 0 255 255 252 0 0 235 234 230 0 0 243 243 237 0 0 235 235 229 0 0 255 255 254 0 0 255 254 253 0 0 255 254 255 0 0 247 246 248 0 0 255 255 255 0 0 255 255 255 0 0 255 255 255 0 0 255 255 255 0 0 
