231 234 232 6 -2.67795 230 231 229 2 2.67795 235 232 228 232 -1.6786 7 0 0 30 1.1659 37 27 27 8 0.62025 44 32 32 7 2.1588 48 37 40 7 -2.35619 41 32 35 14 3.07029 39 32 39 29 -3.07274 33 31 37 21 -1.9513 11 11 17 96 0 9 12 16 156 -0.0448417 6 5 7 191 -0.0314033 0 1 0 239 0.00418408 5 1 0 236 0.00847437 3 4 0 208 -0.0144221 0 1 0 188 0.0954537 13 20 17 113 0.0442189 19 25 20 16 0.571337 30 34 29 0 0 
225 228 226 6 0.165149 228 229 227 31 -0.76318 210 207 203 207 -1.9397 17 12 9 24 1.90553 42 34 34 12 -2.64225 38 27 29 16 2.83871 41 32 35 29 -2.64765 24 18 23 94 -0.149416 6 4 10 220 0.0861499 23 22 31 244 0.350167 104 107 115 151 0.407494 164 168 173 87 0.325361 193 196 200 71 0.626743 237 239 240 10 -0.197396 237 237 237 27 -1.23755 209 211 211 46 -0.521834 183 189 188 77 -0.831238 124 132 131 151 -0.668562 33 38 36 217 -0.171205 0 1 0 0 0 
233 234 230 18 1.46014 251 252 248 120 -1.57913 135 132 128 179 -2.35619 8 5 1 20 1.76819 29 24 23 20 -2.56729 17 12 14 129 -0.0387403 10 6 11 259 0.417049 111 110 119 181 0.672159 221 223 233 35 0.967047 246 252 255 92 -3.06565 237 246 255 118 3.10771 241 250 255 144 3.12076 244 253 255 131 -3.09582 240 248 255 147 -3.12119 239 245 250 144 3.10688 244 250 255 119 -3.04942 231 240 244 10 1.3734 241 250 253 27 3.10457 246 251 252 75 -1.81255 173 178 179 0 0 
235 236 232 21 0.785398 250 251 247 283 -2.08819 6 5 1 4 -2.03444 2 0 0 76 0.0918461 9 7 7 278 0.505357 142 141 145 149 0.757104 241 243 251 14 0.785398 246 252 255 29 -2.83059 234 243 255 159 -2.59364 147 160 176 86 -2.75036 112 127 143 59 -2.76109 90 105 121 20 2.2143 106 121 137 48 -2.66869 86 99 113 12 0 88 100 112 31 1.31019 118 130 142 118 1.94344 230 240 250 147 -3.01218 211 222 230 18 0.558599 224 232 239 9 -2.27942 217 226 230 0 0 
252 252 246 147 -1.88826 110 112 106 152 -2.35619 2 3 0 157 0.48921 74 76 76 242 0.805803 247 250 254 7 3.14159 244 250 255 4 1.10715 244 252 255 105 -2.87368 211 224 240 192 -2.48875 89 106 125 30 -2.04915 58 79 101 30 -0.269167 48 71 93 70 0.303734 69 91 116 43 -0.350728 54 76 101 79 0.429762 89 110 132 4 -1.32582 87 105 128 21 -1.71269 68 85 106 12 2.53087 77 92 111 147 1.83053 221 236 252 49 -2.89661 213 225 237 7 -1.97569 206 218 228 0 0 
206 207 198 287 -2.36112 2 4 0 240 0.616863 139 142 140 153 0.73475 239 244 245 1 0 235 243 250 9 1.46014 241 250 255 170 -2.51452 135 149 167 82 -1.87728 49 70 92 22 1.34732 68 91 117 24 0.699893 78 107 134 34 1.08084 108 136 167 45 -3.03094 102 131 162 36 2.69014 119 147 178 42 -2.01317 81 109 140 15 -0.551655 75 100 132 49 -0.599175 51 72 103 38 -0.580756 31 52 79 134 1.44367 168 187 208 152 2.92363 203 221 238 52 -2.9105 193 209 225 0 0 
0 2 0 275 0.803391 196 200 195 76 0.840897 251 255 255 19 -2.60987 236 244 251 4 3.14159 231 243 255 175 -2.30785 96 111 130 20 2.45928 103 123 148 52 -1.9407 47 73 103 36 1.35213 80 108 142 13 1.344 87 122 156 31 -1.53855 56 89 128 41 0.169101 61 97 135 46 0.739277 94 126 167 13 -2.57486 87 119 160 20 1.47113 109 139 180 86 -2.69867 74 103 142 38 -1.94169 41 69 100 37 -1.0951 12 37 63 135 1.31686 145 169 191 45 1.23516 189 213 233 0 0 
191 192 188 74 0.889779 245 250 248 18 -2.50884 231 238 241 4 0.785398 229 239 249 143 -2.22267 109 123 141 58 -2.6395 74 94 119 16 0.655696 79 102 134 23 -1.95912 50 79 116 32 1.91178 77 109 150 30 2.76726 85 120 163 32 2.85904 92 129 173 20 3.14159 92 128 174 19 -2.31917 78 114 162 22 2.87534 84 120 168 63 -1.92224 26 59 108 61 0.456348 54 87 132 26 -2.9516 53 85 121 18 -2.1294 41 71 100 126 1.09297 154 184 209 32 2.62245 172 201 222 0 0 
236 239 237 13 -2.84309 229 235 234 11 0.661043 232 240 247 89 -1.82925 140 151 165 79 -1.77312 55 71 94 50 0.799482 84 105 136 39 -2.83571 65 92 129 29 -2.18709 35 67 110 39 0.361729 46 80 126 61 0.130403 50 88 136 20 1.52084 70 108 156 7 1.2925 77 114 164 23 -1.61425 54 91 143 68 0.0880074 60 97 149 49 2.7876 77 113 167 83 -2.44074 25 60 110 31 0.351445 38 75 113 52 1.74218 93 130 158 56 0.479519 123 157 181 65 0.970083 179 211 234 0 0 
220 227 224 18 1.5708 236 244 244 32 -2.26946 207 216 225 80 -1.70744 120 134 152 41 -0.716542 86 105 132 39 -1.23292 42 66 102 80 0.112029 46 73 117 30 1.47113 70 103 149 40 1.21781 107 140 190 77 -2.40203 51 88 138 27 0.890275 72 109 161 26 2.98894 76 113 165 47 1.78486 122 159 211 111 -1.83313 14 50 104 12 -0.0831412 13 48 104 64 0.665103 53 90 140 32 -2.08994 29 67 102 123 1.11802 143 180 208 17 0.825377 160 194 217 12 1.81578 174 207 227 0 0 
218 226 225 3 -0.982794 211 223 225 16 -2.00742 193 205 215 39 -1.28902 150 165 184 46 -1.85203 97 117 148 39 2.28489 120 145 185 70 -1.82957 47 76 121 41 1.42549 86 115 166 48 -2.3856 51 82 133 24 1.99742 72 104 157 22 -1.5708 50 83 133 62 0.326827 68 103 153 42 2.45586 95 130 180 99 -2.39903 28 62 115 40 1.24117 66 100 153 27 -1.64474 41 75 121 46 1.12638 86 121 154 94 0.81524 159 193 216 10 -2.9442 159 192 212 27 1.5708 187 219 238 0 0 
216 229 227 12 -1.89255 203 216 218 3 0.982794 202 216 228 65 -1.24421 133 152 173 58 -1.46771 70 91 123 43 1.046 102 126 168 45 -1.30454 55 81 128 12 0 53 80 131 18 -0.439843 43 72 123 32 1.47732 75 104 155 53 2.3825 112 142 191 104 -2.38321 40 70 117 37 -2.78596 27 57 104 21 2.05527 44 77 123 23 1.74299 67 99 148 14 -2.79857 64 96 137 114 0.859337 157 187 214 20 -2.85014 154 184 203 9 1.0122 166 192 208 61 0.72799 207 234 248 0 0 
211 226 222 11 -2.60117 201 219 220 32 2.39965 220 238 249 77 -1.60974 137 158 179 45 -1.18619 90 113 145 59 2.64765 114 139 179 89 -2.62799 69 93 139 11 2.67795 72 98 145 44 -2.62799 52 75 123 35 -2.85554 42 66 112 18 3.14159 42 67 111 32 -1.82335 11 36 78 39 0.305879 23 49 89 25 1.45137 46 75 114 63 2.93491 57 87 128 88 1.24905 145 173 208 39 -0.202322 144 168 190 26 0.785398 166 189 204 70 0.775298 219 239 250 76 -2.00504 152 171 179 0 0 
199 216 212 20 -1.76819 175 196 194 51 0.993604 215 236 244 57 -1.60587 154 175 196 116 -1.25718 38 61 93 58 0.0344691 38 60 101 44 0.575425 60 83 128 50 -2.64225 36 59 105 20 -2.1451 21 42 87 33 0.179853 27 49 91 14 0.737815 39 60 98 15 1.76819 54 76 111 44 -2.59731 29 54 88 53 -2.28963 0 14 48 152 0.743562 89 117 151 111 1.01504 187 214 241 35 -2.23677 168 188 205 81 0.663203 225 240 249 70 -2.65247 194 207 215 288 -2.34149 0 1 7 0 0 
193 214 206 13 2.03444 202 225 221 13 1.20362 211 234 242 19 -1.77829 188 212 230 89 -1.50348 96 120 150 81 -0.236024 75 98 136 65 -2.09559 18 40 82 24 0.372988 27 48 93 27 1.46014 56 75 118 20 -2.2143 42 61 99 19 -2.9341 39 58 91 41 -2.63449 19 40 68 61 -0.332059 0 20 48 178 0.642381 103 127 155 78 0.686622 151 178 205 41 0.344647 169 193 215 79 0.811941 239 253 255 164 -2.66164 170 178 185 246 -2.36769 0 6 11 4 2.89661 3 7 12 0 0 
187 208 200 25 1.08991 208 229 226 15 2.88099 209 231 237 14 -2.45586 196 219 235 18 -1.05841 177 200 226 133 -1.397 44 66 101 83 -0.0120476 43 64 102 21 -0.524796 32 53 91 15 0.876058 47 66 101 43 -2.58543 26 44 75 25 -0.950547 9 23 51 162 0.471889 83 99 122 115 0.60005 148 165 186 45 0.581905 171 191 209 67 0.430327 197 219 237 30 1.63736 231 250 255 271 -2.58729 97 108 116 149 -2.35619 0 2 7 1 0 0 2 6 20 0.750929 13 16 20 0 0 
201 218 215 6 -0.674741 195 213 214 13 0.628796 200 219 226 13 2.13753 207 229 241 32 -3.07917 203 224 245 111 -2.45145 130 151 178 66 -1.81215 64 86 114 60 -2.80414 45 66 94 50 -2.38397 14 31 58 74 0.397874 45 61 84 168 0.7054 157 171 190 44 0.563316 183 196 212 54 0.147078 193 205 217 66 0.806672 241 253 255 175 -2.94085 206 219 227 295 -2.404 9 21 27 24 -2.32763 0 2 9 1 2.35619 0 3 8 15 1.1659 13 17 22 12 0.96007 23 27 32 0 0 
209 221 221 16 0.124355 210 223 225 10 -1.76819 196 212 218 14 -1.91382 179 197 208 56 -1.4289 121 139 156 65 -0.0153834 116 137 158 121 -1.05572 10 31 53 162 0 10 31 52 206 0.350839 85 102 123 167 0.554792 176 190 208 60 0.321751 199 210 224 58 0.761013 241 251 255 143 3.14159 244 252 255 304 -2.54995 76 82 87 116 -2.36226 0 1 4 3 1.89255 0 4 7 9 -0.218669 0 1 6 29 0.2783 3 9 14 57 0.261714 18 24 29 74 0.202659 33 39 44 0 0 
227 238 236 44 -2.76952 209 221 221 29 -0.448723 193 208 211 30 -0.033321 188 205 214 35 0.0285637 188 205 218 37 -0.160763 180 198 215 33 -0.120624 176 193 212 58 0.578524 208 226 243 24 2.23909 230 244 255 90 3.10827 235 248 255 185 3.11997 243 252 255 289 -2.61774 101 108 117 155 -2.35619 0 0 4 26 0 0 0 3 70 0 0 0 3 96 0.134598 8 13 16 93 0.182722 23 29 34 100 0.365747 59 65 70 53 0.63977 91 97 102 32 2.76109 103 109 114 0 0 
186 197 195 0 0 236 248 248 0 0 225 237 241 0 0 225 241 248 0 0 226 242 255 0 0 215 231 247 0 0 225 243 255 0 0 195 211 227 0 0 140 155 171 0 0 52 64 76 0 0 0 2 12 0 0 0 0 6 0 0 21 25 30 0 0 65 70 73 0 0 92 96 97 0 0 100 105 106 0 0 119 123 128 0 0 102 108 113 0 0 61 67 72 0 0 28 34 39 0 0 
