47 104 105 24 -0.165149 43 100 102 9 -0.558599 39 94 99 22 -0.661043 27 79 86 40 -0.0499584 30 74 87 56 0.622303 69 107 119 16 0.380506 80 112 125 39 -0.361729 71 98 108 86 0.0464781 83 102 109 143 0.153708 106 125 128 129 0.147361 127 144 147 111 -0.387184 83 103 104 157 -0.237275 41 66 70 183 0.192048 72 101 106 139 -0.0503172 60 93 102 102 0.147437 72 109 117 19 2.88427 73 115 120 29 -2.28315 49 94 97 8 1.32582 55 103 105 29 -2.60117 40 88 90 0 0 
72 128 129 48 -2.71497 52 108 109 18 2.87065 59 111 117 17 2.67795 69 118 126 4 1.5708 78 120 132 18 3.03094 84 122 134 98 0.289504 119 149 160 50 0.771315 159 184 194 69 1.03038 225 244 251 35 2.91688 236 252 255 16 -2.76109 230 247 250 12 2.41495 236 255 255 19 -2.60987 223 245 250 10 -2.55359 211 240 245 45 -1.72512 163 194 203 109 -1.8491 53 90 98 27 0.183111 54 96 101 22 -0.0454233 51 96 99 38 -0.522403 32 77 81 51 0.62025 60 108 110 0 0 
34 84 84 15 0.404892 40 89 91 9 0.785398 48 94 101 35 0.74542 74 117 126 22 -0.688924 62 102 114 114 1.64086 181 215 228 56 -2.58299 158 184 196 37 1.92643 199 220 228 13 -2.19959 191 209 216 28 1.49949 223 237 243 166 3.14159 223 238 241 35 3.14159 219 238 241 2 -2.03444 214 236 241 56 -3.07029 204 232 239 68 -1.52671 133 164 173 48 -1.54997 81 116 126 11 3.14159 78 117 125 10 1.5708 84 129 133 26 -2.7468 74 118 125 33 -3.05093 71 116 120 0 0 
51 97 98 9 -0.110657 50 96 97 36 0.785398 78 120 125 22 2.41861 95 134 142 71 -2.56522 59 94 104 75 1.7447 137 167 178 66 3.06598 147 172 182 49 0.943488 193 212 220 30 -3.10827 195 211 218 141 -1.71969 57 71 77 199 0.717885 188 202 208 34 1.42478 220 236 242 98 -2.52253 158 180 186 72 2.27792 209 235 242 70 -1.49949 134 165 174 67 -2.04769 70 105 115 17 2.43934 78 117 125 16 -2.08994 62 104 111 45 -0.433953 41 85 92 22 0.135528 44 88 95 0 0 
66 106 105 16 1.69515 82 121 123 38 -2.67795 66 103 107 35 -2.23677 38 74 80 31 0.260602 50 81 90 21 1.38257 74 101 111 130 0.872136 178 200 211 27 -2.38183 164 181 190 10 2.28963 176 189 197 38 2.18799 209 221 227 58 -2.90075 193 207 213 76 -2.41169 140 156 162 99 -2.89904 111 133 139 137 2.24781 214 240 247 106 -1.66486 105 134 143 66 -2.46218 59 91 102 16 1.38545 70 109 118 39 1.09579 103 144 153 39 -1.82812 65 106 115 9 1.0122 73 114 123 0 0 
67 103 103 42 -2.75228 51 87 87 5 -1.5708 46 81 84 24 1.48766 72 104 109 37 -0.499347 57 85 92 175 0.611658 162 184 195 47 -0.0849018 160 180 191 6 -1.73594 157 174 183 35 -2.9442 154 166 176 32 -3.01724 150 163 171 30 -2.66324 136 149 157 97 -1.94751 41 59 66 51 -0.254368 25 46 54 221 0.975266 204 230 237 148 -1.65841 53 82 91 25 0.533708 62 94 105 31 1.66727 88 127 136 23 2.83354 93 134 143 31 -2.33398 70 111 120 19 0.785398 82 125 134 0 0 
30 64 64 40 0.608689 53 87 87 19 -0.156602 52 83 86 80 0.750325 108 137 142 138 0.734422 205 229 235 5 2.35619 211 232 240 59 -2.07953 161 180 188 40 -1.5458 122 139 148 8 -0.519146 120 135 144 1 0.785398 121 136 145 24 -1.94378 96 113 122 22 -0.223477 90 109 117 86 0.777268 147 170 178 50 1.14253 189 217 224 113 -1.44753 75 104 113 12 -1.5708 59 92 101 12 1.81578 66 105 113 25 2.86858 69 113 120 19 2.4275 82 126 133 39 -2.35619 52 98 105 0 0 
63 97 97 13 0.732815 74 105 106 39 1.95595 112 141 145 129 0.867183 213 240 244 28 -2.6311 201 225 231 31 -2.42276 182 204 210 26 -2.16922 162 181 189 34 -1.71681 129 146 155 10 -1.27934 119 136 145 12 -0.844154 110 127 136 25 0.321751 117 136 144 45 0.878875 150 171 179 20 1.42191 166 192 199 39 1.54516 203 231 238 127 -1.60228 75 104 113 56 -0.270947 54 90 98 14 -0.785398 39 81 86 26 0.704494 52 99 103 17 0 52 99 103 7 1.5708 58 106 110 0 0 
75 106 107 41 -2.74307 59 90 91 160 1.0122 196 226 227 14 -2.40378 188 216 217 22 -2.51611 177 202 206 19 -2.46685 167 189 194 12 -1.5708 157 176 183 26 -1.83379 131 150 158 9 -0.558599 126 145 153 13 2.61352 131 151 162 14 2.06474 142 164 175 21 2.69922 149 174 184 26 2.38321 165 192 202 34 1.5708 198 227 236 69 -1.6719 127 159 165 85 -0.76061 64 100 106 28 3.14159 57 102 105 22 2.48055 68 118 118 46 -2.7651 51 101 101 11 -2.67795 44 96 96 0 0 
37 68 69 110 1.33243 144 175 176 41 1.27934 185 215 216 28 -2.50508 172 197 199 21 -2.65711 164 186 191 3 0.982794 167 189 194 19 -1.82812 150 169 176 14 -2.25653 139 158 166 26 -1.26109 112 132 143 19 0.674741 122 144 155 9 3.03094 121 146 156 12 0.785398 128 155 165 40 1.1401 164 193 202 31 2.13272 191 220 227 19 3.14159 191 220 227 149 -1.50378 36 73 77 15 0.694738 37 86 84 20 -0.574305 23 77 72 22 0.785398 39 92 89 9 -0.418224 35 89 84 0 0 
61 95 95 94 1.76198 156 187 188 22 2.91812 162 193 192 23 -2.56522 153 179 179 11 1.22203 166 189 191 22 -2.96174 164 184 189 27 -2.1487 141 160 167 7 2.26553 147 166 174 27 -2.43297 127 147 158 14 -0.982794 113 135 147 19 1.5708 130 154 166 24 2.38476 145 172 182 10 2.85014 147 176 185 25 1.61077 172 201 208 30 1.83996 201 231 236 147 -1.55039 50 85 88 67 0.223477 56 103 100 16 -2.35619 39 93 86 22 0.404892 48 102 97 7 -1.1659 41 95 88 0 0 
43 77 77 89 1.59326 134 165 166 51 3.00519 142 172 173 13 1.00407 157 183 183 35 -2.70326 144 167 169 11 0.266252 149 170 172 13 -1.2723 136 156 161 10 -1.3734 126 145 153 18 0.632749 135 155 166 20 -1.67046 111 135 147 24 3.09995 112 136 148 25 1.49097 135 161 173 24 2.62245 147 175 182 19 1.19991 165 194 199 41 1.81578 205 234 238 89 -1.91382 118 152 152 121 -0.544651 44 91 88 33 0.679414 60 114 107 11 -2.23184 53 105 98 13 2.13753 62 116 109 0 0 
41 74 77 47 1.0122 83 114 115 66 1.76819 149 179 180 51 -2.5644 125 150 152 28 1.6421 157 178 179 6 -2.46685 154 173 176 25 -2.49809 139 158 163 17 2.96692 141 160 168 29 -2.93757 133 153 164 46 -1.99563 87 111 123 47 2.53605 114 137 152 54 3.10457 114 140 152 40 1.59579 154 182 189 27 3.10457 157 183 189 23 2.14717 179 204 206 50 1.4317 224 255 255 143 -1.75315 72 118 112 76 -0.156602 55 107 100 20 -2.67795 47 98 91 13 1.344 59 111 104 0 0 
66 99 102 26 3.06482 70 101 104 53 2.42276 106 136 137 35 0.375271 123 148 150 32 2.24554 152 173 174 19 -1.7274 134 153 156 16 -0.828849 122 141 146 28 -0.321751 112 131 139 11 0.348771 114 134 145 89 -2.37207 50 72 84 12 1.32582 60 83 98 55 1.5708 115 139 151 26 2.5948 129 155 162 18 2.1588 146 171 175 46 1.03038 188 212 212 23 2.3259 201 230 227 39 -1.59643 152 193 188 110 -1.29499 38 89 82 19 2.46685 52 100 94 4 -2.67795 48 99 92 0 0 
40 72 77 13 -2.03444 30 61 64 108 1.58006 141 169 170 41 -1.27934 105 128 130 52 2.20663 150 170 171 21 -2.90785 147 164 167 6 2.46685 151 167 173 28 -1.09128 124 141 150 75 -1.2074 52 70 81 8 2.52134 53 75 87 41 2.92551 60 83 98 38 2.17308 92 116 128 27 1.68145 123 144 152 49 1.63194 174 194 199 28 3.14159 175 195 196 32 1.66427 202 229 226 8 -1.92957 183 223 218 152 -1.44563 25 73 67 30 0.855053 50 96 90 10 2.42276 55 103 97 0 0 
34 68 68 12 -2.53087 27 61 61 121 1.5708 151 182 181 94 -2.06761 72 98 98 52 1.64757 128 149 150 27 2.72709 140 159 162 23 1.22203 162 181 186 13 -2.19959 151 169 176 106 -1.38257 43 64 72 34 -2.12629 12 34 45 36 2.27942 38 63 73 52 1.80189 91 113 124 34 2.23184 120 142 148 27 2.06722 146 166 171 39 2.46293 172 192 193 33 1.87368 201 225 223 24 2.53087 206 241 237 150 -1.59079 51 92 87 79 -0.0632068 46 87 82 30 2.80953 54 98 92 0 0 
22 61 53 23 0.129703 25 64 56 78 1.33824 105 139 133 102 -2.7174 66 95 92 73 2.70824 99 125 125 56 0.885067 145 168 170 38 0.156602 153 173 178 18 1.13095 168 190 195 143 -1.54283 25 47 53 47 -0.830144 0 12 18 49 0.943488 26 52 58 47 2.05331 68 95 99 79 2.68359 105 130 134 102 3.08284 113 135 140 118 2.74225 159 181 186 44 2.62799 181 204 206 31 1.34871 208 236 236 70 -1.85685 137 169 168 139 -0.943053 22 56 55 99 0.0403821 24 61 59 0 0 
43 86 73 5 -2.76109 43 83 72 35 -1.457 10 47 39 34 -0.476467 0 28 25 142 1.22023 133 161 161 52 2.08525 181 206 208 53 -2.67795 159 181 186 13 1.72345 172 194 199 115 -1.47543 55 80 84 53 -0.785398 17 42 46 17 -2.43934 4 32 33 24 -0.295441 0 25 26 46 0.0867383 3 28 32 33 -0.0302938 2 27 31 125 1.17112 120 142 148 101 2.41169 188 210 215 37 3.0339 190 215 217 35 1.8837 222 250 250 112 -2.12187 124 155 154 94 -0.93577 47 79 78 0 0 
38 81 68 8 2.08994 47 87 76 24 -2.80686 41 78 70 4 2.67795 46 77 74 60 1.78767 107 135 135 71 2.79762 133 158 160 91 2.89926 157 179 184 120 2.92472 183 205 210 143 -2.47994 93 118 122 100 -2.04784 4 29 33 43 0.62025 27 55 56 18 1.05841 43 71 72 15 -2.49809 36 61 65 15 1.3734 51 76 80 24 -2.7686 44 66 72 110 1.83547 151 173 178 147 2.9362 179 204 206 151 -3.04914 163 191 191 147 3.01218 180 211 210 205 -2.50101 56 88 87 0 0 
34 77 64 0 0 24 64 53 0 0 37 74 66 0 0 33 64 61 0 0 40 68 68 0 0 44 69 71 0 0 39 61 66 0 0 70 92 97 0 0 47 72 76 0 0 39 64 68 0 0 36 64 65 0 0 31 59 60 0 0 39 64 68 0 0 28 53 57 0 0 15 37 43 0 0 7 29 34 0 0 28 53 55 0 0 17 45 45 0 0 15 46 45 0 0 67 99 98 0 0 
