221 183 189 13 1.49402 232 196 202 13 -2.03444 220 183 191 31 0.830821 240 207 214 10 -0.507098 235 202 209 12 -2.07014 220 192 198 34 -0.41241 204 179 183 90 0.902964 255 251 254 41 -2.32173 240 222 223 30 -0.946773 213 197 198 31 0.807617 234 220 221 39 -1.98902 198 184 185 69 2.66513 229 215 219 113 -3.03579 217 203 209 15 -0.197396 214 199 207 2 0.463648 213 200 208 37 -0.10769 207 196 204 5 -0.197396 208 197 200 88 -3.06221 208 188 193 48 2.87174 224 201 205 0 0 
218 184 190 65 0.0920468 224 190 196 25 0.643501 238 205 212 26 2.71183 247 216 223 49 -2.72337 227 196 203 27 1.31712 252 224 230 38 2.87763 255 235 239 53 -2.89661 245 222 226 33 2.63743 255 239 241 28 -2.30624 237 219 220 38 -2.7367 220 204 205 89 -1.98449 136 122 123 44 -0.443448 116 102 106 149 2.25181 230 218 224 91 -2.96565 214 201 209 50 2.34211 248 237 247 37 -1.32582 210 202 209 94 -1.52827 120 108 114 99 2.7911 161 141 146 49 1.44895 213 190 194 0 0 
255 251 255 52 -2.30219 237 212 216 38 -2.3017 208 182 188 48 -0.20964 198 172 178 35 1.13246 232 204 210 25 -2.41169 215 187 193 6 -2.24554 212 182 187 10 1.86225 220 193 197 36 2.33659 244 220 222 58 -2.45345 205 183 185 16 -1.44644 188 167 169 34 -0.174672 178 162 163 158 -1.29682 22 8 12 213 0.598419 138 128 134 82 2.65092 175 167 174 85 1.94048 254 246 255 42 -1.81003 214 206 213 193 -1.72659 27 15 21 205 0.705981 169 147 152 44 1.12735 212 187 191 0 0 
234 217 220 34 -1.03038 206 187 190 72 0.657389 250 230 235 45 -1.9554 210 188 193 52 -0.0384426 211 185 191 50 -0.0399787 211 183 189 36 -0.110657 211 178 185 42 -0.28473 199 167 172 31 0.191184 203 174 177 15 0.694738 211 184 187 16 1.32582 223 201 203 4 2.35619 221 205 206 20 -1.47113 196 185 188 129 -1.46269 62 56 61 103 0.902107 139 137 143 101 1.69881 240 237 246 61 -1.5708 181 177 183 46 -0.108271 181 170 178 54 -0.073939 186 166 171 37 0.380506 203 180 184 0 0 
247 237 237 12 0.785398 255 245 247 37 -2.22488 229 214 218 39 0.749699 255 241 245 10 -2.76109 255 235 243 22 -2.35619 247 219 225 2 2.67795 252 219 226 22 -1.34732 231 197 203 14 -1.07685 218 185 189 36 0.0554985 219 188 191 36 0.25169 222 198 200 26 2.83189 223 207 208 8 -2.03444 208 199 202 83 -1.90012 122 121 125 8 2.62245 121 125 130 114 1.56202 233 239 244 116 -3.013 220 223 231 15 2.9442 228 226 232 35 -2.43602 214 202 208 34 0.385883 232 215 219 0 0 
252 247 246 23 -1.65753 231 223 223 23 1.26274 255 244 247 16 -2.31274 246 231 235 10 -1.19029 242 219 227 51 -3.1024 243 216 225 8 1.21203 255 224 231 32 -2.4859 237 204 211 17 2.03444 254 220 226 23 3.09814 252 223 226 57 -2.04226 195 173 175 44 0.706199 217 203 205 35 -2.09686 178 173 175 68 -2.09359 111 114 118 64 2.95337 118 127 131 14 -2.9305 112 124 128 93 1.96724 201 209 216 9 -1.15257 199 198 207 36 1.73594 244 233 241 49 2.97976 255 241 248 0 0 
252 244 244 29 -2.64765 238 230 230 4 1.10715 244 233 236 10 0.291457 249 235 239 67 -1.84095 187 169 176 60 1.04752 243 220 228 34 -0.661043 223 199 207 11 -0.179853 223 197 203 1 2.35619 226 199 203 17 -0.117109 222 197 201 9 1.98902 226 207 210 25 -2.0169 196 185 187 59 -2.22443 140 139 141 95 -1.97843 45 52 55 70 1.04989 99 114 117 46 -2.57155 74 88 94 126 1.58667 207 212 221 120 -2.98327 195 192 201 7 -1.71269 199 184 192 35 0.463648 220 199 207 0 0 
230 218 218 34 0.41241 244 231 233 13 1.17601 254 243 246 48 -2.60468 229 217 223 36 -0.488334 214 200 206 60 0.950547 255 248 255 37 -1.75778 229 211 218 16 -1.05165 215 197 204 57 0.338324 236 216 221 23 -1.52735 211 194 197 24 3.05845 210 197 199 48 -1.48766 155 150 152 49 -1.73263 98 101 105 37 -2.7261 76 87 91 26 -0.514451 56 75 80 30 0.404892 68 87 92 13 2.40878 84 93 102 99 1.51026 192 191 200 27 1.93797 229 216 224 19 -1.19991 216 198 205 0 0 
255 248 251 46 -2.86036 252 235 238 38 -1.97569 215 200 204 55 1.09902 255 249 255 32 -2.69183 245 234 242 11 0.661043 250 242 249 29 -2.28315 228 220 227 37 2.10661 255 253 255 53 -2.44926 228 218 224 56 -2.1294 178 171 174 35 1.00623 207 202 204 84 -2.35619 141 143 144 75 -1.63736 61 68 71 53 0.904827 96 111 114 34 -2.9105 83 103 108 26 -1.45592 55 77 82 57 0.448145 83 101 108 83 1.51063 173 183 190 45 1.92702 227 225 231 12 -1.73594 220 212 219 0 0 
225 202 206 31 0.561922 241 219 224 15 0.321751 240 224 231 12 -2.71497 230 219 227 24 1.73594 249 244 253 73 -2.85014 224 223 232 52 -2.71183 200 202 210 25 2.73147 210 213 218 26 -2.08525 189 189 195 43 3.11834 190 191 195 76 -2.44852 139 142 146 7 -2.44685 131 138 141 40 -2.00149 90 101 105 25 -1.69023 60 77 80 31 1.14938 84 106 111 24 1.86624 107 129 134 25 -1.03709 88 106 113 73 1.0093 157 167 174 61 1.93915 225 222 231 30 -0.033321 228 221 228 0 0 
254 228 234 24 2.9362 255 234 239 35 -2.49809 228 214 220 2 2.03444 223 216 223 83 -2.61352 173 175 183 4 0.244979 169 176 185 7 2.7367 170 179 188 20 1.27934 190 200 207 56 -1.93163 139 147 154 17 -1.08084 124 133 137 11 0.348771 128 137 141 17 -1.98321 110 121 125 26 -1.05634 84 99 102 13 -2.40878 71 90 95 12 2.29744 77 99 105 68 2.45999 122 141 148 24 2.97644 131 144 152 1 2.35619 141 144 152 110 1.38933 255 251 255 46 -1.7005 218 205 213 0 0 
227 205 210 23 0.0434509 224 206 213 12 0.499347 221 213 220 92 -2.29473 145 144 153 45 0.847817 170 179 188 34 -2.84736 157 170 178 16 1.50838 169 186 195 6 -1.10715 163 181 188 25 -1.69023 142 155 163 14 -0.982794 132 144 150 14 -1.8491 119 129 136 10 2.76109 122 134 140 53 -2.11759 74 88 94 17 -0.41241 63 82 87 38 -1.94169 24 46 52 75 1.27425 98 117 124 27 1.42372 132 143 151 24 1.99742 162 164 172 85 1.33434 254 245 255 17 -1.92957 244 229 237 0 0 
243 229 235 25 -0.446106 228 218 224 96 -2.39267 153 152 161 40 2.56729 168 175 184 29 -1.63965 132 147 156 39 0.658806 151 172 180 47 2.75327 169 189 200 21 -2.55359 157 178 186 15 -2.03444 146 163 172 33 -2.35619 126 139 147 20 -1.3734 108 119 127 31 -0.463648 94 105 113 19 -0.104877 90 103 111 38 -1.33219 49 67 74 1 0 44 67 75 54 1.42372 100 121 129 34 0.385883 118 134 141 55 1.23755 179 185 192 59 1.26492 245 240 249 12 -1.07145 237 229 236 0 0 
255 253 255 105 -1.58032 148 148 154 71 -2.72194 112 120 127 59 1.12207 159 174 183 10 2.76109 158 178 189 55 -1.9614 103 128 138 55 0.912908 147 172 182 28 -3.10589 148 170 181 47 -2.43068 122 138 150 4 1.10715 130 142 152 7 0.588003 137 146 156 33 -2.37747 114 123 132 16 -0.828849 99 112 120 95 -0.491809 50 68 75 21 0.336675 52 75 83 78 1.55798 132 153 161 6 -2.97644 136 152 159 53 1.344 195 203 210 59 0.856706 249 246 255 45 -1.61521 208 201 208 0 0 
249 253 255 191 -2.06474 76 85 89 63 1.33342 131 147 153 24 0.844154 144 165 173 7 -1.71269 131 158 168 7 2.55359 134 162 173 18 -1.40565 119 143 155 34 -2.87534 114 134 145 20 2.7886 126 140 152 8 1.81578 138 148 158 26 -1.64757 115 121 132 12 1.89255 127 133 144 63 1.299 185 195 205 110 -1.71654 70 87 96 16 -0.785398 53 75 86 71 1.61302 126 147 155 37 2.6659 152 163 171 80 1.4077 238 241 249 14 2.86329 249 244 253 12 2.41495 255 252 255 0 0 
154 163 167 63 -1.46014 89 100 104 65 1.30723 149 163 169 24 3.09995 146 164 171 57 -2.9305 129 152 160 59 2.9211 142 164 175 54 -1.62629 88 110 121 14 2.79857 97 115 126 25 1.85459 124 138 150 17 2.65164 134 146 158 36 -0.883125 109 117 130 33 1.69142 142 151 161 30 1.97569 167 179 189 83 -1.8012 82 99 108 27 -1.31712 52 73 81 41 1.52205 96 113 122 70 2.04077 168 175 184 53 1.32582 227 226 235 9 1.46014 242 235 242 14 -2.9997 243 232 240 0 0 
166 169 173 88 -0.641244 112 117 120 119 0.185864 134 138 143 38 -2.20912 99 108 112 88 -0.159552 83 94 98 129 0.553681 148 162 168 94 -2.38604 81 97 104 12 1.48766 91 108 117 16 1.5708 107 123 135 46 1.63592 152 170 181 84 -2.43168 97 115 126 49 2.61497 123 139 151 21 1.2925 144 161 170 55 -1.39094 89 106 115 36 -1.08246 57 75 82 12 0.610726 68 82 88 108 1.66313 186 189 194 64 2.46685 232 228 234 36 -2.97644 229 222 227 12 1.5708 241 234 239 0 0 
241 240 244 11 -2.48055 234 233 237 119 -1.42771 116 115 119 135 0.622825 193 194 198 11 0.909753 199 204 207 122 -1.1401 86 92 97 130 0.0384426 87 97 104 17 2.43934 93 109 116 13 1.93797 104 120 132 23 -2.44685 86 106 117 48 -2.35619 52 71 84 87 2.12696 126 146 157 46 2.57155 153 171 182 61 -2.24044 106 124 131 39 -1.77312 69 85 92 78 -0.167254 61 72 76 69 1.36775 138 138 144 56 1.24905 198 192 197 30 1.34156 229 222 227 14 0.982794 241 234 239 0 0 
234 230 235 26 0.785398 253 249 254 48 -2.60468 228 224 229 27 -2.09887 202 201 205 59 1.09963 253 254 255 34 -1.98321 218 222 227 139 -1.44109 76 84 91 151 0.125996 90 103 111 128 0 88 102 114 141 -0.22097 54 72 83 62 -0.830821 8 25 38 125 0.700854 89 107 118 26 1.7976 116 132 144 47 -2.75327 100 116 123 46 1.52735 148 161 169 91 -0.979763 77 86 90 157 0.475011 158 156 162 61 0.773904 205 199 204 42 0.818719 237 230 235 2 3.14159 237 230 235 0 0 
255 249 254 0 0 213 207 212 0 0 214 210 215 0 0 229 228 232 0 0 241 240 244 0 0 237 240 245 0 0 226 234 241 0 0 220 231 239 0 0 226 240 252 0 0 97 113 125 0 0 104 121 134 0 0 83 101 112 0 0 74 88 100 0 0 102 118 125 0 0 201 212 220 0 0 217 226 230 0 0 202 200 206 0 0 234 228 233 0 0 235 228 233 0 0 226 219 224 0 0 
