252 252 252 17 -1.39612 235 235 235 23 0.994421 255 255 255 5 -1.5708 250 250 250 2 1.5708 252 252 252 41 3.14159 252 252 252 89 -2.88027 229 229 229 82 -2.25311 165 165 165 41 -0.700854 138 138 138 50 -0.259332 125 125 125 64 -0.282555 107 107 107 106 0.122032 120 120 120 80 0.447075 155 155 155 61 0.601455 190 190 190 48 1.38545 238 238 238 72 2.94691 252 252 252 56 3.08807 255 255 255 36 -2.92292 247 247 247 8 -0.124355 246 246 246 9 1.78947 255 255 255 0 0 
255 255 255 13 -2.57486 248 248 248 9 0.785398 255 255 255 6 -2.24554 250 250 250 51 -2.28781 211 211 211 62 -2.33347 166 166 166 53 0.208465 177 177 177 21 1.9513 197 197 197 106 -3.04753 187 187 187 146 3.14159 187 187 187 169 2.98714 213 213 213 147 -3.00545 193 193 193 169 3.06482 206 206 206 163 -3.09867 199 199 199 77 -2.71815 167 167 167 46 0.678119 196 196 196 28 2.1786 219 219 219 53 2.39617 255 255 255 42 -2.87947 244 244 244 11 0.179853 246 246 246 0 0 
244 244 244 15 0.785398 255 255 255 19 -2.9341 251 251 251 72 -2.63449 216 216 216 76 -2.46685 168 168 168 70 0.795499 218 218 218 153 -2.81571 169 169 169 185 -2.70692 91 91 91 103 -2.63917 41 41 41 38 -2.56084 20 20 20 102 0.476747 67 67 67 154 -0.282756 24 24 24 23 2.20582 43 43 43 94 2.02973 128 128 128 146 2.60468 203 203 203 176 -3.01091 180 180 180 17 3.14159 180 180 180 37 1.13095 214 214 214 60 2.39147 255 255 255 28 -2.81984 246 246 246 0 0 
255 255 255 22 -2.13411 236 236 236 48 -1.75614 188 188 188 40 -2.2143 156 156 156 91 0.731188 217 217 217 222 -2.4359 73 73 73 102 -2.36309 1 1 1 1 -2.35619 0 0 0 14 0.68573 9 9 9 102 1.6588 111 111 111 105 1.3901 215 215 215 205 -1.59518 10 10 10 10 -0.982794 1 1 1 22 0.0454233 2 2 2 26 1.64757 28 28 28 135 1.64474 163 163 163 166 2.94184 196 196 196 56 -2.66207 170 170 170 68 1.0153 228 228 228 72 2.75852 255 255 255 0 0 
243 243 243 20 -0.927295 227 227 227 76 -2.16971 164 164 164 64 1.19029 224 224 224 224 -2.24276 48 48 48 65 -2.31274 0 0 0 12 0 0 0 0 17 0.702257 11 11 11 13 -2.19959 0 0 0 131 1.42567 130 130 130 80 1.64566 210 210 210 194 -1.59656 16 16 16 20 0.35299 23 23 23 32 -2.35619 0 0 0 18 1.5708 18 18 18 19 -1.98902 0 0 0 147 1.40787 146 146 146 155 2.74432 206 206 206 62 -2.34496 161 161 161 94 1.33607 253 253 253 0 0 
255 255 255 86 -2.18435 184 184 184 5 0.785398 188 188 188 105 -1.7515 84 84 84 116 -2.38058 4 4 4 8 2.03444 12 12 12 157 0.00636934 13 13 13 134 -0.0744888 3 3 3 37 0.439843 19 19 19 105 1.68459 124 124 124 90 1.10222 205 205 205 170 -1.57668 35 35 35 86 -0.417049 0 0 0 1 0 0 0 0 118 0.0845438 10 10 10 191 0.0731676 24 24 24 39 -0.553294 3 3 3 159 1.57709 162 162 162 103 2.93659 183 183 183 55 0.236245 196 196 196 0 0 
205 205 205 53 -2.81984 188 188 188 34 -0.580003 169 169 169 200 -2.13522 0 0 0 9 0 0 0 0 197 1.02344 169 169 169 99 -2.91856 147 147 147 114 -1.85389 37 37 37 147 -0.205395 7 7 7 223 0.785398 165 165 165 41 1.24905 204 204 204 157 -2.53243 114 114 114 138 -0.954745 1 1 1 211 0.58669 118 118 118 86 1.27823 201 201 201 189 -2.28515 58 58 58 77 -0.812914 2 2 2 80 0.820471 61 61 61 186 1.90443 237 237 237 111 -2.36885 159 159 159 0 0 
154 154 154 65 1.8491 217 217 217 157 -1.75575 62 62 62 72 -2.317 9 9 9 94 1.58143 103 103 103 32 -1.22982 72 72 72 112 0.392057 115 115 115 66 1.45017 181 181 181 126 -3.01428 165 165 165 13 1.72345 178 178 178 112 -1.15077 75 75 75 154 0.876885 194 194 194 31 -0.579074 177 177 177 85 -2.73053 143 143 143 88 -2.30025 77 77 77 82 0.425622 111 111 111 86 -0.678371 57 57 57 58 -1.79503 0 0 0 157 1.54532 157 157 157 55 2.34354 197 197 197 0 0 
136 136 136 63 2.18922 188 188 188 176 -1.4289 13 13 13 5 -1.3734 8 8 8 106 1.64613 114 114 114 127 2.6322 176 176 176 122 -2.6926 123 123 123 67 -1.71896 56 56 56 174 0.659536 163 163 163 63 1.87275 224 224 224 50 -1.53082 174 174 174 50 1.14253 220 220 220 121 -1.68599 99 99 99 43 -0.350728 84 84 84 112 0.647047 152 152 152 59 2.69287 178 178 178 218 -2.48255 44 44 44 59 -2.40378 4 4 4 114 1.60587 118 118 118 72 1.96665 185 185 185 0 0 
99 99 99 116 1.38016 213 213 213 202 -1.75948 14 14 14 19 -2.35619 0 0 0 3 1.5708 3 3 3 63 1.53906 66 66 66 81 2.52278 113 113 113 96 2.1502 194 194 194 50 -1.41214 144 144 144 104 0.900533 226 226 226 42 -2.32287 195 195 195 54 2.93695 206 206 206 66 -1.43527 140 140 140 75 0.4696 174 174 174 76 -1.64958 98 98 98 135 -2.38237 5 5 5 6 -2.24554 0 0 0 34 0 0 0 0 90 1.49317 90 90 90 114 1.84549 200 200 200 0 0 
121 121 121 54 1.73594 175 175 175 177 -1.38994 0 0 0 10 0 0 0 0 27 0.183111 5 5 5 7 -2.35619 0 0 0 64 1.19029 60 60 60 205 0.761348 202 202 202 96 3.0688 209 209 209 105 -3.0278 197 197 197 64 -1.01711 142 142 142 129 0.598709 215 215 215 24 -2.80686 207 207 207 145 -2.86991 168 168 168 170 -1.41144 0 0 0 132 0.00757561 1 1 1 33 1.5708 34 34 34 43 -2.47045 7 7 7 52 1.62842 59 59 59 153 1.09843 196 196 196 0 0 
112 112 112 99 1.28418 207 207 207 197 -1.56572 10 10 10 42 0.411065 27 27 27 38 -2.35619 0 0 0 106 0.226799 24 24 24 265 0.772066 209 209 209 103 -1.45481 106 106 106 86 -0.0232516 104 104 104 166 0.870661 231 231 231 72 2.8899 249 249 249 173 -2.80709 192 192 192 125 -1.45137 67 67 67 158 0.942465 195 195 195 67 -1.22075 132 132 132 149 -1.06825 1 1 1 172 -0.00581389 0 0 0 73 0.0547398 4 4 4 125 1.60279 129 129 129 78 0.947597 193 193 193 0 0 
140 140 140 89 0.864597 208 208 208 159 -1.50172 49 49 49 97 -0.528074 0 0 0 122 1.0122 104 104 104 182 0.648996 214 214 214 70 3.04192 221 221 221 202 -2.9976 192 192 192 162 3.02412 211 211 211 173 -2.84903 161 161 161 77 -1.40138 85 85 85 122 1.51348 207 207 207 69 -2.39699 160 160 160 133 2.69137 218 218 218 200 -3.07171 204 204 204 122 -2.88675 173 173 173 115 -1.04521 73 73 73 103 -0.778596 0 0 0 182 1.28196 175 175 175 17 0.950547 189 189 189 0 0 
198 198 198 55 0.390607 219 219 219 118 -2.32626 133 133 133 108 -0.680521 65 65 65 184 1.54363 249 249 249 245 -2.6998 144 144 144 184 -2.4136 21 21 21 18 2.55359 31 31 31 34 2.7174 45 45 45 129 1.53206 174 174 174 82 -1.68011 92 92 92 64 1.60204 156 156 156 116 -1.64823 40 40 40 42 -2.59304 18 18 18 68 1.77679 85 85 85 165 2.06146 231 231 231 245 -2.79282 147 147 147 149 -2.45115 52 52 52 171 0.884248 185 185 185 23 -0.482513 174 174 174 0 0 
249 249 249 111 -1.53478 138 138 138 104 0.860089 217 217 217 152 -1.8491 70 70 70 127 -0.344079 27 27 27 29 -2.35619 6 6 6 4 3.14159 6 6 6 8 -2.35619 0 0 0 50 1.5508 50 50 50 116 1.41553 165 165 165 75 -1.59746 90 90 90 60 1.24905 147 147 147 144 -1.41815 4 4 4 3 3.14159 4 4 4 5 2.49809 7 7 7 8 -2.19105 0 0 0 32 1.50838 32 32 32 137 1.20778 161 161 161 72 0.668289 206 206 206 63 -2.98418 196 196 196 0 0 
253 253 253 47 -1.52827 206 206 206 47 -0.710909 175 175 175 17 1.03038 190 190 190 184 -1.5871 6 6 6 170 -0.0235251 2 2 2 47 -0.0425275 0 0 0 1 1.5708 1 1 1 68 1.37915 68 68 68 101 1.93302 163 163 163 115 -2.65469 109 109 109 83 2.33925 169 169 169 196 -2.11209 1 1 1 1 -2.35619 0 0 0 10 0.197396 2 2 2 19 0 2 2 2 111 0.785398 81 81 81 188 0.815464 218 218 218 86 -2.10135 143 143 143 118 1.06943 247 247 247 0 0 
255 255 255 21 -2.48875 242 242 242 59 -1.3503 184 184 184 38 0.078784 187 187 187 14 -2.30861 176 176 176 127 -1.47659 49 49 49 154 -0.323804 0 0 0 140 0.0996687 14 14 14 18 1.40565 32 32 32 43 2.40534 61 61 61 57 -2.96792 51 51 51 53 2.81984 68 68 68 85 -2.2143 0 0 0 14 0.737815 10 10 10 60 0.184324 21 21 21 139 0.444419 81 81 81 197 0.710271 210 210 210 58 -2.47755 174 174 174 42 0.652847 200 200 200 70 0.775298 249 249 249 0 0 
238 238 238 24 0.785398 255 255 255 35 -1.94607 222 222 222 54 -0.982794 177 177 177 78 0.140102 188 188 188 13 0.566729 195 195 195 66 -2.1754 140 140 140 132 -1.19873 17 17 17 184 -0.0921298 0 0 0 191 0.0209393 4 4 4 142 -0.0281616 0 0 0 129 0.13204 17 17 17 130 -0.0461211 11 11 11 193 0.303808 69 69 69 150 0.543832 147 147 147 91 1.17601 231 231 231 101 -2.41905 164 164 164 63 0.76318 208 208 208 57 0.822418 250 250 250 6 0.896055 255 255 255 0 0 
255 255 255 14 -2.06474 242 242 242 13 0.837981 252 252 252 4 0.785398 255 255 255 56 -1.6421 199 199 199 54 -0.876058 157 157 157 88 0.35745 188 188 188 37 0.355636 201 201 201 40 -2.89059 191 191 191 45 -1.68145 146 146 146 36 -0.512389 128 128 128 72 0.265043 147 147 147 56 1.0364 196 196 196 9 2.92292 198 198 198 32 -2.62245 182 182 182 47 -0.605545 155 155 155 112 0.51142 210 210 210 58 0.688145 247 247 247 10 0.71883 254 254 254 10 -1.86225 244 244 244 0 0 
248 248 248 0 0 251 251 251 0 0 255 255 255 0 0 251 251 251 0 0 234 234 234 0 0 240 240 240 0 0 223 223 223 0 0 162 162 162 0 0 186 186 186 0 0 178 178 178 0 0 198 198 198 0 0 176 176 176 0 0 187 187 187 0 0 170 170 170 0 0 221 221 221 0 0 253 253 253 0 0 255 255 255 0 0 255 255 255 0 0 251 251 251 0 0 242 242 242 0 0 
