255 248 254 2 2.35619 255 250 255 2 0.785398 255 254 255 11 -2.87534 245 253 253 3 0.588003 238 255 255 3 2.81984 234 255 255 30 -2.9442 222 252 253 51 3.06332 225 255 255 62 -2.91599 211 239 250 48 3.09995 213 239 255 50 -3.08166 211 235 253 48 3.14159 211 235 255 46 2.92292 221 245 255 60 3.05845 225 251 255 75 -3.12826 224 250 255 53 -3.12273 223 251 255 8 2.62245 234 255 255 7 -2.35619 234 252 253 5 1.5708 244 255 255 8 -1.81578 240 248 247 0 0 
254 247 252 8 0.785398 255 253 255 12 -2.07014 239 244 247 11 1.30454 241 255 255 26 -2.98894 230 253 255 57 -2.67013 197 228 231 38 -2.35619 166 200 206 18 -0.321751 157 194 202 16 -0.0624188 156 191 204 26 0 156 190 206 14 -0.0713075 156 188 207 14 0.211093 159 191 210 11 -0.463648 154 185 206 12 -0.96007 144 175 196 28 0.835357 164 197 216 45 1.72512 210 243 255 73 3.05959 223 251 255 72 3.14159 231 251 255 5 0.54042 241 254 255 5 2.76109 244 255 255 0 0 
248 255 255 9 -2.43297 238 250 252 5 -0.380506 229 248 253 31 -2.53605 204 230 237 38 -2.28226 166 201 211 14 -0.141897 157 199 211 24 0.813962 170 218 230 8 -1.32582 160 209 223 9 1.15257 169 218 234 13 -2.03444 157 206 222 8 -0.124355 158 204 222 9 -0.110657 157 203 221 13 -0.628796 149 194 215 16 0.124355 149 196 218 5 -1.5708 144 190 214 21 -1.8491 127 170 191 19 0.370891 144 177 192 77 1.67432 228 255 255 92 -3.06565 229 248 255 5 0 232 248 254 0 0 
236 250 249 7 0.876058 238 255 255 33 -1.5405 198 221 229 23 -2.3259 172 204 217 16 0.655696 173 213 231 1 0.785398 167 214 235 5 2.60117 165 218 239 8 -0.785398 155 212 233 18 -0.0554985 154 212 231 20 0.0996687 156 214 233 5 0 158 214 231 4 0.244979 159 215 234 5 -2.60117 156 211 232 22 -2.45267 142 196 221 11 -1.22203 131 183 213 17 0.174672 139 186 213 21 -2.09559 131 168 188 16 -0.436627 131 163 176 91 1.75749 228 252 255 46 -3.11986 229 251 255 0 0 
239 255 254 2 2.03444 237 255 255 55 -2.00194 180 205 215 19 0.674741 183 216 232 2 -0.785398 171 212 237 23 -0.214061 159 207 235 26 0.546789 167 221 251 6 1.89255 172 229 255 7 2.9997 171 231 255 20 -2.45928 158 219 239 1 -2.35619 159 218 237 9 -2.1294 152 209 230 15 -1.5708 137 193 218 13 0.528074 144 198 228 7 2.86329 146 199 232 30 -2.19482 125 174 206 14 0.493941 142 183 206 40 -1.8218 111 144 163 68 1.10061 177 206 221 48 1.54997 227 254 255 0 0 
236 254 253 20 -1.47113 213 234 236 20 -2.52693 192 220 231 7 -0.141897 182 218 236 20 1.17227 192 235 255 22 -2.91812 180 229 255 17 -2.43934 164 218 251 4 0.244979 161 221 251 10 -2.2143 151 215 240 5 0.380506 155 217 241 7 -0.785398 152 213 233 6 -0.463648 149 210 230 6 -2.67795 148 205 231 16 -2.31274 136 191 222 12 -0.844154 127 181 216 15 0.404892 136 187 220 17 -1.98321 131 172 197 6 0.321751 140 175 195 31 1.63522 176 206 223 48 0.873406 217 243 255 0 0 
235 255 255 39 -1.59643 192 217 219 38 0.313621 197 228 237 65 3.14159 188 226 244 11 -1.75065 168 214 238 15 0.260602 163 217 247 9 0.708626 164 224 254 10 -2.1588 151 215 245 11 0.266252 154 219 247 2 0.785398 156 223 246 10 -2.76109 154 219 240 23 -2.44685 141 204 225 8 -1.5708 135 195 219 13 0.528074 140 201 227 8 -2.78282 137 197 227 17 -2.11122 129 181 211 20 -0.14889 138 179 202 10 -0.588003 141 173 192 67 1.26791 211 237 253 21 0.753151 227 253 255 0 0 
235 255 254 2 -0.463648 231 254 255 90 -1.5708 134 163 170 108 0.621324 188 225 239 49 3.01975 185 231 249 39 -3.03939 174 226 249 15 -2.67795 162 219 245 14 0.588003 166 227 253 15 -2.7367 160 221 247 16 -2.4859 152 212 236 12 -1.24905 142 200 222 14 0.211093 145 203 225 5 0.927295 150 207 229 14 -2.06474 137 194 216 20 -0.197396 132 189 214 27 0.528074 153 203 226 50 -2.8578 155 188 207 29 0.170735 168 193 209 78 0.876058 232 254 255 1 -1.5708 233 253 255 0 0 
244 255 255 3 -1.5708 238 253 255 3 -2.55359 229 251 255 74 -1.51679 148 177 184 71 0.224711 155 193 205 42 0.516231 169 214 228 47 2.72553 182 232 250 76 -2.90298 163 213 235 53 -3.04753 159 208 230 33 2.93257 166 214 238 74 -3.11457 166 213 235 74 -3.0339 160 204 227 84 -3.07029 154 199 220 54 2.88334 168 214 232 52 3.14159 166 214 232 115 -2.61601 115 156 171 117 0.566729 192 218 230 37 0.766532 227 244 253 14 0.785398 241 254 255 4 -1.5708 239 251 255 0 0 
253 254 255 10 -2.49809 244 249 252 7 0.694738 242 254 255 8 -1.5708 227 247 252 19 -1.0839 202 231 236 64 -1.17 138 172 178 42 -0.28473 123 158 171 5 0.643501 124 160 176 95 0.15824 139 175 193 72 -0.488334 107 140 160 83 -0.0240917 106 137 160 85 -0.211093 88 119 140 135 0.185802 113 146 162 103 0.146012 128 161 176 67 -0.785398 79 114 127 152 1.18055 227 255 255 42 -2.9305 230 246 253 12 0.785398 246 255 255 0 0 248 255 255 3 -2.1588 245 252 255 0 0 
254 244 250 11 0.785398 255 253 255 4 -2.89661 252 254 255 1 0.785398 246 255 255 10 -3.04192 240 255 255 43 -1.54754 193 212 215 84 -2.52409 141 163 169 128 0.813015 234 254 255 23 -2.44685 221 237 253 15 -1.3734 207 221 239 17 -0.0587558 206 220 239 32 1.31824 237 251 255 38 -2.98499 231 247 255 42 -1.98186 191 209 220 38 -1.46592 151 173 179 42 1.81003 197 214 217 60 2.37945 248 255 255 7 3.14159 253 255 255 3 -2.55359 251 253 253 0 0 251 254 252 0 0 
255 252 255 5 -2.2143 255 249 252 4 1.81578 255 254 255 10 -1.76819 240 246 245 14 0.785398 246 255 255 113 -1.57965 130 144 143 108 1.47847 236 251 254 21 -2.48875 225 237 243 9 2.43297 232 241 251 19 -3.08901 231 239 252 25 -2.73147 223 228 243 16 -2.00742 208 214 227 19 0.896055 221 230 240 19 -1.98902 202 213 221 62 -2.14987 148 163 166 20 0.35299 158 170 172 104 0.860089 246 248 249 4 2.03444 254 252 251 2 0.463648 255 253 252 2 0.463648 255 255 251 0 0 
252 251 253 3 -0.588003 248 250 251 3 1.89255 248 253 254 2 0.785398 246 255 255 4 -2.89661 242 255 255 102 -1.66852 138 153 155 81 1.46014 219 234 236 12 -2.89661 218 230 234 10 -2.49809 213 224 228 7 -2.44685 210 219 223 10 0.643501 218 224 231 5 0.927295 220 228 235 7 -2.44685 213 223 230 44 -1.5708 168 180 186 31 0.0322469 165 181 187 56 1.74751 225 237 241 16 2.57026 244 246 247 8 1.32582 255 254 253 1 0.785398 255 255 254 1 3.14159 255 255 252 0 0 
251 255 255 6 -1.73594 244 250 249 6 1.40565 246 255 255 4 -1.5708 240 252 254 7 -1.97569 232 244 248 86 -1.87437 147 162 165 63 1.21935 209 221 225 6 0.165149 211 223 225 7 -2.55359 211 219 219 10 1.0637 222 228 227 1 2.35619 223 229 228 5 -1.5708 218 223 224 16 0.0624188 217 224 227 13 -1.41815 200 211 215 40 -1.71969 157 170 178 55 1.92111 212 222 229 30 0.946773 246 247 251 7 1.5708 255 255 255 2 -2.67795 254 255 253 4 -2.35619 251 252 250 0 0 
250 255 253 5 -2.2143 245 251 250 7 0.785398 248 255 255 8 -2.19105 239 247 254 30 -1.34156 207 216 225 48 -2.3417 174 181 190 49 1.08913 220 226 233 13 -2.19959 211 216 219 8 1.05165 221 224 222 3 1.5708 226 227 223 2 2.35619 228 229 225 11 1.83705 239 240 238 21 -2.48875 222 226 227 21 -1.71269 200 203 211 55 -1.29499 143 149 160 89 1.55956 232 238 249 11 2.48055 244 246 254 5 1.19029 251 252 255 2 -0.785398 247 251 252 4 -0.244979 246 251 250 0 0 
249 252 250 5 0.927295 251 255 255 5 -1.5708 245 250 253 7 0.785398 248 254 255 71 -1.61302 177 182 191 27 2.22868 199 204 213 15 0.965252 214 218 223 3 0.321751 218 220 221 5 0.54042 225 223 222 1 0.785398 226 225 221 10 3.04192 227 227 221 5 -2.60117 224 223 219 1 1.5708 221 223 224 7 -2.7367 216 219 224 67 -1.45196 146 150 161 84 1.93372 225 229 240 22 0.909753 246 248 255 6 0.896055 253 254 255 1 3.14159 251 255 255 1 -2.35619 250 254 255 0 0 
254 254 254 1 0.785398 253 255 255 4 3.14159 253 255 255 5 -2.60117 248 251 255 85 -1.53552 163 166 171 52 1.96559 210 214 219 15 0.463648 218 221 225 16 0.185348 223 225 226 11 -3.05093 224 224 224 12 -2.18152 214 215 213 7 0.876058 220 221 219 2 1.5708 220 222 222 7 -2.1588 212 216 217 12 1.40565 223 227 232 105 -1.58984 116 122 129 124 1.39381 239 245 252 10 2.28963 252 253 255 0 0 254 253 255 0 0 252 254 254 0 0 252 254 254 0 0 
255 255 255 5 -2.35619 251 251 251 4 -0.244979 248 250 251 7 0.785398 253 255 255 108 -1.64474 143 146 150 134 0.653886 225 228 232 12 0.785398 234 238 239 27 -2.09887 210 214 215 34 0.0880074 217 217 217 26 0.0767719 219 219 219 22 0.0454233 218 220 220 2 -0.785398 214 219 218 16 0 214 217 221 15 0.551655 219 226 229 83 -1.31712 138 144 151 104 2.01728 232 238 243 21 0.753151 252 254 255 0 0 254 254 254 0 0 254 254 254 0 0 254 254 254 0 0 
251 251 251 5 0.785398 255 255 255 8 3.14159 253 255 255 8 -1.5708 245 247 248 10 0.71883 250 253 255 16 -1.50838 234 237 241 21 -0.71883 220 224 225 37 0.691337 244 248 249 7 -0.694738 243 243 243 4 -0.463648 241 241 241 23 -0.93577 220 222 222 35 0.348771 230 235 234 17 -0.174672 227 230 234 28 0.588003 240 247 250 147 -1.55039 93 99 106 208 0.836202 248 254 255 4 -2.89661 252 254 255 0 0 254 254 254 0 0 254 254 254 0 0 254 254 254 0 0 
255 255 255 0 0 247 247 247 0 0 253 255 255 0 0 253 255 255 0 0 251 254 255 0 0 250 253 255 0 0 249 253 254 0 0 250 254 255 0 0 247 247 247 0 0 255 255 255 0 0 253 255 255 0 0 247 252 251 0 0 251 254 255 0 0 243 250 253 0 0 233 239 246 0 0 244 250 255 0 0 252 254 255 0 0 254 254 254 0 0 254 254 254 0 0 255 255 255 0 0 
