248 254 249 3 0 248 254 249 2 0.785398 252 255 253 5 2.9442 253 255 254 3 -1.5708 250 252 252 3 0.321751 251 253 253 11 2.96174 255 254 255 7 -1.8491 248 247 249 9 0.785398 255 254 255 5 -1.9513 250 249 251 5 1.19029 253 255 255 4 -1.81578 249 252 250 5 0.643501 250 255 253 1 1.5708 251 255 252 4 -1.5708 247 254 247 4 1.32582 251 255 252 2 -2.67795 250 255 253 5 -1.3734 245 250 249 8 0.785398 253 255 254 3 -1.5708 250 253 251 0 0 
253 255 254 1 -1.5708 252 255 253 7 -2.35619 247 250 248 8 0.785398 253 255 255 7 3.14159 253 255 255 13 -1.64757 240 242 242 17 0.702257 253 253 253 2 0.785398 255 255 255 3 -2.55359 253 253 253 5 -2.9442 250 252 252 3 0.588003 252 254 254 2 2.67795 253 255 255 3 -2.81984 250 255 254 3 2.81984 251 255 254 3 -1.89255 248 253 251 2 2.67795 249 254 252 2 1.10715 251 255 255 0 0 251 255 255 8 3.14159 253 255 255 3 -1.5708 250 253 251 0 0 
255 254 255 9 -2.43297 249 248 250 8 0.785398 255 254 255 9 -2.27942 248 248 248 9 0.708626 252 254 254 7 2.9997 253 255 254 0 0 253 255 254 3 -1.5708 250 253 251 4 -2.03444 246 249 247 9 0.785398 251 255 254 5 -2.60117 248 253 252 2 0 248 252 253 3 -0.321751 247 250 254 4 2.35619 250 253 255 4 -1.32582 246 249 254 6 0.674741 250 253 255 3 2.81984 250 255 255 8 -1.5708 242 247 248 11 0.785398 251 255 255 4 3.14159 251 255 255 0 0 
250 246 251 8 1.05165 255 254 255 6 -1.73594 249 248 250 8 0.785398 255 254 255 12 -2.41495 245 247 247 11 0.785398 253 255 255 0 0 251 255 255 9 -2.58299 246 251 250 7 0.785398 250 255 255 40 -3.01724 245 251 250 114 3.10652 249 254 255 162 3.13542 250 254 255 206 -3.10763 244 246 254 28 2.89661 251 252 255 4 3.14159 251 251 255 214 -3.1229 247 248 255 160 3.1166 250 254 255 102 3.14159 250 255 255 4 -1.5708 247 250 254 4 1.81578 251 255 255 0 0 
255 251 253 3 0.588003 255 253 255 6 2.97644 255 254 255 9 -1.78947 246 245 247 11 0.909753 253 255 255 8 3.14159 251 254 255 8 -1.69515 242 247 250 22 2.77761 248 254 255 126 -2.81984 206 215 219 89 -2.05944 127 135 142 73 -0.640784 85 90 99 43 -1.40942 42 46 57 171 1.48911 215 216 230 31 1.60304 247 246 255 210 -1.58508 37 36 52 81 0.663203 87 87 101 70 2.0724 148 151 159 147 2.37542 248 254 255 219 -3.11877 245 249 254 35 -3.08451 243 248 251 0 0 
255 254 255 7 -1.8491 250 248 248 8 0.62025 253 252 254 4 3.14159 251 252 255 6 -1.40565 243 246 251 10 0.71883 247 252 255 102 -2.86596 217 223 234 100 -2.0032 123 132 146 48 0.902507 161 170 184 48 2.66869 183 191 208 140 -2.38649 88 95 112 37 -1.84174 54 58 77 156 1.5004 212 213 233 94 2.82988 243 243 255 143 -1.5638 101 99 118 85 -0.594475 53 52 68 11 -1.10715 40 45 54 25 -0.446106 29 35 42 179 1.52613 210 213 221 70 2.53784 250 254 255 0 0 
255 254 249 2 2.03444 255 255 252 6 -1.5708 247 249 250 7 0.694738 250 253 255 1 0.785398 248 252 255 132 -2.28679 144 151 168 61 0.492836 170 178 201 54 -2.78497 149 158 185 75 -2.6602 114 122 152 62 -2.50452 77 85 115 18 -2.92292 75 81 110 17 -2.11122 62 66 94 59 1.9513 118 122 146 142 2.13537 240 244 255 73 -1.52972 171 171 189 137 -0.982794 57 58 72 10 2.2143 63 67 78 26 -1.76078 35 42 51 113 1.53541 150 155 164 111 1.03499 246 252 255 0 0 
254 254 248 3 0.982794 255 255 252 4 3.14159 251 255 255 2 3.14159 248 253 255 107 -2.19754 157 164 181 55 0.823355 195 202 227 144 -2.58813 115 124 157 68 -2.60617 79 88 125 18 -1.5153 61 69 109 17 -0.286051 56 65 103 10 2.63449 62 70 107 38 -2.31917 36 43 76 2 2.67795 41 45 73 199 1.53563 241 245 255 98 3.14159 245 246 255 196 -1.56569 49 52 67 132 0.0680765 56 62 73 23 -2.3259 39 46 55 167 1.42721 207 212 221 57 0.785398 248 253 255 0 0 
254 255 251 6 -2.67795 249 251 251 4 0.463648 248 252 255 61 -1.65258 183 189 202 138 3.04049 192 201 221 150 -2.2143 68 78 108 13 -1.04272 55 64 102 33 0.827041 76 88 130 29 -3.07274 74 85 129 46 -2.41673 43 54 98 22 -2.57828 33 42 85 11 -0.348771 31 40 77 28 0.354706 44 52 82 95 1.41256 140 147 174 139 2.35112 242 247 255 65 -1.70838 179 183 201 151 -1.15725 40 46 57 23 1.7005 63 70 79 218 0.990398 248 253 255 6 -2.81984 246 251 255 0 0 
244 247 251 9 0.785398 250 254 255 8 -2.08994 239 246 255 194 -1.53988 42 50 67 67 1.17372 100 110 134 33 -2.37747 74 85 115 10 2.76109 76 87 125 51 -2.59121 45 59 101 26 -2.83189 37 50 94 15 -1.70335 22 35 79 30 0.643501 42 54 96 20 0.614663 56 67 105 8 -0.244979 57 66 100 19 -1.51821 40 48 77 188 1.50176 232 236 255 136 3.10484 238 243 255 269 -2.28788 37 43 56 152 1.27808 183 190 199 80 0.785398 242 247 255 7 -0.588003 238 244 251 0 0 
250 251 255 7 -2.55359 244 247 255 16 2.95624 243 250 255 178 -1.80221 66 75 95 75 0.158655 74 86 110 30 -2.84067 62 76 104 45 -2.41861 30 45 77 8 -1.81578 20 37 70 34 0.450661 35 51 87 58 0.190639 46 62 99 40 0.27491 59 73 109 41 0.0730406 64 76 112 63 -0.141897 58 67 101 7 -1.97569 53 60 93 39 1.41815 94 99 130 50 -2.34211 60 65 90 19 1.98902 81 87 100 219 0.811199 242 248 255 6 1.10715 250 253 255 12 3.14159 250 254 255 0 0 
242 244 255 15 -1.1659 226 230 249 63 -2.79015 202 207 228 96 -2.49602 141 149 172 134 -0.75383 45 57 81 16 -1.05165 30 43 69 36 0.0554985 28 45 72 63 0.406971 53 69 98 94 0.449431 92 110 139 30 -2.91236 85 103 134 13 1.41815 100 115 147 26 1.8805 127 140 172 106 -2.35619 55 64 97 5 0.380506 59 66 99 11 -0.179853 59 64 95 10 -2.1588 52 57 82 225 0.905077 232 238 249 11 1.39094 245 251 255 9 -1.24905 238 242 247 16 0.785398 250 255 255 0 0 
246 250 255 80 -1.68283 166 170 189 41 -1.91544 125 130 151 138 2.13476 239 248 255 182 -1.59826 55 66 88 60 0.232979 67 79 103 30 2.24044 90 104 127 52 1.62842 140 155 181 91 -2.19232 66 81 107 72 0.352309 91 106 132 35 3.05609 96 109 135 58 -2.34415 55 66 93 7 0.785398 60 71 98 9 1.0122 70 79 106 26 -2.32917 53 60 87 200 0.74317 192 197 218 64 0.674741 236 241 250 16 0.785398 250 255 255 0 0 251 254 255 10 3.14159 251 255 255 0 0 
237 242 255 85 -1.48863 152 156 174 122 -0.942 51 57 76 187 1.68853 236 243 255 174 -2.4007 116 124 147 140 -0.473201 50 61 83 41 1.34948 88 100 124 29 3.07274 90 101 128 51 1.97312 137 148 175 117 -2.41636 59 71 95 4 -0.785398 58 68 92 9 0.418224 62 73 95 5 2.11122 67 78 100 39 -0.394791 54 63 83 237 0.666205 203 210 230 48 0.902507 242 249 255 2 0.785398 248 254 255 1 3.14159 250 255 255 10 -1.76819 241 245 246 12 0.674741 249 254 253 0 0 
244 251 255 20 -1.47113 224 230 241 193 -1.48808 29 37 50 219 0.367827 107 115 132 136 1.48279 243 250 255 210 -2.11529 61 68 93 22 0.0906599 63 70 97 13 2.13753 72 80 109 31 -2.42276 51 59 88 13 1.2723 64 73 100 25 0.119429 69 77 100 69 -0.115427 61 70 90 162 0.27491 105 115 132 192 0.785398 243 252 255 14 -2.35619 233 243 253 14 0.785398 246 254 255 1 -2.35619 249 254 255 1 -1.5708 249 254 253 2 1.10715 253 255 255 6 -1.89255 247 250 248 0 0 
248 255 255 6 -1.73594 242 248 253 6 -0.674741 238 243 252 114 -1.49201 122 128 139 123 0.121352 137 142 157 117 -0.42944 88 92 111 157 -0.172463 59 64 85 182 -0.0329551 53 57 81 187 0.0374157 60 65 86 185 0.184684 94 100 119 155 0.307495 143 147 165 128 0.663779 222 228 241 32 0.828849 246 253 255 10 -1.76819 236 244 251 12 0.896055 246 255 255 2 -2.67795 247 255 255 1 3.14159 250 255 254 1 0 252 254 254 1 -0.785398 251 254 252 2 0.785398 253 255 254 0 0 
252 254 255 1 0 252 254 255 1 0 252 253 255 1 0 250 253 255 1 -0.785398 249 252 255 1 -0.785398 248 251 255 2 0 248 250 255 1 -0.785398 247 249 255 2 0.785398 249 251 255 1 0 249 252 255 1 0 249 252 255 1 0 249 252 255 1 0 249 252 255 1 0 249 253 254 1 0 249 253 254 1 0 251 253 253 2 1.10715 253 255 255 0 0 255 255 255 0 0 255 255 255 0 0 255 255 255 0 0 
255 255 255 0 0 255 255 255 0 0 255 255 255 0 0 255 255 255 1 -1.5708 254 254 254 1 0 254 254 254 1 -0.785398 253 253 253 2 0 253 253 253 1 0.785398 254 254 254 1 0 254 254 254 1 0 254 254 254 1 0 254 254 254 1 0 254 254 254 1 0 254 254 254 1 0 254 254 254 1 0 254 254 254 1 0.785398 255 255 255 0 0 255 255 255 0 0 255 255 255 0 0 255 255 255 0 0 
255 255 255 0 0 255 255 255 0 0 255 255 255 0 0 255 255 255 0 0 255 255 255 0 0 255 255 255 0 0 255 255 255 1 -1.5708 254 254 254 1 0.785398 255 255 255 0 0 255 255 255 0 0 255 255 255 0 0 255 255 255 0 0 255 255 255 0 0 255 255 255 0 0 255 255 255 0 0 255 255 255 0 0 255 255 255 0 0 255 255 255 0 0 255 255 255 0 0 255 255 255 0 0 
255 255 255 0 0 255 255 255 0 0 255 255 255 0 0 255 255 255 0 0 255 255 255 0 0 255 255 255 0 0 255 255 255 0 0 255 255 255 0 0 255 255 255 0 0 255 255 255 0 0 255 255 255 0 0 255 255 255 0 0 255 255 255 0 0 255 255 255 0 0 255 255 255 0 0 255 255 255 0 0 255 255 255 0 0 255 255 255 0 0 255 255 255 0 0 255 255 255 0 0 
