255 251 255 2 0.463648 254 253 255 6 -2.81984 252 251 253 5 -1.03038 243 248 247 11 0.785398 250 255 254 14 -3.07029 247 255 255 11 -1.91957 238 240 251 13 1.17601 250 252 255 18 -3.03094 248 252 255 7 2.86329 248 255 255 16 -2.39965 232 249 240 80 3.00495 241 255 254 7 -2.7367 238 250 255 4 -2.89661 239 247 255 8 2.62245 250 250 255 4 -1.81578 247 248 255 6 3.14159 249 251 251 3 1.89255 254 255 251 2 2.67795 255 255 251 1 -1.5708 255 255 250 0 0 
255 253 255 8 -2.19105 248 247 251 9 0.785398 250 253 255 16 3.14159 244 252 255 17 -2.19105 225 236 255 23 2.75327 234 242 255 104 -3.12236 232 235 255 119 -3.04942 223 224 255 84 3.03486 232 236 255 60 -3.09163 227 236 255 91 -2.10748 145 160 179 89 1.92434 227 243 255 76 3.14159 227 237 255 107 -3.10423 226 231 255 91 3.03214 242 241 255 87 -3.03851 236 236 255 35 2.9997 243 246 255 4 2.67795 248 252 253 5 2.60117 255 255 254 8 3.14159 255 255 251 0 0 
254 250 249 7 0.785398 251 254 255 17 -2.03444 223 234 254 10 0.643501 218 235 255 96 -2.86898 185 201 255 146 -2.61991 109 121 209 57 -2.84182 95 96 206 51 2.66071 119 120 230 92 2.7752 152 159 252 103 3.04481 162 173 253 82 -2.2702 96 113 186 71 2.56522 135 150 229 34 -1.99499 107 113 210 13 1.17601 123 123 223 50 2.86329 140 139 231 112 2.74954 189 188 255 148 2.89661 230 234 255 170 3.13571 236 243 255 11 3.14159 242 247 248 10 0.851966 253 255 251 0 0 
255 254 255 8 -2.03444 240 243 255 6 3.14159 219 236 255 124 -2.27069 108 133 205 92 -2.43997 41 63 168 8 -0.124355 36 54 185 10 -0.927295 33 39 188 16 -1.26791 19 22 174 24 0.726642 33 43 180 65 1.99365 93 108 231 70 -1.71269 22 40 157 85 1.51204 107 124 245 12 -1.32582 98 105 244 93 -2.67314 60 61 205 47 -2.08203 22 22 158 25 0.119429 32 31 147 10 1.86225 49 53 132 160 1.62699 218 222 255 204 3.05359 243 249 255 5 3.14159 247 253 255 0 0 
253 246 255 10 -1.9513 227 232 255 74 -1.55728 124 147 222 138 -2.4736 19 52 161 27 0.759763 31 63 200 5 -0.54042 26 54 209 19 -0.486899 26 39 207 12 -0.244979 25 35 206 34 -0.990794 0 9 172 87 1.07145 69 89 244 73 -2.29857 12 36 185 83 1.45089 95 118 255 122 -2.21102 3 15 181 36 0.512389 24 30 203 9 0.86217 31 37 210 28 -2.05032 13 16 175 8 0.519146 30 27 160 35 -1.6563 5 4 98 218 1.4652 231 235 255 137 3.1197 240 244 255 0 0 
243 238 255 5 -2.11122 221 227 255 203 -2.0169 3 32 131 48 1.09789 27 66 198 17 0.231091 23 65 214 30 0.30092 36 70 230 19 -0.822418 33 54 216 25 0.158655 40 56 223 10 -0.588003 31 50 219 27 -0.528074 13 36 205 32 0.124355 14 42 207 18 0 14 40 210 10 0.71883 26 43 224 8 -2.03444 21 32 220 16 -0.785398 9 18 212 13 -0.394791 12 14 202 9 -0.708626 20 13 182 9 -1.68145 21 16 145 57 1.46592 89 90 164 157 2.0656 232 238 255 0 0 
232 229 255 90 -1.67046 124 133 206 91 -2.19232 16 48 167 44 1.02652 35 81 223 16 1.50838 49 96 241 14 -2.64765 47 89 232 49 -0.0407937 61 87 225 79 -0.150746 53 73 215 65 0.137587 55 78 234 6 -1.10715 43 70 234 11 -1.03038 26 59 228 10 -1.86225 16 47 222 8 -0.62025 18 38 223 8 1.10715 28 43 235 18 -2.43297 16 28 230 10 -1.19029 13 18 217 15 -2.03444 13 6 195 5 -0.380506 22 15 166 24 -1.77619 9 10 100 208 1.59002 220 228 255 0 0 
214 217 255 134 -1.58572 62 78 161 24 3.05845 32 69 197 16 1.5708 30 81 227 10 0.197396 32 85 225 55 1.4982 96 141 255 28 1.81578 142 170 255 27 -1.90404 120 142 255 53 -1.42098 56 85 230 11 -0.266252 44 79 237 19 -1.5708 20 56 226 15 0 20 53 233 8 -1.69515 19 41 231 10 -1.27934 14 27 225 11 0.54042 22 31 235 21 -1.80454 6 10 213 2 -2.35619 17 8 205 12 -1.73594 13 6 171 23 -1.44109 1 2 106 198 1.5607 203 210 255 0 0 
203 213 255 156 -1.5708 33 53 141 27 1.23755 27 71 196 32 0.915101 39 94 233 23 -0.172191 36 91 226 44 1.5708 89 136 255 26 1.83379 131 162 255 37 -2.89661 124 152 255 64 -2.24554 63 98 238 14 -1.49949 39 80 236 8 -0.519146 29 72 243 16 -1.50838 15 50 237 4 -1.10715 22 41 240 3 -0.982794 26 35 239 9 -1.78947 22 26 228 18 -1.5153 10 8 208 2 -0.785398 15 6 203 7 -1.1659 16 7 177 24 -1.81578 1 0 116 174 1.53633 179 183 255 0 0 
199 212 255 147 -1.63872 38 62 152 38 1.25718 47 91 216 29 1.46771 62 116 255 28 -1.85885 36 90 227 37 1.38382 80 129 255 19 -2.98499 90 127 249 13 -1.8693 77 113 237 9 -1.15257 55 101 238 9 -2.1294 39 90 240 11 -1.10715 23 75 242 15 -1.50423 14 54 237 5 -0.785398 22 43 242 8 -0.950547 26 33 236 7 -2.1588 29 27 227 17 -1.68791 17 10 207 1 -1.5708 19 10 204 20 -2.2143 10 3 168 20 -0.614663 7 6 122 163 1.58307 174 178 255 0 0 
188 203 255 125 -1.46717 50 74 164 28 1.67753 52 92 221 18 1.29985 55 106 253 13 -1.96559 42 95 240 16 0.741947 54 108 245 12 1.65394 75 123 249 12 -2.71497 68 118 244 30 -2.49809 40 98 234 10 2.9442 35 97 245 14 -1.71269 19 78 241 12 -1.65394 14 61 236 3 -0.982794 27 52 240 16 -1.32582 25 31 226 5 -2.2143 34 25 222 15 -1.76819 24 10 205 13 -1.7976 9 1 186 20 0.682317 27 23 179 33 -1.96788 5 8 113 161 1.53355 172 177 255 0 0 
202 219 255 141 -1.52827 49 72 158 37 1.27425 62 96 226 11 2.35619 54 99 250 7 0.694738 54 105 255 31 -3.07717 50 106 247 5 0.380506 57 112 241 22 -2.23184 37 94 223 9 -0.418224 25 87 227 12 2.24554 31 94 244 14 -2.0032 18 79 237 9 -1.98902 16 65 233 2 -2.67795 31 58 238 23 -1.7005 22 31 219 5 -2.2143 32 22 218 15 -1.63736 21 7 202 6 1.40565 27 17 201 18 -2.08319 14 11 164 14 -0.982794 13 16 114 195 1.41659 211 218 255 0 0 
210 229 255 136 -1.6002 63 86 162 67 0.255809 61 88 216 25 1.07145 67 104 255 32 -1.60204 26 73 224 44 0.881872 55 111 254 33 -2.61138 38 96 231 14 2.79857 41 101 237 27 -2.27942 17 77 225 12 1.73594 29 86 242 13 -2.19959 19 74 233 8 -2.08994 19 64 229 6 -2.81984 30 57 231 24 -1.94378 19 29 213 4 -2.67795 28 22 217 13 -1.72345 20 8 204 4 -1.10715 16 6 196 1 0.785398 22 19 172 10 1.5708 45 49 138 193 1.04459 217 225 255 0 0 
210 229 255 67 -1.48148 134 155 216 77 -0.480887 80 104 216 18 2.6292 73 106 246 5 -0.54042 58 102 249 23 -1.65753 28 80 227 13 -0.152649 24 79 224 1 0.785398 25 78 228 7 -0.785398 20 69 231 6 1.73594 28 73 240 12 -2.53087 24 65 234 9 -1.89255 20 54 228 7 -2.44685 24 45 227 20 -2.07789 13 23 214 4 3.14159 22 19 218 10 -2.07789 19 10 207 5 -2.11122 15 9 194 10 0 22 22 166 107 1.58949 144 150 225 97 0.756421 218 228 255 0 0 
219 241 255 11 -0.348771 208 230 255 121 -1.55427 71 96 182 75 0.410127 85 117 236 15 -0.694738 61 103 240 8 -1.81578 44 91 243 26 -2.57486 28 74 235 5 2.11122 35 76 245 18 -2.50884 29 61 240 4 -2.35619 30 56 240 7 3.14159 34 54 243 12 -1.73594 23 39 235 9 -1.89255 16 27 231 13 -1.96559 8 14 221 3 -2.81984 12 13 217 8 -2.19105 10 9 203 10 2.2143 24 23 197 18 -2.43297 20 26 153 228 0.909753 216 228 255 10 1.0637 233 249 255 0 0 
234 255 255 13 -1.7976 215 237 255 55 -1.33455 149 173 233 63 -0.435683 110 136 230 29 -0.954499 71 103 228 28 -1.46406 35 68 218 5 1.03038 36 68 235 13 -2.57486 29 56 236 3 2.81984 34 55 240 9 -2.35619 28 46 237 5 2.11122 37 48 246 22 -2.51611 26 33 237 14 -2.30861 15 20 229 12 -2.24554 8 10 218 5 -2.60117 9 11 206 8 -1.81578 8 9 183 1 0 18 19 159 172 0.966718 171 176 255 60 0.844154 229 239 255 6 0.463648 237 251 255 0 0 
234 254 255 3 1.89255 234 254 255 9 -1.98902 218 239 255 68 -1.43921 141 161 226 71 -0.557124 94 110 217 49 -0.599175 57 72 212 9 -1.5708 39 57 218 18 3.08609 35 54 229 26 -3.02672 28 50 229 22 -3.00606 25 44 231 15 -2.44685 17 30 230 10 -2.63449 16 23 226 12 -2.29744 12 15 214 9 -2.27942 10 10 200 11 3.14159 17 15 189 18 -2.87065 23 21 157 132 0.822814 136 136 214 118 0.791386 231 232 255 16 0.741947 245 249 255 8 -2.08994 240 245 254 0 0 
242 252 252 4 0 240 251 255 5 0.785398 239 254 255 17 -1.98321 218 230 255 59 -1.3503 151 160 234 100 -0.757237 73 80 189 133 -0.203261 35 47 179 95 -0.0735513 20 34 186 1 2.35619 15 31 197 19 2.7707 19 34 214 18 -2.75099 13 22 216 12 -2.81984 15 17 211 25 -2.86858 15 15 193 19 -2.46685 10 9 167 7 -1.5708 12 9 142 197 0.549993 125 124 216 126 0.790985 231 230 255 18 0.785398 251 252 255 6 -2.24554 246 247 255 5 2.11122 251 252 255 0 0 
255 252 255 2 3.14159 255 254 255 8 -2.08994 246 250 245 7 0.588003 245 252 255 3 0.588003 238 246 255 11 -1.91957 218 228 255 63 -1.58667 146 157 239 121 -1.00785 34 45 157 156 -0.102207 11 19 162 116 0.0688565 16 19 187 28 -0.0713075 16 11 197 19 -1.0839 2 0 175 69 0.0434509 14 8 155 136 0.0220552 24 23 133 243 0.721532 192 196 255 34 0.764993 225 229 255 19 0.785398 248 249 255 9 -2.72337 247 248 255 4 -1.81578 243 244 254 10 0.643501 249 251 255 0 0 
255 248 255 0 0 255 249 251 0 0 255 255 246 0 0 255 255 247 0 0 241 250 254 0 0 224 235 255 0 0 218 229 255 0 0 198 206 255 0 0 134 138 255 0 0 51 48 211 0 0 32 20 202 0 0 78 66 238 0 0 157 149 255 0 0 214 213 255 0 0 224 231 255 0 0 243 252 255 0 0 241 243 254 0 0 246 247 255 0 0 251 253 255 0 0 250 252 255 0 0 
