239 255 246 2 -0.785398 240 255 247 4 1.32582 253 253 255 0 0 255 252 255 5 -1.5708 250 247 255 2 1.10715 250 252 252 3 1.24905 253 255 247 5 -1.5708 248 254 243 3 0 254 246 255 7 0.785398 255 251 255 7 -2.55359 249 253 248 4 -2.35619 243 253 240 9 0.785398 244 255 242 38 -3.03672 242 255 240 43 -3.11834 248 253 244 13 2.77442 255 255 252 8 3.14159 255 255 255 0 0 255 255 255 0 0 255 255 255 0 0 255 255 255 0 0 
248 255 248 3 -1.5708 247 255 248 3 1.24905 253 255 255 2 3.14159 255 253 255 4 -1.81578 251 249 255 3 0.588003 253 252 254 2 1.10715 253 255 248 2 -2.03444 251 255 247 2 1.5708 253 254 255 6 -1.5708 245 248 253 1 -1.5708 237 252 244 25 2.86858 241 255 247 49 -2.27069 203 225 207 26 -2.79604 197 214 200 34 2.12629 237 238 234 21 2.65711 251 247 246 8 1.69515 255 255 255 0 0 255 255 255 0 0 255 255 255 0 0 255 255 255 0 0 
255 255 247 3 -2.55359 255 255 246 1 0 253 255 249 1 1.5708 252 254 254 0 0 252 252 255 1 0 254 253 255 0 0 255 255 251 3 -2.81984 251 255 249 2 1.5708 246 255 255 10 -2.55359 231 253 248 31 -2.17634 195 233 215 28 3.14159 191 234 213 38 -2.18799 167 200 186 26 -0.0767719 176 193 189 35 0.927295 220 217 219 28 1.78189 253 244 247 12 0.785398 255 255 255 0 0 255 255 255 0 0 255 255 255 0 0 255 255 255 0 0 
255 252 249 2 1.5708 255 254 251 1 -1.5708 255 254 250 1 0.785398 255 254 254 1 2.35619 255 251 255 1 -2.35619 255 250 255 3 -1.5708 251 251 251 2 0.785398 244 255 252 7 -1.2925 221 250 247 15 -1.89255 196 238 231 61 -2.51757 154 205 191 24 2.89661 164 210 197 19 2.0577 193 221 221 13 -2.57486 200 209 218 22 3.09617 217 207 220 45 1.88555 255 250 255 12 3.14159 255 253 255 0 0 255 255 255 0 0 255 255 255 0 0 255 255 255 0 0 
247 249 255 2 0.785398 252 251 255 1 0 255 251 255 1 -1.5708 255 248 255 2 2.67795 255 247 255 3 3.14159 255 248 255 1 -0.785398 248 253 255 2 0.785398 230 255 255 14 -1.8491 195 246 248 78 -2.26553 126 187 189 37 -2.87065 123 177 177 21 1.80454 157 195 199 16 1.9513 195 202 221 25 -2.35619 191 179 207 13 2.40878 209 186 218 47 1.22918 254 233 255 16 0.785398 255 251 255 0 0 255 255 255 0 0 255 255 255 0 0 255 255 255 0 0 
240 253 255 1 1.5708 246 253 255 1 -2.35619 255 250 255 3 -1.24905 255 246 255 2 0 255 244 255 4 1.81578 255 250 255 0 0 241 255 255 5 -2.35619 216 255 255 62 -1.86225 134 193 208 46 -1.63592 85 147 165 46 0.463648 122 166 183 39 0.531724 163 183 201 19 0.156602 189 180 206 14 -0.737815 191 167 197 38 1.1659 228 203 231 44 1.19873 255 247 255 8 3.14159 255 252 255 0 0 255 255 255 0 0 255 255 255 0 0 255 255 255 0 0 
235 255 250 1 3.14159 242 255 251 1 2.35619 255 255 254 2 -1.5708 255 252 253 3 -0.982794 255 249 250 5 1.3734 251 255 255 4 -1.5708 224 255 252 19 -1.98902 189 237 243 48 -1.97031 133 184 217 16 -0.0624188 137 179 222 18 0.785398 173 191 228 16 2.83871 201 195 226 13 -2.77442 216 191 211 16 -2.76109 217 187 198 36 1.5153 248 227 230 26 0.704494 255 245 246 11 0.785398 255 254 255 0 0 255 255 255 0 0 255 255 255 0 0 255 255 255 0 0 
235 255 247 0 0 241 255 247 2 1.5708 255 255 252 4 3.14159 255 255 252 4 -1.5708 247 254 247 5 0.785398 239 255 251 13 -1.96559 206 252 240 36 -2.21979 166 219 222 44 -2.9131 156 198 235 8 -2.62245 166 187 238 31 -2.60664 179 169 216 12 2.41495 208 178 213 10 -2.42276 213 176 192 13 2.19959 224 192 193 54 1.55228 255 251 242 7 0.785398 255 255 247 1 3.14159 255 255 252 0 0 255 255 255 0 0 255 255 255 0 0 255 255 255 0 0 
244 254 254 2 0 248 254 253 2 -2.35619 253 251 251 5 0.785398 253 255 254 2 3.14159 239 255 248 5 -1.76819 220 255 240 34 -2.1508 173 236 210 61 -2.18152 123 180 171 31 0.991722 163 192 219 28 -2.1294 162 159 204 2 1.5708 194 158 200 9 1.46014 219 169 201 7 -1.2925 214 168 181 20 1.62075 225 194 193 59 1.3503 255 255 247 2 -2.67795 252 255 246 1 2.35619 255 255 252 0 0 255 255 255 0 0 255 255 255 0 0 255 255 255 0 0 
251 254 255 4 -1.81578 249 250 254 5 0.785398 255 253 255 2 -1.5708 253 254 252 4 2.89661 236 255 250 23 -1.52735 199 241 223 45 -1.41648 140 200 176 10 0.197396 144 197 187 14 -0.432408 161 178 199 25 -0.358771 175 161 197 23 0.129703 204 160 196 14 0.785398 225 172 199 10 -1.47113 210 167 180 34 1.42478 231 207 207 48 1.09789 255 255 245 1 3.14159 248 255 246 3 2.55359 253 255 252 0 0 255 255 255 0 0 255 255 255 0 0 255 255 255 0 0 
252 253 255 1 2.35619 255 253 255 0 0 255 253 255 7 -2.1588 254 248 249 7 0.982794 246 255 255 17 -1.62955 217 241 239 42 -1.5708 161 203 196 21 0.233743 167 205 205 5 2.11122 192 201 221 10 -1.27934 198 186 214 10 -1.19029 207 175 199 6 0.165149 214 178 195 6 -1.40565 200 174 187 52 1.32121 243 230 232 25 0.896055 250 255 246 3 -0.588003 243 254 244 7 0.785398 253 255 254 0 0 255 255 255 0 0 255 255 255 0 0 255 255 255 0 0 
253 252 255 2 0.785398 255 254 255 5 -2.2143 255 250 250 2 2.03444 255 253 252 2 0.463648 250 253 255 17 -1.92957 226 239 241 33 -2.46218 196 221 217 29 -2.45115 177 201 201 11 1.83705 198 206 219 9 -1.24905 198 195 210 15 -0.551655 196 188 198 34 -0.117109 193 185 192 29 0.204018 196 192 198 61 1.07796 246 247 251 7 1.4289 253 255 252 6 3.14159 253 255 251 2 3.14159 255 255 254 0 0 255 255 255 0 0 255 255 255 0 0 255 255 255 0 0 
255 254 255 3 -1.5708 254 252 251 2 -1.5708 252 252 246 7 0.785398 255 255 251 7 -1.8491 246 250 245 36 -1.46014 208 215 208 19 -1.15257 190 198 187 15 3.07502 188 200 188 17 1.39612 203 214 212 26 3.10315 199 216 213 23 2.56522 205 232 223 9 -1.68145 194 223 214 9 0.708626 202 226 224 32 0.939717 237 250 252 3 0 251 249 249 5 0.927295 255 252 253 2 0.785398 255 255 255 0 0 255 255 255 0 0 255 255 255 0 0 255 255 255 0 0 
255 255 254 3 -2.1588 252 253 249 4 0.785398 251 255 251 2 -1.5708 249 255 249 5 -2.9442 250 254 248 32 -1.47732 220 223 214 50 -0.939106 181 184 169 33 0.613207 194 202 191 12 -1.73594 172 188 187 7 1.1659 168 196 197 32 1.4158 190 232 225 5 -0.197396 189 232 223 21 0.982794 214 247 243 14 0.737815 236 254 255 3 0 252 251 253 3 0.982794 255 253 255 4 3.14159 255 255 255 0 0 255 255 255 0 0 255 255 255 0 0 255 255 255 0 0 
253 255 247 2 1.5708 253 255 251 2 3.14159 250 255 254 7 -1.97569 243 250 247 9 0.785398 251 255 254 5 -1.76819 246 253 246 44 -1.52537 201 210 200 26 -0.380506 184 198 196 11 -2.48055 162 186 204 18 2.6292 164 195 218 32 1.66427 193 230 244 7 0.982794 204 238 244 19 1.03907 232 255 255 2 1.10715 243 255 255 3 -2.81984 249 254 255 3 -1.5708 249 251 252 4 1.10715 255 255 255 0 0 255 255 255 0 0 255 255 255 0 0 255 255 255 0 0 
251 255 247 0 0 249 255 249 1 -1.5708 247 254 251 3 0.982794 250 255 255 1 -2.35619 252 254 254 2 -1.10715 248 253 251 21 -1.4289 224 234 228 45 -1.34732 171 188 191 34 -0.41241 146 169 191 23 1.18248 163 189 219 40 1.29589 202 231 252 15 0.876058 219 245 255 8 1.5708 238 254 255 2 -1.10715 241 253 253 2 1.10715 247 255 255 3 -2.81984 249 254 253 2 0.785398 253 255 255 0 0 255 255 255 0 0 255 255 255 0 0 255 255 255 0 0 
249 254 252 0 0 249 254 252 1 0.785398 252 255 253 1 0 252 254 254 3 2.81984 255 255 255 6 3.14159 253 255 255 14 -1.6421 236 241 242 26 -1.00407 208 218 225 47 -0.906022 164 179 195 47 0.52959 185 202 221 39 1.80335 223 241 255 18 3.03094 228 244 255 11 0.909753 243 254 255 4 -2.67795 244 253 255 3 -2.55359 246 252 251 5 0.785398 253 255 255 3 3.14159 255 255 255 0 0 255 255 255 0 0 255 255 255 0 0 255 255 255 0 0 
249 254 253 1 1.5708 252 254 254 1 2.35619 255 255 254 4 -1.5708 251 252 250 4 -0.463648 249 249 249 5 1.3734 252 254 255 2 2.67795 250 254 255 7 -1.5708 239 246 255 25 -1.29779 211 220 233 41 -0.682317 183 194 208 30 1.30163 210 223 237 29 1.95767 239 251 255 2 -0.785398 240 249 255 2 -2.67795 243 249 254 5 1.19029 251 255 255 3 -1.5708 250 253 251 3 1.5708 255 255 255 0 0 255 255 255 0 0 255 255 255 0 0 255 255 255 0 0 
251 253 253 2 0 251 253 253 2 2.03444 255 255 254 1 3.14159 255 255 254 5 -1.5708 250 250 250 5 0.380506 250 252 253 3 0.982794 251 254 255 3 3.14159 248 253 255 8 3.14159 243 252 255 50 -1.59079 191 202 216 26 0.380506 199 212 226 40 1.42191 241 253 255 9 -2.43297 238 247 255 4 0.785398 245 251 255 4 0.785398 253 255 255 5 -2.60117 252 253 251 4 0.785398 255 255 255 0 0 255 255 255 0 0 255 255 255 0 0 255 255 255 0 0 
253 255 255 0 0 250 252 252 0 0 254 255 253 0 0 255 255 254 0 0 255 255 255 0 0 252 254 255 0 0 248 251 255 0 0 240 245 254 0 0 242 251 255 0 0 216 227 241 0 0 205 218 232 0 0 234 246 255 0 0 241 250 255 0 0 248 254 255 0 0 248 250 250 0 0 255 255 254 0 0 255 255 255 0 0 255 255 255 0 0 255 255 255 0 0 255 255 255 0 0 
