255 255 246 4 2.67795 255 255 252 7 -1.71269 252 244 254 9 0.785398 255 251 255 5 3.14159 246 255 255 6 3.14159 241 255 255 7 -1.5708 234 252 245 8 1.05165 244 255 254 1 3.14159 255 254 255 5 -2.60117 255 249 255 2 0.463648 255 252 253 2 0.785398 255 255 252 9 -2.58299 250 254 243 5 0.54042 249 255 249 2 0.785398 255 253 255 10 -2.9442 253 249 255 2 0.785398 255 254 255 0 0 255 254 255 0 0 255 254 255 0 0 255 254 255 0 0 
253 251 243 7 0.694738 255 255 251 2 2.67795 255 253 255 5 -2.11122 248 247 255 5 -0.197396 238 250 250 8 0.785398 239 255 254 7 -2.7367 234 255 248 3 0.588003 242 255 251 4 -1.32582 248 250 251 5 0.927295 255 252 255 1 0.785398 255 254 255 12 -2.41495 251 248 244 11 0.785398 253 255 249 8 3.14159 251 255 251 10 -1.5708 245 244 248 14 0.785398 255 252 255 5 3.14159 255 254 255 0 0 255 254 255 0 0 255 254 255 0 0 255 254 255 0 0 
255 255 252 4 -2.35619 252 253 251 2 0 250 252 253 4 0.785398 250 255 255 5 3.14159 241 255 251 9 -2.27942 229 255 241 7 1.71269 234 255 248 5 3.14159 237 255 249 4 -2.67795 246 255 252 2 1.5708 255 254 255 9 -1.78947 248 245 247 12 0.785398 255 255 254 8 -1.5708 243 250 243 9 1.0122 251 255 252 0 0 255 255 255 5 -1.5708 252 249 251 6 0.896055 255 254 255 0 0 255 254 255 0 0 255 254 255 0 0 255 254 255 0 0 
248 253 252 2 1.10715 250 255 254 1 2.35619 250 255 254 7 -2.35619 239 254 246 79 -3.12894 230 255 242 154 -3.12861 222 255 239 153 3.12199 223 255 243 148 3.13484 228 255 245 35 3.08451 241 255 252 4 3.14159 248 253 255 2 0.785398 251 254 255 10 3.14159 251 254 255 3 -1.5708 247 252 253 4 0.785398 250 255 255 6 3.14159 253 255 255 1 -1.5708 254 254 254 1 0.785398 255 254 255 0 0 255 254 255 0 0 255 254 255 0 0 255 254 255 0 0 
246 252 255 2 0 246 254 254 5 -2.49809 241 254 246 82 -1.8424 157 177 164 76 -1.71453 72 104 87 6 -0.165149 66 104 86 12 0.674741 70 110 98 114 1.43997 188 222 215 133 2.89115 230 251 252 78 3.06482 243 255 255 96 -3.0378 236 242 255 75 3.00904 246 251 255 85 3.14159 244 251 255 39 -2.98894 240 246 255 6 1.24905 251 254 255 1 3.14159 255 254 255 9 3.14159 255 254 255 0 0 255 254 255 0 0 255 254 255 0 0 255 254 255 0 0 
246 254 255 8 -2.35619 240 249 252 21 -1.2925 217 232 224 70 -1.28474 144 167 153 111 -0.555756 74 108 97 154 0.0194781 72 110 104 111 0.116586 82 121 123 58 -2.60117 53 89 97 84 1.68929 146 170 182 77 -2.98699 140 155 174 129 3.05653 154 163 190 21 0 156 161 192 47 1.78486 200 207 240 71 2.62767 239 243 255 70 3.09876 247 250 255 29 -2.86329 242 244 252 12 0.785398 253 254 255 0 0 255 254 255 0 0 255 254 255 0 0 255 254 255 0 0 
242 247 255 7 0.876058 246 255 255 7 -1.8491 237 252 244 9 0.785398 239 255 251 9 3.14159 228 255 255 40 -1.67046 180 215 228 207 -2.34596 28 63 89 14 2.40378 38 71 104 80 0.211958 64 86 121 69 -1.15839 5 20 59 182 1.08504 168 178 226 41 -2.28734 139 145 198 37 -0.160763 133 138 193 45 0.630401 163 167 215 75 2.49809 214 216 250 141 2.93446 248 249 255 69 3.14159 253 252 255 0 0 255 254 255 0 0 255 254 255 0 0 255 254 255 0 0 
249 252 255 3 -2.81984 246 253 255 2 0.785398 246 255 254 9 -1.68145 232 247 249 6 0.896055 224 248 255 198 -1.99158 35 63 98 36 -2.75099 15 43 97 100 1.59079 115 140 202 34 -1.48279 87 107 165 65 -0.107279 85 98 160 101 0.503274 136 144 214 39 1.00407 169 175 250 48 -3.01724 164 168 246 103 -2.39727 96 101 170 65 -2.60909 72 73 124 103 1.90474 175 176 210 158 2.69203 251 251 255 7 3.14159 255 254 255 0 0 255 254 255 2 3.14159 255 254 255 0 0 
247 250 255 5 0.927295 251 254 255 5 -2.9442 249 254 255 10 -2.76109 239 247 255 80 -1.5458 147 159 199 160 -2.15188 2 19 82 18 1.35213 13 30 116 105 1.56127 116 133 226 119 2.90474 150 162 250 133 3.01351 169 179 255 153 -3.01724 151 158 251 151 -2.90142 115 121 218 116 -2.84436 83 85 185 86 -2.52804 35 38 129 28 -2.74135 33 32 106 27 -2.72709 29 29 77 205 1.60493 243 243 255 53 3.01028 255 254 255 8 -2.89661 253 252 254 2 2.35619 255 254 255 0 0 
254 253 255 4 -1.81578 248 249 253 6 -1.40565 242 242 248 13 0.628796 243 246 255 170 -1.56491 63 66 121 60 -2.37945 10 16 99 16 1.13417 16 24 131 24 -2.62245 2 9 124 12 1.24905 18 23 132 26 -3.02672 17 20 128 16 -2.14213 3 6 115 2 0 3 5 117 6 1.73594 9 9 125 5 -1.19029 7 7 115 11 -2.03444 4 2 91 13 0.528074 20 18 77 159 1.50799 190 188 210 56 1.98723 247 246 248 8 0.463648 251 250 252 5 0.785398 255 254 255 0 0 
255 253 253 2 -1.5708 251 250 252 5 0.785398 255 252 255 3 -2.55359 248 244 255 215 -1.60334 22 18 83 9 1.89255 20 18 114 17 -2.27305 0 0 118 23 0.60005 10 9 137 20 -2.03444 0 0 115 22 0.688924 8 8 126 6 -2.67795 5 4 124 3 -1.89255 0 1 121 10 1.0637 9 10 132 24 -2.62245 0 0 114 7 1.1659 14 12 108 7 0.785398 28 27 91 140 1.11352 167 164 189 84 1.35724 255 254 255 0 0 255 254 255 3 3.14159 255 254 255 0 0 
255 253 252 2 1.10715 255 255 255 6 -2.67795 254 249 255 6 -1.10715 242 237 255 211 -1.53763 23 15 80 60 0.0166651 13 7 102 17 1.5708 21 17 136 21 -2.35619 3 0 128 11 2.35619 14 8 133 15 -2.53605 3 1 121 2 1.5708 5 3 123 5 2.49809 7 6 126 17 -1.62955 0 0 109 25 0.499347 5 3 116 9 1.46014 21 17 112 62 1.73071 92 88 153 82 1.69215 185 183 205 74 1.05331 255 254 255 3 -1.5708 252 251 253 2 2.67795 253 252 254 0 0 
254 255 251 7 -2.35619 251 249 249 8 0.785398 255 253 255 2 -1.5708 251 245 255 158 -1.59611 84 78 133 145 -0.417526 17 11 93 13 2.98894 10 6 112 8 -1.81578 0 0 111 10 0.291457 5 0 113 7 0.588003 7 2 117 5 -2.76109 5 0 115 7 0.982794 9 6 121 7 0.982794 15 14 124 14 -2.45586 10 8 108 3 -2.55359 17 11 93 62 1.42664 86 80 137 137 1.2214 223 221 241 38 0.803578 255 254 255 5 -1.5708 250 249 251 6 0.674741 254 253 255 0 0 
247 251 246 8 0.785398 255 255 254 1 3.14159 255 253 255 10 -2.49809 247 243 255 21 -1.2925 219 214 255 205 -1.50747 5 2 71 121 0.107027 11 9 99 4 1.10715 12 9 112 12 -3.05845 14 7 112 7 -1.8491 7 0 105 11 0.661043 12 6 113 6 2.03444 17 13 118 10 -2.07789 8 6 106 1 -2.35619 10 8 97 15 0.694738 29 23 94 101 1.72945 136 130 177 149 0.818561 250 249 255 3 2.81984 255 254 255 3 3.14159 255 254 255 2 3.14159 255 254 255 0 0 
251 255 254 1 -1.5708 252 255 253 9 -2.35619 247 247 247 11 0.785398 253 252 255 14 -1.8491 232 232 255 98 -1.42746 130 129 179 152 -0.766882 17 16 88 41 -0.244979 3 3 87 17 0.54042 16 9 100 5 2.35619 20 12 107 8 -2.52134 13 6 103 6 0.674741 17 11 106 5 -2.11122 10 9 95 12 1.73594 26 25 99 27 -2.43297 17 11 68 247 1.07467 240 236 255 4 1.5708 249 246 255 2 2.67795 252 251 253 3 0.321751 253 252 254 2 1.10715 255 254 255 0 0 
251 255 254 8 -1.5708 243 248 246 9 1.0122 255 255 254 4 -1.81578 249 249 255 5 0.785398 250 250 255 9 -3.03094 243 245 255 176 -1.56511 64 63 113 152 -0.23222 27 25 85 25 -2.73147 17 13 79 21 3.09401 20 12 83 16 2.70497 25 18 93 9 -2.72337 21 14 87 20 -2.9442 15 14 78 17 -2.72918 12 9 64 122 1.39895 138 134 175 133 0.843534 243 238 255 2 1.5708 247 246 255 6 1.40565 255 254 255 1 -1.5708 254 253 255 3 3.14159 254 253 255 0 0 
253 255 254 3 -2.1588 250 253 251 2 1.10715 254 254 254 1 2.35619 255 254 255 9 -1.5708 244 243 252 10 0.982794 251 251 255 31 -1.96314 221 218 243 206 -1.52229 15 10 41 140 -0.0570808 7 1 36 91 0.0767719 14 6 46 76 0.171628 27 19 59 28 -0.558599 12 4 44 68 0 12 6 41 92 0.328553 42 37 68 229 0.964702 232 229 251 13 2.13753 245 242 255 5 2.60117 250 248 254 5 1.3734 255 255 255 5 -2.2143 251 251 251 5 0.785398 255 255 255 0 0 
253 254 252 2 3.14159 253 254 252 2 0 253 254 252 2 0.785398 255 255 255 4 -2.35619 252 251 253 9 -1.24905 243 242 246 9 -0.785398 236 232 243 76 -1.41419 160 156 168 107 -0.559586 103 97 114 144 -0.0624188 94 88 107 160 -0.238936 56 49 70 187 0.155491 85 78 99 155 0.129147 105 99 118 162 0.466402 178 173 188 85 0.636508 229 225 237 15 1.01914 242 239 248 9 1.46014 251 250 252 18 3.08609 252 252 252 24 3.01724 255 255 255 0 0 255 255 255 0 0 
251 252 248 5 0.927295 255 255 252 2 3.14159 255 255 252 3 -1.89255 252 253 251 3 0.982794 255 255 255 6 -2.24554 250 249 251 5 -0.380506 248 245 254 5 0.643501 251 247 255 5 -0.785398 247 242 255 8 0.358771 250 244 255 9 -1.89255 241 235 254 27 -3.06765 239 233 250 19 2.53931 250 245 255 27 -3.03094 247 243 255 41 -2.89661 237 233 244 24 2.89661 243 241 247 38 -2.87763 233 232 234 23 -2.92753 228 228 228 36 2.31775 255 255 255 2 3.14159 255 255 255 0 0 
254 255 251 0 0 253 254 250 0 0 254 255 251 0 0 254 255 251 0 0 251 251 251 0 0 255 254 255 0 0 252 250 255 0 0 255 251 255 0 0 255 251 255 0 0 247 242 255 0 0 214 208 225 0 0 223 218 233 0 0 223 218 233 0 0 207 203 214 0 0 213 210 219 0 0 206 205 209 0 0 210 209 211 0 0 203 203 203 0 0 253 253 253 0 0 254 254 254 0 0 
