121 67 36 12 -1.48766 109 55 24 15 0.694738 119 66 33 23 0.0434509 118 67 34 6 -0.463648 111 64 32 21 0.785398 119 80 48 17 -0.62025 102 68 44 42 0.851966 124 100 80 72 1.59857 185 172 158 39 -0.232557 167 162 153 19 0.785398 174 176 170 28 1.97104 196 202 197 5 2.60117 199 205 200 3 -0.321751 198 205 198 3 0.588003 204 207 198 13 0.463648 212 213 204 7 0.982794 220 217 213 13 -1.72345 207 203 202 15 -1.10715 193 189 188 28 1.46406 219 217 216 0 0 
116 69 38 21 -0.0475831 114 68 37 35 0.626743 135 90 57 17 -1.21203 115 74 41 38 0.156602 119 81 47 32 0.44976 126 95 64 17 0.231091 123 99 71 33 0.060532 118 99 78 113 1.39409 221 211 194 100 -2.80726 181 177 166 64 -2.97138 165 166 157 58 2.56307 193 197 191 44 2.89115 204 208 202 40 -3.1166 203 208 199 11 1.30454 216 220 209 5 -2.76109 214 218 207 10 3.14159 218 215 211 12 -0.321751 214 210 209 21 -2.11935 194 192 191 30 1.26988 221 222 220 0 0 
125 91 62 13 0.566729 130 98 69 12 -0.165149 125 97 66 20 0.927295 137 115 80 5 -2.49809 132 112 77 32 0.0624188 129 114 81 30 0.715744 145 134 104 21 -2.59304 131 121 97 4 -2.35619 123 117 98 16 -3.01724 119 113 100 19 2.9341 119 117 106 47 2.22267 156 155 145 99 3.00111 168 169 159 92 2.66824 208 212 200 116 3.11574 211 216 201 68 -3.03901 204 208 196 43 0.536435 226 227 223 27 -1.82447 199 199 199 21 0.0949517 199 202 200 32 0.340979 210 213 211 0 0 
127 101 77 8 1.44644 133 110 84 10 -2.9442 128 110 81 5 3.14159 122 111 79 42 0.90349 152 145 112 10 -2.42276 143 138 105 38 -2.56084 120 117 86 66 3.08106 124 120 92 61 -2.87678 108 101 81 5 -1.3734 103 95 78 21 -0.2783 97 88 74 43 -0.817645 64 56 43 61 0.529247 91 88 74 34 2.9105 97 97 81 81 2.46876 145 149 130 151 2.44011 241 246 231 176 -3.01653 219 221 215 23 3.09814 220 221 219 27 0.44752 230 233 231 17 -1.85685 211 216 214 0 0 
126 100 83 39 -0.0767719 120 99 78 3 1.5708 117 104 78 48 0.697391 143 137 108 18 -3.08609 139 137 107 80 -2.74488 106 107 75 85 -2.43934 51 51 21 33 2.8105 65 61 33 51 2.12118 113 103 79 58 0.257324 131 116 97 19 0.156602 136 118 101 10 -0.982794 125 109 92 60 -1.1659 66 54 36 40 -0.574305 40 33 14 43 -0.0232516 34 33 12 89 0.448723 70 72 53 132 1.3734 198 199 190 160 2.83165 245 246 242 43 -2.71874 225 229 224 27 -0.183111 218 224 219 0 0 
158 139 126 42 -1.6421 113 98 82 40 1.64566 147 140 120 115 -0.20928 118 118 94 58 -1.38016 58 63 36 30 -2.33294 34 42 12 22 -1.39094 14 20 0 74 0.215766 33 35 5 135 1.2467 168 161 134 82 -2.85828 149 137 113 31 -2.81984 142 126 103 45 2.9442 149 135 113 84 -2.5667 102 89 67 25 -2.60788 83 77 54 40 1.16265 115 116 90 19 -2.17308 96 99 77 49 -1.71269 47 47 35 167 1.32291 209 206 201 150 2.80932 254 255 250 51 -2.00859 205 209 203 0 0 
145 136 127 44 -1.89255 101 95 84 163 1.2723 252 253 237 189 -2.41583 120 129 109 119 -2.29674 28 42 18 87 0.0344691 29 47 18 91 0.542303 79 94 63 27 -0.528074 69 80 48 44 0.135528 80 85 54 34 0.846546 110 110 80 40 -2.47839 88 84 55 22 -0.881872 70 68 38 5 0.54042 71 71 41 48 0.547562 91 97 66 19 0.531724 95 108 76 13 -2.09887 85 94 67 25 -3.10161 91 89 71 25 -2.19105 72 66 55 169 1.51759 237 235 224 134 -2.96174 212 212 200 0 0 
120 122 116 21 1.90747 138 143 134 62 -0.579074 101 111 99 83 -0.853091 34 50 33 116 0.71883 108 129 107 63 -0.0949517 102 124 99 22 -0.321751 98 118 89 6 1.24905 108 125 92 25 -2.49809 96 110 76 29 -1.33395 71 80 47 43 0.504861 95 101 66 32 -0.915101 69 75 40 53 0.811708 107 114 79 16 3.07917 106 116 80 36 -2.75099 88 102 66 58 -2.60117 62 70 39 26 2.79604 80 75 54 27 0.110657 86 76 59 28 1.4289 112 104 87 149 1.92014 251 244 227 0 0 
104 116 110 84 1.21898 181 195 189 69 -0.463648 149 166 157 44 -0.737815 117 137 124 52 1.38081 169 191 173 70 -2.38649 121 144 122 28 -1.17056 97 120 92 17 -2.03444 84 105 73 12 1.65394 100 117 84 29 3.07274 105 119 83 41 3.06855 112 123 85 47 -2.95239 105 113 76 58 -2.90075 91 99 62 49 -2.7876 74 82 45 50 -2.5099 44 52 15 22 -2.91812 44 45 13 84 0.810603 115 102 76 25 -2.24554 99 80 59 27 -1.60782 70 53 32 169 1.52349 237 223 201 0 0 
128 145 141 112 1.52618 238 255 251 60 -1.55413 178 199 191 78 -0.740384 125 147 135 31 -0.291457 116 139 125 14 1.3597 132 154 136 46 -1.78947 89 111 87 29 -0.310998 83 102 75 16 -1.63322 71 87 56 20 -2.63449 64 78 44 20 -2.9927 65 76 38 36 -2.59174 51 56 17 5 -2.60117 52 53 14 17 -0.74542 41 40 2 56 -0.197396 32 28 0 111 0.740842 112 101 69 25 -2.60788 107 86 58 27 -2.95848 103 80 54 26 -2.38321 84 63 36 90 1.60412 172 153 126 0 0 
131 152 144 109 1.75391 237 255 252 5 -2.60117 234 255 249 81 -1.58314 153 177 167 90 -0.409246 119 141 129 22 0.0454233 122 142 129 36 -2.94954 118 137 118 38 -1.75296 84 100 77 33 -1.69142 56 68 40 54 -0.222661 50 56 25 44 -0.321751 43 42 8 64 0.108942 55 49 14 44 0.343024 77 63 27 31 1.27934 111 92 57 54 2.84309 130 107 75 38 -2.3017 105 77 46 30 -2.49809 87 59 29 5 2.60117 90 61 34 10 -2.9442 84 60 32 99 1.49016 181 159 131 0 0 
111 132 124 137 2.03119 234 255 247 4 2.89661 233 255 248 3 0.982794 236 255 251 97 -1.56049 138 162 154 89 -0.690446 82 106 96 57 0.393451 108 129 114 43 -2.19105 78 94 76 29 2.18709 109 119 96 66 -2.78636 93 97 68 14 0.588003 110 105 74 69 -2.92448 102 90 56 45 -2.7367 91 70 38 46 -2.40232 66 38 7 42 1.54699 111 80 49 38 -2.37437 86 52 23 8 3.01724 85 53 24 10 -2.9442 80 51 24 16 1.69515 92 68 40 87 1.87097 174 151 125 0 0 
55 70 62 181 1.44371 234 251 242 186 3.10398 235 255 250 3 2.55359 234 255 252 29 -1.74153 203 231 225 73 -1.61187 130 159 150 62 -1.12154 78 103 93 31 -1.00887 56 77 62 22 -1.1659 45 56 36 51 1.60999 105 108 83 91 -2.23184 44 36 7 11 1.22203 62 46 17 16 -2.4859 59 35 5 15 0.260602 67 39 9 16 0.915101 81 51 22 21 -2.80492 74 44 17 6 -2.97644 72 43 16 9 2.43297 76 49 23 8 -1.32582 64 40 16 156 1.29162 213 191 166 0 0 
91 92 83 29 -1.36678 58 63 54 192 1.41419 241 254 246 211 3.14159 234 254 249 27 -1.71787 202 227 223 44 -1.32035 157 184 180 68 -1.8511 93 120 111 35 -1.6563 65 85 73 32 -1.72579 45 53 36 4 -0.785398 53 50 29 19 -2.46685 51 37 14 6 -1.10715 54 31 5 26 0.758378 78 49 22 10 -3.04192 78 48 21 23 -2.3259 61 31 4 13 0.566729 67 37 12 2 -2.03444 63 35 11 22 0.722979 74 50 26 36 2.02225 106 83 61 139 0.958894 218 197 176 0 0 
116 94 88 7 -2.35619 106 90 83 51 -1.39612 44 40 35 210 1.38457 241 248 245 240 -3.09163 220 237 234 155 -2.65201 143 164 161 52 -1.86225 95 115 110 37 -1.70512 65 78 70 24 -1.48766 54 54 42 21 -1.38257 45 32 16 31 0.191184 63 38 18 13 0.837981 80 48 25 19 -2.53931 71 37 13 7 -1.5708 64 30 6 10 1.76819 72 41 16 13 -2.77442 64 36 12 16 1.32582 76 52 30 39 -2.66658 55 34 13 141 1.14184 180 163 144 21 0.0949517 180 165 146 0 0 
118 89 80 9 1.24905 122 99 91 21 -1.75902 92 78 72 78 -1.16423 11 7 2 145 0.67367 93 98 96 92 2.58641 139 148 145 141 -2.85554 101 108 103 90 -2.8023 76 78 72 43 -2.6168 65 56 46 24 2.89661 81 62 49 32 -2.62245 74 46 29 22 -2.41861 64 31 12 9 2.58299 69 36 16 13 -2.40878 60 27 7 4 -0.244979 56 27 6 15 0.927295 64 39 19 23 -1.52735 34 16 0 141 0.568359 107 92 76 128 0.785398 196 183 167 3 -1.5708 191 181 164 0 0 
114 95 80 8 2.89661 114 97 84 14 1.2925 125 111 99 15 2.35619 132 122 112 104 -1.77384 27 20 11 111 -0.0719477 17 11 4 68 0.160375 30 23 14 17 1.51204 50 39 31 29 -2.86329 48 31 22 4 2.67795 53 34 21 13 -2.77442 54 28 14 13 -2.67795 49 22 8 8 2.78282 52 26 10 14 2.79857 56 30 16 4 1.32582 58 35 20 70 0.0570808 56 39 26 174 0.576857 144 134 124 78 0.658806 187 183 172 3 3.14159 187 183 172 26 -2.98894 181 179 168 0 0 
103 89 71 16 1.05165 115 103 85 20 -3.09163 114 101 87 2 0.463648 113 102 88 31 1.27934 143 131 121 54 -1.91009 92 80 70 66 -0.999459 38 23 14 112 -0.106736 28 11 2 118 0.135909 45 27 16 80 -0.0872777 40 20 9 88 -0.0454233 38 16 4 92 -0.0217357 36 14 2 106 -0.0282943 33 11 0 138 0.144961 51 32 19 155 0.489578 122 103 95 103 0.88848 197 185 175 24 2.67795 201 195 188 34 -2.62604 179 180 171 33 -2.37747 156 157 148 22 1.61622 178 179 170 0 0 
109 97 79 17 -2.19105 93 83 65 23 1.08828 114 103 89 14 2.55359 120 111 97 7 2.7367 123 113 103 10 2.85014 126 116 106 20 1.52084 146 136 126 18 -2.75099 141 129 119 21 -1.5708 122 108 96 27 0.0370201 125 109 97 30 0 126 109 96 36 0.339293 138 121 108 40 0.767856 166 149 136 21 1.23412 185 169 156 15 3.07502 184 169 160 20 -2.7886 173 163 153 10 2.85014 169 166 158 13 -2.13753 155 156 147 8 0 155 156 147 33 1.33296 188 189 180 0 0 
97 87 69 0 0 104 94 76 0 0 100 91 77 0 0 113 104 90 0 0 112 103 93 0 0 126 117 107 0 0 129 119 109 0 0 139 129 119 0 0 149 135 123 0 0 153 139 127 0 0 160 143 130 0 0 167 150 137 0 0 172 156 143 0 0 168 155 141 0 0 165 150 141 0 0 162 153 143 0 0 162 159 151 0 0 163 164 155 0 0 163 164 155 0 0 178 179 170 0 0 
