105 96 92 7 0.785398 108 101 98 8 -2.62245 99 97 97 2 0 93 96 100 10 1.19029 96 106 113 25 -2.69549 80 96 103 5 0.197396 78 97 105 57 -0.0700606 72 93 101 92 0 70 94 100 103 -0.00970843 69 93 99 116 0.00862048 72 94 99 106 0.037718 76 98 103 84 0.0475831 82 103 105 61 0.016392 83 104 106 19 0 83 103 108 7 2.86329 90 105 108 5 1.19029 109 109 109 17 -2.31622 100 96 95 20 0.643501 110 109 105 10 -2.1588 99 100 96 0 0 
105 102 98 9 -2.27942 96 95 91 11 0.463648 95 100 99 5 0.380506 92 101 104 25 -2.41169 68 84 90 89 0.190831 80 101 109 116 0.47131 129 155 162 39 0.91199 157 186 193 11 1.5708 168 197 204 24 2.62245 180 210 215 43 -2.93527 172 201 206 27 -2.43297 154 183 187 19 -1.51821 137 164 168 45 -1.13684 96 123 127 89 -0.293589 70 97 101 90 0.121619 88 107 110 9 -1.98902 92 97 98 15 1.24905 112 113 111 14 -2.35619 102 103 101 4 2.89661 101 104 102 0 0 
90 97 94 10 2.07789 95 106 103 5 3.14159 90 106 105 30 -2.33294 61 84 86 142 0.68573 144 174 179 33 1.66146 171 207 213 53 -2.61082 141 180 188 16 2.70497 144 188 195 31 -2.81984 134 178 185 12 -2.18152 126 168 173 13 1.49402 141 181 186 20 2.9442 145 186 189 20 -3.09163 146 184 188 27 1.8693 173 210 214 42 -2.59304 151 188 192 83 -1.66689 75 104 108 99 0 88 103 105 12 0 95 103 103 6 -2.46685 94 98 99 18 0.632749 105 110 109 0 0 
78 92 90 15 0.643501 83 102 99 21 -2.28963 60 86 86 134 0.94968 162 196 196 31 -2.33398 130 172 177 14 -2.35619 115 163 169 4 2.03444 113 167 174 8 -2.03444 104 159 166 13 1.20362 117 172 179 5 -2.76109 116 171 176 8 -1.10715 110 162 168 15 0.260602 116 166 172 13 1.00407 129 177 183 8 -2.89661 128 174 181 6 2.03444 134 180 187 24 1.73594 166 204 209 90 -1.85061 89 116 120 91 -0.186689 83 98 100 17 1.92957 106 113 116 30 -2.24044 84 89 92 0 0 
84 105 103 23 -2.3259 62 89 86 76 1.41419 131 165 165 25 0.358771 131 175 176 20 -2.56729 111 163 169 5 -2.76109 102 162 168 6 0.321751 99 164 172 1 0.785398 96 166 173 14 0.211093 101 169 176 14 0.493941 110 176 181 14 0.211093 115 179 184 9 -0.418224 112 174 180 10 -0.380506 112 170 176 15 0.197396 117 172 179 7 0.694738 122 177 184 8 2.78282 130 180 186 30 1.97569 169 207 211 116 -1.82201 68 93 97 69 0.0434509 82 94 100 17 1.28474 104 110 115 0 0 
67 89 87 11 1.75065 72 100 100 93 1.22203 153 188 191 33 -1.90189 110 158 160 2 0.463648 101 159 164 9 1.89255 103 168 176 3 -2.1588 93 166 174 17 0.950547 103 181 188 12 0.165149 107 182 190 14 0.588003 117 191 197 13 -0.152649 116 188 195 14 -0.211093 117 185 192 15 0.0665682 120 185 193 14 -0.432408 116 178 188 11 -0.909753 107 169 179 5 -0.197396 111 168 177 14 0.832981 131 179 183 17 -2.06075 128 163 167 68 -1.10061 83 99 106 10 -3.04192 91 97 104 0 0 
66 86 87 45 1.54858 108 131 133 50 2.04329 142 177 181 21 -2.01317 112 159 163 5 -2.35619 98 156 162 10 1.27934 99 167 174 12 0.785398 101 176 184 24 0.699893 113 192 201 12 0.165149 115 194 203 25 0.358771 126 204 211 5 -0.197396 129 202 210 13 -0.152649 128 200 208 20 -0.0499584 129 198 207 15 -0.876058 119 185 196 18 -0.632749 108 174 185 23 0.172191 116 178 188 9 -0.86217 116 172 177 25 1.21203 154 195 198 102 -1.5708 71 89 96 13 1.96559 92 99 108 0 0 
71 86 88 68 2.8291 87 108 110 107 2.56132 135 167 172 20 -0.750929 110 154 161 10 0.291457 101 159 165 19 0.968509 106 176 183 19 1.51821 118 196 203 20 0.463648 124 205 213 15 1.1659 138 219 227 12 -0.96007 129 209 216 22 0.321751 140 215 223 13 0.394791 147 220 228 17 -0.665969 137 208 218 20 -0.35299 130 201 211 15 -0.197396 126 198 210 19 -0.748378 116 185 194 17 -0.231091 121 182 186 21 0.785398 150 195 198 107 -1.59883 65 84 91 84 3.03486 84 91 100 0 0 
11 20 24 4 -1.81578 0 16 22 164 1.54641 153 182 187 40 -2.65597 122 164 171 8 0.463648 112 170 176 6 1.5708 107 177 184 48 0.844154 136 214 221 4 -0.785398 130 211 218 30 0.507098 145 226 233 12 0.321751 150 230 237 10 -0.197396 150 228 235 15 0.463648 159 235 241 10 -0.588003 155 228 236 14 -0.885067 142 217 226 22 -0.179853 136 212 224 18 -0.558599 131 203 211 8 -0.785398 136 197 199 6 -0.463648 149 193 194 192 -1.78552 0 1 6 35 1.2579 25 33 40 0 0 
12 18 23 11 0.0906599 6 21 24 124 1.6111 119 145 151 113 2.92006 130 172 177 42 -0.0949517 112 170 176 46 0.970746 139 209 216 8 1.05165 139 217 223 29 0.785398 158 239 244 5 3.14159 158 239 244 11 0.179853 162 240 246 6 0.321751 168 242 248 10 0.197396 170 244 250 10 -0.588003 164 238 244 7 0.2783 164 239 247 17 -0.62025 152 229 238 23 -1.03038 137 209 216 22 -0.266252 144 203 205 70 -0.795499 110 151 153 180 -2.28545 0 12 17 29 0.664046 20 28 35 0 0 
23 30 33 16 -1.9513 1 16 19 18 1.24905 8 34 40 178 1.66601 172 214 219 105 -2.9516 140 196 201 35 0.463648 145 213 218 28 0.982794 162 239 242 10 -0.507098 155 234 237 28 0.607802 173 250 253 5 -0.643501 172 246 250 6 1.40565 181 252 255 2 0.463648 182 253 255 8 -1.10715 174 245 249 10 1.0637 181 253 255 12 -1.81578 166 242 248 10 -1.19029 163 231 236 31 0.739975 198 252 253 241 -2.02518 0 33 33 14 2.79857 18 35 38 12 -2.81984 21 30 34 0 0 
19 24 27 4 -2.35619 9 22 24 5 -1.5708 0 18 22 91 1.4505 70 111 114 157 2.31586 173 228 231 42 3.14159 165 229 233 30 0.597177 176 247 250 10 2.1588 185 255 255 3 -1.89255 186 253 255 6 -1.40565 182 247 248 9 0.785398 192 253 255 3 0.982794 195 255 255 7 -1.5708 186 249 253 7 0.141897 186 250 254 5 -1.19029 177 245 250 9 1.15257 193 254 255 108 -1.69059 99 145 146 184 -2.39832 0 18 19 15 0.463648 6 23 26 3 2.55359 13 24 28 0 0 
17 21 22 4 0 10 22 24 6 1.89255 6 29 31 30 -2.07789 0 3 6 183 1.40117 137 186 188 123 2.56928 197 254 255 14 -1.71269 179 240 242 19 0.822418 195 255 255 1 -2.35619 197 253 254 0 0 203 252 254 8 0.244979 208 254 255 3 0.321751 209 255 255 3 3.14159 207 255 255 5 -0.785398 200 251 253 8 -0.358771 193 248 251 10 -0.851966 191 240 242 239 -1.83705 0 7 10 114 0.219614 6 31 35 70 -0.141897 3 20 23 92 0.0651252 13 25 29 0 0 
23 25 26 19 -2.83571 12 20 20 22 -0.321751 0 14 15 64 0.297365 3 34 35 77 0.63832 38 82 83 169 1.6181 202 252 252 4 0.244979 201 252 254 0 0 204 252 253 2 0 210 251 253 8 1.32582 223 255 255 3 -1.89255 225 255 255 5 -1.3734 220 251 250 7 1.1659 226 255 255 1 3.14159 222 255 255 4 -1.32582 215 254 255 78 -1.51956 140 175 178 95 -2.5128 93 118 122 55 -2.83121 81 100 105 26 2.67795 95 112 115 40 -2.62245 75 92 95 0 0 
10 5 6 85 0.411065 38 40 41 61 0.588003 62 75 77 26 0.785398 72 95 97 25 -1.85459 37 73 73 181 1.52111 215 255 254 23 -3.01189 212 251 253 2 2.03444 217 253 253 2 0 224 252 252 7 0.785398 236 255 255 3 -2.81984 241 255 254 3 -1.24905 238 252 251 5 0.54042 239 254 255 2 2.35619 239 255 255 5 -2.9442 233 255 255 159 -1.56451 74 97 99 56 -2.53379 47 63 69 51 2.90605 59 75 81 61 3.1252 60 76 82 68 2.96437 70 89 94 0 0 
82 84 85 7 1.1659 86 91 92 8 0.244979 81 94 96 11 -0.661043 65 88 90 31 -0.260602 48 82 82 160 1.18798 192 231 233 34 2.56159 211 250 252 5 1.3734 219 254 255 3 1.89255 229 255 255 3 -2.1588 232 253 255 6 2.67795 238 255 255 3 2.81984 241 255 255 4 -1.5708 235 253 254 5 -2.9442 232 251 254 5 1.03038 236 255 255 209 -1.75321 30 51 53 43 -2.1588 0 13 19 57 0.0175421 0 14 20 95 -0.0525831 0 10 15 126 0.127308 6 26 31 0 0 
69 89 90 24 0.519146 80 101 103 9 0.321751 83 104 106 26 0.566729 91 118 122 29 0.858439 104 141 145 68 2.06075 157 202 205 177 2.86252 203 251 255 143 3.12062 206 254 255 99 3.12139 211 255 255 80 -3.05431 208 248 253 61 3.04355 216 254 255 47 3.05669 220 255 255 60 -2.9927 211 249 254 46 2.99058 219 255 255 71 -2.61553 187 219 224 194 -1.73087 0 27 32 151 0.30092 47 72 76 85 0.474118 88 110 115 35 0.785398 113 135 140 22 -2.81984 106 128 133 0 0 
83 111 112 22 3.14159 85 110 112 19 2.17308 101 126 130 33 2.8105 108 137 141 47 -2.48972 71 109 114 82 -1.87728 0 31 35 170 0.468897 54 109 114 87 0.565854 100 156 161 54 0.397628 124 176 183 33 0.369334 138 187 195 39 0.531724 156 208 215 15 -0.605545 147 199 206 41 0.121352 152 204 210 38 -0.238609 147 195 201 48 -0.103792 149 189 194 70 -0.227857 138 173 177 40 -2.5128 119 148 153 49 -2.89661 111 136 140 42 -2.62536 90 115 119 22 -2.51611 77 102 106 0 0 
67 88 90 58 2.95095 78 99 101 56 -3.05254 73 93 98 62 3.06112 74 99 103 53 -2.83759 47 83 89 105 1.95832 136 183 187 117 -3.13305 128 183 188 95 2.89915 150 205 212 112 3.12374 153 207 214 91 2.97644 170 222 229 104 -3.13198 167 221 228 90 2.92895 185 240 247 113 3.13274 186 242 247 97 3.12098 189 244 249 95 2.973 212 255 255 169 -2.37286 102 140 144 53 -2.31622 71 100 105 38 -3.11528 74 99 103 28 -3.07029 72 97 101 22 3.00606 75 100 104 0 0 
11 30 33 0 0 23 42 45 0 0 12 31 36 0 0 23 48 52 0 0 9 43 49 0 0 21 66 70 0 0 35 89 96 0 0 38 93 100 0 0 63 117 124 0 0 64 118 125 0 0 79 133 140 0 0 70 128 134 0 0 87 145 150 0 0 94 150 155 0 0 89 137 141 0 0 64 105 108 0 0 33 62 67 0 0 46 71 75 0 0 50 75 79 0 0 50 75 79 0 0 
