254 253 249 5 -1.03038 249 247 246 10 0.71883 255 253 255 2 2.67795 255 254 255 7 -1.97569 252 248 247 7 0.404892 253 252 248 4 1.5708 253 255 254 4 -1.81578 246 251 252 4 1.81578 246 252 255 28 -2.89661 237 244 255 13 2.67795 243 250 255 22 -2.91812 240 247 255 17 2.78282 250 255 255 0 0 253 255 254 5 -2.9442 255 254 253 5 -2.60117 255 251 250 5 0.785398 255 254 255 1 -1.5708 252 254 255 1 3.14159 252 254 255 1 2.35619 253 255 255 0 0 
255 255 252 1 3.14159 255 255 254 3 -1.5708 254 251 253 1 3.14159 254 251 253 3 2.1588 255 255 254 4 -1.5708 251 252 250 4 0.785398 250 255 253 4 -1.5708 243 250 253 36 -2.45392 216 224 237 14 2.45586 224 232 249 22 -2.96174 220 229 243 24 3.09995 222 231 240 32 2.39965 248 255 255 25 -2.9442 246 251 249 1 -0.785398 251 249 248 6 1.89255 255 255 255 0 0 255 254 255 2 -1.5708 251 253 254 2 0 251 253 254 2 0.463648 252 254 255 0 0 
254 255 251 1 1.5708 255 255 254 5 -2.35619 251 250 252 3 -0.321751 250 249 251 6 0.896055 255 255 255 1 -1.5708 252 255 253 1 3.14159 249 255 254 32 -1.53956 213 222 226 39 -2.98894 204 213 227 25 -3.06176 200 210 228 21 -2.86329 194 204 221 3 2.81984 197 207 217 27 2.25132 221 230 233 31 2.40162 246 252 251 5 -0.785398 247 247 247 11 0.785398 255 254 255 14 3.14159 253 255 255 4 3.14159 253 255 255 4 3.14159 253 255 255 2 3.14159 253 255 255 0 0 
252 255 251 3 -1.24905 249 252 250 3 1.24905 252 254 255 1 0 252 254 255 1 0.785398 253 255 255 2 -2.03444 248 254 253 5 2.76109 246 255 255 72 -1.5708 171 183 189 11 0.785398 175 188 204 11 2.96174 175 189 208 27 2.69407 187 201 219 35 -2.76632 176 190 202 25 2.52134 195 207 211 48 1.59163 246 255 255 2 3.14159 251 254 255 14 -1.71269 239 240 244 10 1.3734 249 251 252 1 3.14159 249 251 252 2 2.35619 251 253 254 4 2.67795 253 255 255 0 0 
251 255 252 3 -1.5708 248 253 251 4 0.785398 251 254 255 4 3.14159 251 254 255 4 -2.89661 250 254 255 6 -1.40565 241 249 248 7 1.5708 244 255 255 64 -1.5708 177 191 197 48 -0.229904 162 176 194 48 -2.89161 149 163 185 8 2.62245 151 168 187 29 -3.10712 152 169 182 39 2.06814 190 206 212 67 0.764568 241 254 255 12 3.14159 246 252 255 16 -2.4859 238 242 247 35 2.9442 248 249 253 61 -3.1252 247 249 250 46 3.14159 247 249 250 23 3.09814 248 250 251 0 0 
250 255 252 2 3.14159 250 255 254 4 -1.5708 247 250 254 0 0 247 250 254 4 1.5708 250 255 255 7 -1.5708 241 249 249 8 0.950547 243 255 255 17 -1.5708 222 238 245 105 -1.44761 114 129 148 98 0.289504 138 156 179 19 -1.94169 120 139 160 25 0.358771 131 150 165 125 0.960722 237 254 255 50 -2.86329 227 241 247 30 -3.10827 231 239 246 68 -2.65847 203 207 212 19 -1.7274 185 188 192 66 0.212144 201 203 204 55 0.423669 224 226 227 35 0.603749 244 246 247 0 0 
248 255 252 2 0.785398 250 255 255 4 -2.03444 247 250 255 4 0 247 250 255 5 0.785398 250 255 255 6 -2.81984 244 254 254 2 0.785398 243 255 255 5 -2.35619 235 250 255 37 -2.45026 206 223 244 74 -1.77346 131 148 174 67 0.19448 144 162 185 73 0.891791 201 221 238 20 -2.07789 187 205 216 13 2.7468 195 211 218 54 -2.5128 168 177 186 63 0.421419 198 204 211 67 0.816967 250 253 255 0 0 252 254 255 1 1.5708 253 255 255 0 0 253 255 255 0 0 
250 255 254 3 -2.55359 248 254 253 3 2.55359 251 254 255 0 0 251 254 255 6 -1.5708 244 249 252 8 0.785398 246 255 255 4 -1.81578 239 251 255 43 -2.40534 206 220 232 52 -2.9516 193 207 230 8 1.92957 197 214 241 11 -2.48055 190 207 233 13 0.0767719 191 211 229 20 -1.71969 175 193 204 30 -1.09244 151 167 174 111 0.677538 226 235 244 19 0.785398 244 250 255 5 0.643501 250 253 255 0 0 252 254 255 1 1.5708 253 255 255 1 3.14159 253 255 255 0 0 
248 253 251 3 -0.588003 246 251 250 7 0.785398 253 253 255 2 3.14159 251 254 255 6 3.14159 251 254 255 10 -3.04192 247 254 255 43 -2.20971 208 218 225 91 -2.57486 154 168 180 54 0.798384 190 204 227 22 3.05093 188 205 232 15 1.50423 203 220 246 27 -2.56369 190 207 228 3 -1.89255 190 206 218 58 0.90675 240 253 255 4 -2.35619 242 249 255 5 0.785398 250 253 255 2 -2.67795 250 254 255 1 0 252 254 254 1 0 252 254 254 1 0 252 254 254 0 0 
251 255 254 5 3.14159 251 255 255 8 -2.89661 251 251 255 43 -3.04884 247 247 253 33 -3.02097 241 244 249 32 -2.59594 223 227 232 107 -2.21057 131 141 148 108 0.654571 194 205 219 50 -0.428264 169 181 205 25 1.45137 191 205 233 18 -2.6292 182 196 224 9 2.35619 189 206 227 34 1.80189 228 242 254 17 2.72918 239 250 255 5 2.2143 246 253 255 2 -1.5708 248 251 255 2 1.5708 253 255 255 0 0 253 255 255 0 0 253 255 255 0 0 253 255 255 0 0 
248 251 249 5 -2.60117 245 247 247 37 -1.35786 210 208 214 18 0.321751 214 214 220 8 0.124355 213 216 221 53 -1.68352 159 163 168 103 0.66869 219 227 234 37 0.766532 240 251 255 64 -1.58642 172 184 208 11 0.54042 177 189 217 14 3.14159 177 189 217 10 2.49809 183 197 219 29 2.03444 214 226 238 35 2.53784 237 247 254 9 0.785398 248 254 255 2 -2.03444 249 252 255 4 2.67795 253 255 255 1 3.14159 255 255 255 1 3.14159 255 255 255 0 0 255 255 255 0 0 
243 246 244 14 0.785398 253 255 255 42 -2.45586 226 226 232 36 -3.03094 222 222 228 22 -2.51611 207 210 215 55 0.657889 240 244 249 13 0.837981 246 254 255 6 -2.81984 241 250 255 53 -1.62734 182 194 218 18 -1.62629 163 175 203 13 2.67795 169 182 208 30 3.10827 171 185 204 40 2.89059 185 197 207 58 1.86553 244 255 255 5 -2.9442 249 252 255 5 -1.3734 245 248 253 5 1.03038 254 253 255 1 0 254 254 254 1 0.785398 255 255 255 0 0 255 255 255 0 0 
251 255 252 33 -1.66146 218 223 222 43 -0.769006 188 191 196 64 0.218669 202 205 210 68 0.795707 251 254 255 2 -2.67795 249 253 255 6 -2.24554 240 248 255 6 0.165149 238 247 255 51 -1.49253 181 193 217 30 -1.83996 151 163 191 25 -2.66071 139 153 176 25 -0.321751 132 146 164 32 1.81578 168 181 189 68 1.67338 239 251 253 6 2.24554 250 254 255 3 -1.5708 248 251 255 4 0.785398 255 254 255 0 0 255 255 255 0 0 255 255 255 0 0 255 255 255 0 0 
247 254 249 1 1.5708 248 255 252 2 0.785398 251 254 255 5 -2.9442 250 253 255 3 -2.81984 249 252 255 3 -0.982794 245 249 254 5 1.03038 246 254 255 1 -1.5708 240 252 255 66 -1.90676 173 186 208 46 -1.89935 128 141 167 36 1.26629 163 177 200 73 -0.572966 124 139 155 42 0.90349 161 175 181 71 1.45859 235 247 249 12 0.785398 250 255 255 4 3.14159 251 255 255 3 3.14159 255 255 255 2 3.14159 255 255 255 2 3.14159 255 255 255 2 3.14159 255 255 255 0 0 
245 255 249 4 0.785398 248 255 254 10 -2.63449 245 249 254 4 0.244979 246 250 255 4 1.10715 250 254 255 6 -2.81984 246 252 255 2 2.35619 244 254 255 23 -1.5708 218 230 242 61 -1.99068 158 171 193 19 -1.98902 137 152 178 98 1.07064 223 240 255 76 -1.47895 149 165 181 19 2.28489 169 183 189 72 1.68145 244 255 255 7 -2.55359 246 251 252 1 1.5708 248 253 252 1 0.785398 253 253 253 2 3.14159 253 253 253 2 3.14159 253 253 253 2 2.67795 254 254 254 0 0 
250 255 254 11 -2.23184 241 247 246 9 1.0122 249 254 255 6 -2.97644 248 252 255 5 -2.2143 242 248 253 5 2.76109 242 251 255 4 1.81578 243 254 255 48 -1.71561 191 204 218 39 -1.69831 149 163 185 37 1.41003 184 199 225 50 1.12469 230 247 255 96 -1.60204 136 152 168 22 1.06795 159 175 182 74 1.43647 238 249 253 5 2.76109 244 251 254 2 2.03444 249 253 254 12 -2.97644 249 251 252 7 3.14159 249 251 252 3 3.14159 249 251 252 1 0 249 251 251 0 0 
246 248 248 7 0.404892 249 251 252 6 -2.67795 246 247 251 8 2.89661 246 249 254 10 -2.49809 237 243 250 11 2.60117 239 248 255 17 -3.02448 234 246 255 47 -1.80552 184 198 216 33 -0.999459 153 170 191 54 1.31254 204 222 245 21 1.38257 227 243 255 84 -1.83292 147 162 181 23 0.93577 169 182 198 62 1.22885 230 242 254 11 2.60117 239 248 255 19 -2.65469 234 240 247 3 2.1588 239 243 248 4 2.03444 244 247 251 4 2.03444 248 251 255 3 1.89255 251 255 255 0 0 
255 254 255 10 -1.5708 245 244 246 6 -2.24554 238 239 243 2 1.10715 238 241 246 8 -1.69515 227 233 240 1 -2.35619 222 231 241 8 2.67795 223 233 250 28 -2.50508 202 216 235 33 -1.87368 167 184 205 43 1.77712 208 226 249 42 -3.0231 205 221 244 53 -2.10157 161 175 197 36 2.35619 188 202 221 28 1.39409 220 230 247 42 -3.11779 221 230 243 7 0.876058 230 237 246 3 1.89255 235 241 248 4 2.03444 241 245 250 5 1.9513 246 251 254 3 1.89255 249 254 255 0 0 
255 254 255 14 -1.8491 241 240 242 1 0 239 240 244 5 0 237 240 245 8 -1.92957 226 232 239 9 -1.0122 214 223 233 13 -1.00407 200 210 227 13 -2.84309 192 206 225 38 -2.20912 158 175 196 18 0.558599 166 184 207 26 0.380506 176 194 217 46 -1.31019 133 150 171 84 0.73544 193 207 226 26 -2.32917 178 188 205 48 1.25558 226 235 248 9 3.14159 229 236 245 11 2.96174 233 239 246 4 2.03444 239 243 248 6 1.73594 245 250 253 4 1.5708 249 254 255 0 0 
251 250 252 0 0 242 241 243 0 0 244 245 249 0 0 234 237 242 0 0 231 237 244 0 0 221 230 240 0 0 187 197 214 0 0 169 183 202 0 0 174 191 212 0 0 191 209 232 0 0 188 206 229 0 0 196 213 234 0 0 175 189 208 0 0 193 203 220 0 0 217 226 239 0 0 218 225 234 0 0 231 237 244 0 0 238 242 247 0 0 245 250 253 0 0 249 254 255 0 0 
