250 255 255 1 -1.5708 249 254 255 1 0.785398 253 255 255 8 -2.08994 246 248 248 9 0.785398 255 255 254 0 0 255 255 254 12 -2.53087 248 248 248 9 0.785398 253 255 255 7 -2.1588 247 248 252 15 2.7367 251 254 255 4 -1.5708 246 250 255 2 3.14159 246 250 255 4 1.81578 253 254 255 2 -1.5708 251 253 254 2 2.35619 255 254 255 10 -2.76109 253 251 251 5 0.785398 255 255 255 0 0 255 255 255 0 0 255 255 255 0 0 255 255 255 0 0 
250 255 255 0 0 251 255 255 7 -2.55359 249 251 251 5 0.785398 253 255 255 1 3.14159 255 255 254 10 -1.67046 245 245 245 13 0.837981 255 255 255 64 -3.07917 249 251 252 112 -2.99843 231 234 238 97 2.9341 250 254 255 93 -3.07717 244 248 253 26 3.10315 245 249 254 5 1.9513 251 254 255 4 -1.5708 249 251 252 7 -0.982794 247 245 245 14 0.785398 255 255 255 0 0 255 255 255 0 0 255 255 255 0 0 255 255 255 0 0 255 255 255 0 0 
251 255 255 7 -2.26553 245 249 250 8 0.785398 253 255 255 1 -1.5708 252 254 254 7 3.14159 252 254 254 1 3.14159 252 254 254 65 -1.8491 189 191 192 73 -2.37542 136 139 143 44 0 135 139 144 61 0.368349 155 161 168 65 1.18184 216 222 229 85 2.84567 243 247 252 45 2.98727 251 254 255 0 0 253 255 255 4 3.14159 255 255 255 8 3.14159 255 255 254 3 3.14159 255 255 255 0 0 255 255 255 0 0 255 255 255 0 0 255 255 255 0 0 
248 250 251 7 0.785398 253 255 255 0 0 253 255 255 15 -2.58994 245 247 247 10 0.643501 251 253 253 17 -1.45369 232 236 237 98 -1.62177 134 137 141 47 1.80552 179 183 188 13 1.344 190 196 203 11 -2.11122 178 185 194 47 -1.35674 132 139 148 83 0.836202 196 202 209 70 2.31622 251 254 255 5 -2.2143 249 251 252 5 -0.785398 249 247 247 9 0.558599 254 252 251 3 1.24905 255 255 255 0 0 255 255 255 0 0 255 255 255 0 0 255 255 255 0 0 
255 255 255 2 3.14159 253 255 255 13 -1.7976 240 242 242 18 0.785398 253 255 255 0 0 251 255 255 24 -1.77619 227 230 234 104 -1.44644 120 126 133 62 1.26412 178 185 194 8 0.519146 180 189 199 11 0.54042 186 195 205 1 3.14159 186 195 205 42 -1.66575 146 153 162 98 1.42746 247 251 255 3 1.89255 253 255 255 8 3.14159 255 255 255 2 -1.5708 255 253 252 2 1.10715 255 255 255 0 0 255 255 255 0 0 255 255 255 0 0 255 255 255 0 0 
253 253 253 2 -2.67795 252 252 252 3 1.24905 253 255 255 0 0 253 255 255 11 -2.67795 246 249 253 7 -0.876058 239 243 248 98 -1.48934 137 144 153 48 1.69515 183 192 202 33 2.93257 189 198 211 7 -0.694738 184 193 206 6 -0.463648 181 190 203 26 -2.03444 160 167 176 82 1.58299 246 250 255 5 -0.785398 245 247 248 11 0.785398 255 255 255 6 -2.97644 255 254 253 1 0.785398 255 255 255 0 0 255 255 255 0 0 255 255 255 0 0 255 255 255 0 0 
253 251 250 4 0.463648 253 254 252 4 2.67795 253 255 255 10 -1.5708 243 245 246 13 0.837981 251 254 255 5 -2.60117 245 251 255 112 -1.54402 129 138 148 64 0.331554 149 158 171 76 2.49547 193 204 218 42 -3.0231 188 199 213 39 -2.57486 169 178 192 67 -2.94711 157 166 176 94 1.15899 250 253 255 4 3.14159 253 254 255 6 -1.73594 251 249 248 8 0.785398 255 255 254 3 3.14159 255 255 255 0 0 255 255 255 0 0 255 255 255 0 0 255 255 255 0 0 
255 255 254 6 -1.5708 249 250 248 8 0.785398 255 255 255 10 -3.04192 250 254 255 4 -1.32582 245 250 253 7 0.785398 248 254 255 54 -1.64474 190 199 209 104 -1.32815 86 97 111 65 1.49402 151 161 178 9 2.72337 153 166 182 59 -1.13721 101 112 126 99 1.15666 195 203 216 45 1.70335 246 249 255 5 0.643501 252 253 255 1 2.35619 255 255 254 3 -1.5708 254 252 251 4 0.785398 255 255 255 0 0 255 255 255 0 0 255 255 255 0 0 255 255 255 0 0 
255 255 254 6 3.14159 255 255 254 10 -1.67046 245 245 245 14 0.785398 251 255 255 0 0 250 255 255 4 -1.5708 242 250 255 25 -1.49097 215 224 234 121 -1.69413 91 102 116 70 0.805395 142 152 169 68 0.588003 178 191 207 40 -1.344 141 152 166 54 0.982794 188 197 210 57 1.85389 248 254 255 42 -3.09401 249 252 255 33 3.08106 255 255 255 10 3.14159 255 255 254 1 3.14159 255 255 255 0 0 255 255 255 0 0 255 255 255 0 0 255 255 255 0 0 
251 249 248 7 0.694738 254 255 253 1 1.5708 253 255 255 2 3.14159 251 255 255 3 3.14159 250 255 255 4 -2.67795 246 252 255 42 -1.52321 200 209 219 57 -1.69299 142 151 164 59 1.65534 199 209 226 29 -2.79857 187 200 216 30 -2.49809 171 182 196 23 -0.0434509 172 181 194 31 1.17846 206 212 219 23 2.83354 216 219 223 39 2.44685 245 245 245 44 2.93983 255 254 254 34 3.11219 255 255 255 0 0 255 255 255 0 0 255 255 255 0 0 255 255 255 0 0 
255 255 254 1 -1.5708 254 255 253 1 -1.5708 251 253 253 4 -2.89661 250 252 253 3 -0.321751 247 250 254 4 1.5708 250 254 255 51 -1.66852 195 202 211 55 -1.55262 137 146 159 81 2.68344 171 182 196 26 -2.91479 165 176 190 29 1.60527 196 205 219 49 -2.89661 185 194 204 41 -3.02024 184 189 198 46 -3.11986 186 189 194 74 2.99402 201 200 202 118 2.9806 220 220 220 78 2.67795 255 255 255 0 0 255 255 255 0 0 255 255 255 0 0 255 255 255 0 0 
255 255 255 4 -2.89661 254 254 254 5 -1.5708 247 249 249 7 0.982794 253 255 255 4 -1.5708 247 251 252 1 -0.785398 245 249 254 45 -1.50423 198 204 211 133 -1.32035 65 74 84 83 1.47471 147 156 169 85 2.91655 166 175 188 43 -2.71874 148 157 170 57 -3.0541 144 153 163 36 -2.86329 138 143 152 29 -1.46771 111 115 120 86 -0.380506 82 83 87 106 0.671795 150 149 151 105 1.52321 255 255 255 0 0 255 255 255 0 0 255 255 255 0 0 255 255 255 0 0 
249 251 252 4 0.785398 252 254 254 1 -0.785398 251 253 253 2 0.785398 253 255 255 8 -2.78282 250 252 253 2 0.463648 249 252 255 15 -1.43824 233 237 242 154 -1.48014 77 83 90 52 -0.152649 65 74 84 80 0.882438 127 136 146 122 -0.290672 92 101 111 106 0.160512 109 118 128 96 0.295441 141 146 155 116 0.425205 191 195 200 58 -0.517032 163 166 170 17 -0.74542 153 155 156 104 1.27934 255 255 255 0 0 255 255 255 0 0 255 255 255 0 0 255 255 255 0 0 
252 254 255 1 2.35619 253 255 255 0 0 253 255 255 8 -1.5708 245 247 247 8 1.05165 252 254 255 1 0.785398 253 255 255 4 -2.35619 248 251 255 117 -1.70786 131 135 140 11 -0.909753 118 125 134 128 1.56298 244 253 255 47 -1.6557 197 206 216 4 1.10715 203 210 219 42 1.66575 247 252 255 7 -1.8491 240 246 253 67 -1.45196 175 179 184 7 0.694738 181 184 188 70 1.49949 253 255 255 0 0 255 255 255 0 0 255 255 255 0 0 255 255 255 0 0 
249 253 254 2 1.10715 251 255 255 0 0 253 255 255 5 -2.35619 249 251 251 5 0.785398 255 255 255 5 -2.49809 250 252 253 16 -1.5708 234 236 237 94 -1.36927 139 142 146 32 -0.477345 121 127 134 124 1.43345 242 249 255 41 -1.47354 201 208 217 34 -0.0587558 199 206 215 60 0.820678 245 250 255 3 2.1588 248 254 255 69 -1.5708 181 185 190 4 1.32582 186 189 193 68 1.2307 253 255 255 0 0 255 255 255 0 0 255 255 255 0 0 255 255 255 0 0 
252 254 255 1 0.785398 253 255 255 4 -1.81578 249 251 251 5 0.785398 253 255 255 4 -1.5708 251 251 251 4 0.244979 252 252 252 4 0.785398 253 255 255 83 -1.65493 168 171 175 68 -0.404892 140 144 149 111 1.43527 250 254 255 11 -1.5708 237 243 250 7 0.694738 242 248 255 5 0.197396 245 248 255 7 0.785398 250 254 255 68 -1.5708 183 186 191 26 1.41815 209 212 216 42 1.38257 253 255 255 0 0 255 255 255 0 0 255 255 255 0 0 255 255 255 0 0 
255 255 255 1 -1.5708 254 254 254 1 1.5708 255 255 255 0 0 255 255 255 0 0 253 255 255 1 3.14159 253 255 255 7 -1.5708 246 248 249 13 -1.344 233 235 236 75 -1.49097 156 159 163 95 1.60236 251 254 255 7 -2.44685 246 249 253 6 0.674741 250 253 255 1 0.785398 253 255 255 2 3.14159 253 255 255 64 -1.5708 189 191 192 52 0.609163 219 221 222 46 0.831519 255 255 255 0 0 255 255 255 0 0 255 255 255 0 0 255 255 255 0 0 
255 255 255 1 -1.5708 254 254 254 1 1.5708 255 255 255 0 0 255 255 255 1 -2.35619 252 254 255 1 2.35619 253 255 255 4 -1.5708 249 251 252 10 -1.19029 239 241 242 84 -1.48766 155 157 158 98 1.20727 247 249 250 6 1.89255 253 255 255 1 3.14159 253 255 255 3 -2.55359 253 253 253 2 2.03444 255 255 255 21 -1.75902 234 234 234 27 0.708626 252 252 252 3 0.982794 255 255 255 0 0 255 255 255 0 0 255 255 255 0 0 255 255 255 0 0 
255 255 255 1 -1.5708 254 254 254 1 1.5708 255 255 255 1 -1.5708 254 254 254 1 -1.5708 251 253 254 2 2.03444 253 255 255 0 0 253 255 255 7 -1.5708 246 248 249 56 -1.48175 190 192 193 75 0.813428 245 247 248 10 0.71883 252 254 255 2 -2.03444 250 252 253 3 0 252 252 252 3 -0.321751 251 251 251 4 1.32582 255 255 255 1 -1.5708 254 254 254 4 2.89661 255 255 255 0 0 255 255 255 0 0 255 255 255 0 0 255 255 255 0 0 
255 255 255 0 0 254 254 254 0 0 255 255 255 0 0 254 254 254 0 0 250 252 253 0 0 253 255 255 0 0 253 255 255 0 0 251 253 254 0 0 242 244 245 0 0 253 255 255 0 0 251 253 254 0 0 253 255 255 0 0 255 255 255 0 0 252 252 252 0 0 255 255 255 0 0 250 250 250 0 0 255 255 255 0 0 255 255 255 0 0 255 255 255 0 0 255 255 255 0 0 
