15 74 54 15 0.463648 20 81 61 9 -0.110657 19 80 60 5 -0.54042 18 77 57 10 0 23 76 56 2 -2.03444 25 74 54 9 -1.35213 19 64 45 10 0.0996687 17 66 46 16 2.35619 22 80 56 126 0.239232 48 110 86 71 -0.241566 33 93 69 57 -2.08128 0 42 19 17 -1.68791 0 24 2 39 0.281772 0 34 13 19 -0.257324 0 28 8 23 0.308053 0 37 12 10 2.85014 0 43 10 26 1.17601 18 70 30 35 1.22203 51 104 61 25 1.03709 73 126 82 0 0 
27 89 67 11 2.96174 31 90 69 7 -2.35619 26 85 64 7 0.2783 31 87 66 14 -2.30861 24 74 56 22 0.0454233 29 74 57 6 -0.165149 29 73 56 23 -2.05331 7 52 35 189 0.886179 152 200 182 60 -0.404892 126 176 158 145 -0.902507 12 62 44 172 -0.13944 0 39 19 25 1.12469 15 61 42 32 -0.244979 10 53 32 51 -0.0391956 10 51 30 39 -0.694738 0 27 2 40 0.608689 6 53 20 29 1.10715 30 82 42 37 1.13095 66 116 74 25 0.950547 85 138 94 0 0 
14 80 51 13 0.628796 26 87 61 7 1.5708 40 92 69 15 -1.5708 29 75 56 26 0.91972 50 95 78 15 -1.24905 36 79 64 179 -0.100222 18 61 48 209 0.553533 132 169 159 106 0.899001 222 251 242 14 0.785398 234 255 252 38 -2.0932 199 228 219 186 -1.41447 10 46 34 125 0.356912 47 92 75 63 0.172861 54 105 85 74 -0.313276 29 83 60 32 -0.741947 9 62 35 17 0.174672 17 66 34 31 1.20825 48 97 59 34 1.27656 83 130 91 19 1.19991 99 149 107 0 0 
27 92 60 6 -0.463648 29 87 58 14 2.64765 45 91 68 13 3.06482 50 90 72 18 2.55359 60 99 84 164 1.82905 217 255 246 19 -1.77829 195 237 230 24 -0.0831412 194 233 231 36 0.844154 227 255 255 19 -1.82812 209 239 240 22 0.722979 224 255 254 95 -1.56027 124 162 156 27 -0.414507 108 154 142 19 1.26492 121 175 158 87 -0.931882 51 107 86 57 -0.525584 26 78 54 14 -2.9305 30 77 45 38 0.803578 60 106 70 36 0.96007 92 136 99 18 0.708626 102 149 110 0 0 
40 98 63 23 -1.95912 22 75 42 25 0.273009 38 79 52 1 -1.5708 40 74 57 18 -2.01064 23 54 45 197 1.59617 215 250 246 80 3.02956 213 255 255 8 -2.89661 204 255 255 10 -2.9442 197 254 255 43 3.07194 200 255 255 45 -3.11937 202 255 255 94 -2.29656 135 186 188 39 -2.28489 110 158 152 119 0.576375 177 225 213 78 -1.16423 107 155 137 141 -0.720164 17 63 40 62 0.64987 59 102 75 26 1.00407 83 126 93 23 1.31561 107 149 114 8 1.92957 114 158 121 0 0 
37 89 52 15 0.927295 52 99 66 19 -1.94169 43 78 52 15 -2.53605 36 65 49 19 -0.822418 20 47 43 177 0.757517 133 168 172 86 1.9255 195 250 255 24 -2.97644 173 246 255 134 -2.8786 122 213 228 18 3.08609 119 214 229 42 -2.67795 109 195 207 34 -1.6588 89 161 169 96 1.467 201 255 255 46 -3.05485 208 254 248 3 2.1588 216 255 246 153 -1.80151 71 111 93 29 3.07274 76 115 90 14 1.91382 90 130 102 19 2.31917 104 145 114 20 2.89661 109 150 118 0 0 
51 98 60 10 -0.380506 50 91 59 26 -2.03444 32 64 40 64 0.267616 51 77 64 206 0.515549 147 175 175 85 -0.447942 94 137 146 103 0.998878 151 226 242 129 -2.12448 15 117 139 89 1.03229 67 198 218 23 -2.17085 42 179 201 16 1.44644 71 195 213 45 -2.65815 73 172 186 48 0.977047 143 210 219 89 2.67795 202 250 252 30 -1.40565 185 221 215 145 -1.39772 47 80 66 179 0.145042 73 108 88 36 2.97644 79 115 91 40 2.96835 86 123 97 44 3.02844 91 129 101 0 0 
61 107 71 26 -1.72345 38 79 48 53 1.22524 97 124 104 174 0.887087 231 255 246 1 -1.5708 222 252 253 58 -1.50194 141 193 205 42 -1.07524 69 158 178 35 3.0278 41 164 190 18 1.35213 34 185 212 9 -2.72337 23 182 208 29 -1.10715 13 155 180 82 2.55359 82 199 220 68 -1.39357 49 130 145 133 1.21818 200 254 255 26 -2.7468 208 244 244 12 0.896055 225 255 247 214 -2.072 37 70 55 19 3.03672 39 75 53 22 3.00606 42 78 54 25 2.9442 47 84 58 0 0 
52 103 69 4 -1.32582 53 97 68 143 1.44471 207 233 215 35 0.785398 232 255 247 5 0.54042 221 255 255 51 -2.19105 153 214 228 99 -1.95318 23 124 146 77 0.584444 38 168 197 5 1.9513 22 175 208 18 1.89255 36 193 226 108 -1.6723 0 84 115 140 1.13589 87 210 236 47 -2.37112 82 176 195 58 1.93553 164 230 241 46 2.64911 207 252 255 101 -1.52133 119 153 147 134 -0.879853 16 51 37 102 -0.00980361 17 51 34 2 3.14159 17 53 31 3 -0.321751 16 52 28 0 0 
49 103 73 19 0.714091 69 114 87 151 1.74355 232 255 240 17 2.85554 237 255 252 32 -1.75614 191 226 230 58 -0.992272 117 177 189 50 0.201317 90 189 211 70 -2.79282 40 166 195 44 3.11887 23 167 202 15 2.17634 30 180 216 39 -1.31347 3 142 175 40 0.996491 55 175 204 38 -0.544864 60 155 175 48 2.32679 119 189 202 70 1.32582 212 255 255 23 -2.11122 205 238 234 90 -1.33654 118 152 141 145 -0.809784 15 49 32 41 0.121352 20 56 34 14 0.2783 24 60 38 0 0 
62 118 89 28 -1.78189 40 88 62 158 1.48242 212 242 223 124 3.01224 231 255 245 29 2.93757 228 255 255 34 -1.95668 177 226 236 138 -2.28489 40 122 140 40 -3.09163 11 121 147 40 1.10715 28 158 188 56 2.54383 53 189 223 84 -2.82736 34 164 194 47 1.22918 97 207 235 138 -2.4736 35 121 141 96 1.0839 144 206 217 58 0.72523 206 244 248 14 1.07685 229 255 254 30 -2.84067 218 253 239 190 -2.10492 54 91 71 27 -2.22868 32 70 48 17 -2.65164 24 63 38 0 0 
56 112 83 10 -0.851966 52 103 75 23 1.08828 83 121 99 112 1.79427 199 228 213 142 2.98681 217 248 241 194 -2.54221 93 136 139 64 -2.14587 16 82 93 56 1.44644 47 139 158 47 -2.47682 0 111 134 11 -0.0906599 0 110 136 77 1.11864 66 179 206 99 -2.20625 0 99 121 71 1.27126 95 165 182 88 1.24905 200 249 255 37 3.08759 220 251 252 33 -2.37747 204 231 222 108 -2.34966 123 157 140 124 -2.40162 36 76 51 20 -1.81578 17 56 31 7 0.694738 21 62 35 0 0 
65 119 89 5 -2.2143 63 115 85 15 -1.8314 51 99 71 15 -0.404892 51 90 68 15 0.132552 56 90 73 27 0.628796 65 104 96 20 -2.52693 37 91 92 103 0.115982 30 103 111 19 1.41419 29 123 136 43 0.524796 42 144 162 24 -1.86624 26 120 139 7 3.14159 41 119 135 95 0.904239 142 193 203 53 0.363147 179 211 216 23 0.694738 208 227 224 77 -1.31019 135 155 143 107 -2.08878 31 67 45 5 0.643501 29 73 44 12 -0.785398 22 63 35 15 0.321751 25 69 38 0 0 
60 117 86 5 -1.03038 55 112 79 7 2.7367 60 115 82 7 -2.44685 59 109 79 9 1.68145 71 116 89 23 -1.5708 46 92 70 109 1.40565 147 197 187 184 -2.64398 49 108 104 60 2.03444 88 161 165 95 -0.242447 62 137 146 105 -0.219697 44 113 123 99 0.728317 121 177 188 130 2.60909 205 243 247 19 -0.714091 206 230 228 31 0.561922 232 249 240 148 -1.52353 82 104 86 37 -1.29985 35 72 46 15 0.551655 36 83 51 3 -2.1588 35 80 47 10 -1.0637 24 72 36 0 0 
60 121 87 17 -2.06075 45 107 71 5 0.785398 50 111 73 5 0 50 111 73 12 0.96007 59 121 85 5 -1.76819 54 114 83 72 -1.5708 0 40 16 61 0.865685 30 83 69 175 1.45636 208 253 250 15 -1.01914 197 238 241 54 -1.25483 148 184 192 123 -1.34156 32 64 69 193 1.53972 228 255 255 124 -3.13353 231 255 251 40 -3.06673 233 255 243 145 -1.65337 87 117 92 40 -2.19959 45 88 55 7 -1.4289 32 83 46 5 0.785398 38 87 49 11 -1.66146 25 76 38 0 0 
48 115 78 5 -2.60117 45 112 73 5 1.5708 50 118 77 2 1.10715 50 120 79 4 0.463648 51 122 82 4 -1.10715 47 117 81 32 -1.60204 18 82 53 36 0.823841 52 105 85 162 1.60165 223 255 252 147 -3.11439 224 255 252 42 -1.83292 185 213 213 176 -2.2075 43 73 68 65 1.2925 104 138 127 95 2.08604 187 223 206 136 2.95715 216 251 225 228 -2.38405 57 95 65 8 -1.92957 44 90 54 8 -0.463648 36 87 49 5 -0.197396 35 86 48 8 -1.92957 27 79 39 0 0 
38 111 71 4 0.463648 38 114 73 7 0.982794 44 120 79 5 1.03038 47 124 86 2 0 47 124 87 7 -1.4289 40 115 83 6 -1.40565 36 107 80 3 -1.5708 38 102 80 20 1.62075 64 119 102 133 1.73594 201 250 236 214 -2.46176 68 115 99 25 -2.3007 52 96 79 2 -2.35619 50 96 73 7 -2.55359 48 94 65 8 -1.05165 41 88 55 8 0.785398 47 95 59 8 0.358771 48 99 62 7 -1.4289 41 92 55 9 -1.46014 32 83 46 5 -1.3734 27 78 40 0 0 
38 117 74 2 0.785398 39 119 76 5 1.03038 42 123 84 5 0.927295 46 126 89 2 -0.463648 45 125 90 7 -1.2925 38 116 85 7 -1.2925 33 108 80 4 -1.10715 32 103 77 2 -0.463648 36 99 79 13 -1.41815 27 86 65 22 0.722979 45 101 80 4 -1.32582 45 97 73 8 -0.785398 41 93 63 13 0.463648 49 100 66 7 -0.694738 44 97 58 13 0.628796 52 105 65 8 -2.62245 49 100 63 7 -1.5708 42 93 56 9 -1.5708 33 84 47 6 -1.5708 27 78 41 0 0 
39 119 76 3 1.89255 40 122 79 5 1.5708 45 126 87 3 1.5708 46 129 91 1 -0.785398 45 127 92 7 -1.4289 40 118 87 7 -1.1659 35 110 82 5 -0.927295 34 105 79 3 -0.321751 38 101 81 2 2.35619 44 103 82 4 -2.89661 46 102 81 10 3.04192 51 103 79 0 0 53 105 75 18 3.14159 55 106 72 3 3.14159 55 108 69 13 -2.30361 45 98 58 8 0.358771 49 100 63 7 -1.5708 42 93 56 9 -1.68145 33 84 47 5 -1.5708 28 79 42 0 0 
36 118 75 0 0 40 122 79 0 0 43 126 87 0 0 47 130 92 0 0 46 128 93 0 0 41 121 90 0 0 38 113 85 0 0 35 108 82 0 0 36 99 79 0 0 40 99 78 0 0 36 92 71 0 0 51 103 79 0 0 35 87 57 0 0 52 103 69 0 0 46 99 60 0 0 53 106 66 0 0 49 100 63 0 0 41 92 55 0 0 33 84 47 0 0 27 78 41 0 0 
