255 254 235 6 1.40565 255 255 245 9 -1.98902 250 246 245 9 0.86217 253 252 255 9 -1.5708 244 241 250 12 0.499347 252 248 253 5 1.3734 255 255 252 9 -2.92292 255 255 247 1 1.5708 249 255 248 12 -1.99742 229 247 240 16 0.785398 230 255 255 17 -2.78282 222 250 255 38 -2.7367 213 235 241 23 0.93577 242 254 255 2 1.5708 255 255 252 9 -1.5708 255 248 238 9 1.0122 255 255 246 3 -2.55359 250 255 242 4 -0.785398 249 254 239 6 0.165149 250 255 240 0 0 
255 253 240 1 1.5708 255 253 245 3 0.321751 252 251 253 3 0.321751 249 251 255 17 3.02448 251 253 255 7 -2.55359 249 249 255 6 -0.896055 248 246 246 7 1.97569 253 254 252 4 -1.10715 240 251 249 7 0.876058 237 255 255 53 -2.83759 211 238 252 80 -2.82765 184 212 229 66 2.60376 225 246 255 10 2.63449 241 252 255 8 2.89661 255 255 254 5 -2.2143 255 253 244 8 3.14159 251 255 244 5 0.927295 253 255 248 0 0 253 255 248 5 -2.76109 251 255 246 0 0 
254 249 250 4 1.5708 254 253 255 9 3.03094 248 254 255 20 -1.92379 227 233 244 16 0.915101 238 247 255 7 2.1588 246 253 255 18 -2.43297 236 242 247 43 2.86329 246 254 255 13 -3.06482 238 251 255 59 -2.14011 179 199 224 85 -2.6311 128 154 190 51 -3.04387 120 149 186 89 1.99466 209 233 255 52 3.02672 226 241 255 13 2.57486 248 252 253 9 -1.24905 245 245 239 16 0.741947 252 255 251 4 2.89661 251 255 254 5 -1.76819 246 252 247 7 -1.2925 239 245 240 0 0 
246 246 255 5 -1.76819 238 242 253 23 3.01189 234 245 255 37 -3.08759 228 243 255 9 -0.110657 226 243 255 7 -0.588003 223 239 252 41 -1.86225 185 198 212 72 2.54214 224 238 255 66 -2.8342 197 213 249 93 -1.5923 97 117 164 18 -1.84174 68 97 154 9 1.89255 76 106 165 67 1.71896 150 176 223 54 2.09223 206 227 255 21 1.80454 243 253 255 33 3.14159 250 255 255 36 -3.00359 245 249 254 10 2.76109 247 253 255 10 -2.9442 247 251 255 5 -1.19029 242 247 250 0 0 
240 243 255 27 -1.60782 208 217 237 11 -1.83705 190 207 228 61 2.3447 228 251 255 53 -3.06626 223 248 255 41 -2.58043 201 225 247 89 -1.37997 114 135 162 38 1.46592 151 170 207 76 2.57886 186 205 255 101 -1.90189 83 105 176 16 -1.75614 58 86 170 2 1.5708 59 89 172 51 1.35425 112 144 210 69 1.54182 192 218 255 51 -3.00519 201 218 239 71 -3.09936 205 217 227 23 2.01522 229 236 251 15 0.260602 235 239 255 12 2.18152 245 251 255 17 3.08284 246 252 255 0 0 
234 241 255 29 -1.53633 200 213 239 52 -1.30289 140 162 190 36 1.936 167 197 226 71 2.9442 177 211 241 71 2.70918 207 239 255 103 -1.7947 110 135 177 39 -0.892134 77 101 155 74 1.74703 144 168 240 105 -2.46388 73 97 185 25 -2.60788 51 81 182 15 1.01914 61 96 194 42 1.33156 107 141 224 28 2.53379 132 163 224 70 -2.74789 119 144 176 58 1.53633 188 205 226 59 0.89341 241 248 255 26 -2.38321 225 230 255 34 3.14159 225 232 252 28 2.85354 233 240 255 0 0 
231 244 255 16 -1.38545 210 227 253 78 -1.53235 121 148 182 25 -1.08991 89 125 163 21 2.05527 103 142 186 81 2.05642 175 212 255 87 -2.4866 126 156 215 70 -1.77098 55 84 153 23 0.172191 55 82 168 13 -0.463648 44 73 172 26 0.704494 52 87 197 16 1.19029 65 103 211 23 2.79282 79 115 209 35 -2.31622 60 95 168 40 1.42191 114 142 189 103 1.11146 218 238 255 52 -2.9516 217 227 255 99 -2.80397 189 194 225 69 3.04049 196 203 230 34 2.27305 222 229 254 0 0 
234 250 255 16 -1.50838 211 232 253 69 -1.52735 130 160 195 51 -1.08084 76 112 160 10 -2.07789 60 100 158 41 1.3781 99 139 204 34 3.08284 105 137 212 52 -2.47886 73 103 186 7 -1.2925 62 93 186 5 2.76109 59 92 195 13 2.91479 55 93 205 13 -1.5708 40 81 190 18 0.321751 49 91 188 5 0.927295 62 99 181 80 1.64566 155 184 245 49 -3.0399 160 182 230 92 -2.54762 121 131 171 48 -2.97644 118 124 159 55 1.33455 174 179 210 80 0.882438 236 242 255 0 0 
237 254 255 16 -2.14213 214 238 250 50 -1.26791 154 184 219 85 -1.0444 67 105 159 55 0.0725995 64 104 176 19 -0.0525831 60 100 182 7 -2.35619 58 93 179 11 1.30454 71 102 193 36 -0.390607 54 88 182 55 -0.108661 44 81 179 16 1.44644 53 96 199 10 2.63449 56 101 204 17 -0.54042 51 94 191 15 -0.321751 55 91 179 38 1.88442 102 131 206 48 -2.39965 82 101 162 29 -2.23484 71 82 126 53 1.45807 129 138 172 93 1.38807 223 231 255 7 1.5708 230 239 255 0 0 
230 248 241 14 0.737815 233 255 255 34 -2.52134 197 228 255 87 -2.35619 122 159 215 51 -2.46685 80 122 199 31 -2.22067 53 93 182 6 0.463648 60 94 187 42 1.6421 102 136 229 13 2.57486 109 144 234 65 -1.11395 46 85 177 17 0.286051 44 90 185 40 0.80294 71 119 215 30 -0.30092 66 110 205 35 -1.10715 41 78 168 13 1.20362 64 93 174 16 -2.00742 62 81 148 16 0.0624188 75 88 134 78 0.957976 146 155 188 88 1.011 223 232 255 11 0.785398 231 241 255 0 0 
244 255 248 30 -1.90286 207 228 229 59 -1.15257 137 166 197 64 -0.665103 82 119 175 48 -0.229904 61 102 181 7 0 57 98 190 7 -2.1588 55 92 184 34 1.68791 91 126 216 47 1.54952 138 175 255 86 -2.18435 63 105 188 23 2.38649 74 121 207 31 1.86225 102 150 238 40 -2.56729 83 127 216 56 -2.28133 48 84 172 2 2.67795 57 85 169 9 2.1294 78 97 165 31 1.92224 122 134 176 70 1.20871 195 204 231 43 0.963809 233 241 255 6 -0.321751 231 240 255 0 0 
238 251 237 7 0.694738 234 252 251 27 -1.38769 189 217 247 49 -1.10715 129 167 221 71 -0.795299 68 110 185 85 -0.128697 53 96 183 91 -0.0658388 49 90 175 53 0.811708 90 130 213 35 -3.0278 88 127 205 39 -1.80335 48 90 167 26 1.10715 66 113 194 10 2.63449 70 118 200 40 -2.47839 48 92 176 16 -2.62245 46 83 167 24 -0.0831412 52 81 162 22 0.0906599 67 87 152 67 1.39094 149 160 198 66 1.45017 222 230 253 18 1.91009 239 249 255 7 -2.44685 234 244 255 0 0 
249 254 245 8 2.67795 243 255 255 18 -2.55359 213 240 255 30 -2.58994 181 219 255 47 -2.79998 153 199 255 38 -3.01077 142 191 255 62 -1.84689 86 131 205 36 -1.14417 57 98 171 30 0.80865 80 120 192 33 -2.61138 62 103 176 5 2.60117 61 104 183 22 -2.19628 41 86 167 9 -0.86217 36 79 160 47 0.681298 71 109 187 58 -0.0688565 76 105 179 89 -0.0896467 81 101 158 141 0.454154 159 170 200 76 0.748378 218 226 243 24 0.785398 235 244 255 8 1.81578 243 253 255 0 0 
245 243 242 12 -0.244979 231 239 246 22 -1.97569 189 214 240 40 -2.08994 138 176 218 42 -2.9305 115 165 218 53 2.83759 125 179 240 65 -2.69849 101 150 212 38 -2.35619 78 122 186 28 -1.67753 51 93 158 40 0.173246 58 98 170 46 -0.108271 50 91 170 13 0.0767719 49 92 173 25 1.21203 75 116 195 51 1.64907 129 168 242 49 2.55924 165 197 255 56 2.58299 208 231 255 28 -2.81984 216 228 252 24 0.554308 236 245 255 8 -0.244979 234 243 252 11 1.03038 244 254 255 0 0 
255 253 255 24 -1.61244 224 228 239 34 -1.18491 171 195 219 79 -0.803253 96 136 171 82 -0.218669 64 117 160 81 0.0984462 66 124 173 44 0.0906599 74 127 178 24 -0.124355 75 122 176 21 0.785398 93 134 197 59 0.220494 106 144 216 62 -0.659629 65 103 185 12 -0.244979 60 99 184 11 1.22203 71 112 191 14 1.4289 90 128 200 32 2.4859 119 152 208 76 2.41169 181 207 247 84 2.66207 237 251 255 61 3.14159 246 254 255 24 -2.97644 242 251 255 2 0.785398 244 253 255 0 0 
254 252 255 10 -1.67046 237 241 252 12 0.896055 231 251 255 31 -1.66727 186 220 244 33 -0.571337 157 201 232 54 -0.562498 123 171 205 68 -0.234416 110 155 189 67 -0.179853 100 141 180 85 0.744099 162 195 244 34 0.117109 166 196 253 75 -1.47773 89 118 185 60 -0.184324 76 107 176 65 0.137587 87 117 182 76 -0.184543 75 106 161 73 -0.14956 71 98 142 111 0.30181 113 135 163 102 0.542089 180 192 204 60 0.656702 224 230 235 26 1.00407 248 253 255 3 2.81984 249 254 255 0 0 
244 253 255 1 -1.5708 240 252 255 2 -0.463648 235 251 255 2 0 230 250 255 3 0 226 249 255 8 -1.10715 216 241 255 20 -0.956133 201 223 241 27 -0.577902 186 207 228 42 0.752077 217 234 255 25 -1.16067 194 211 238 39 -0.623199 171 186 218 45 -0.110657 164 181 214 53 0.363147 185 200 232 47 -0.341615 171 185 213 52 0.429762 195 209 232 40 0.375961 215 225 242 29 0.463648 235 241 248 7 0.404892 243 245 246 7 0.694738 248 250 251 5 0.927295 252 254 254 0 0 
241 255 254 1 0.785398 242 255 255 1 -1.5708 241 254 255 1 0.785398 242 254 255 1 2.35619 244 255 255 2 3.14159 243 255 255 6 -1.5708 238 247 255 9 -0.86217 231 240 250 15 0.551655 239 248 255 23 -3.09814 238 246 255 10 -1.67046 228 236 249 10 0 228 236 249 18 0.86217 242 250 255 13 -1.41815 229 237 250 15 0.876058 243 249 255 3 1.24905 248 253 255 8 -2.35619 247 248 252 6 0.321751 251 251 251 4 0.463648 253 253 253 2 0.785398 255 255 255 0 0 
243 255 254 1 3.14159 243 255 255 0 0 243 255 255 1 -1.5708 242 254 255 1 3.14159 244 253 255 2 2.35619 244 255 255 5 3.14159 246 254 255 5 3.14159 246 253 255 28 -1.74751 218 225 234 21 1.66575 239 245 255 6 0.165149 240 246 255 4 0.463648 242 248 255 5 0.785398 246 252 255 5 -1.9513 241 247 255 5 0.643501 246 250 255 4 -1.10715 244 247 255 6 1.10715 253 255 255 0 0 255 255 255 0 0 255 255 255 0 0 255 255 255 0 0 
244 255 253 0 0 245 255 254 0 0 245 255 255 0 0 243 253 253 0 0 242 251 254 0 0 241 250 253 0 0 241 249 255 0 0 241 249 255 0 0 218 223 232 0 0 247 252 255 0 0 246 251 255 0 0 248 253 255 0 0 246 251 255 0 0 247 252 255 0 0 248 253 255 0 0 247 250 255 0 0 253 255 255 0 0 255 255 255 0 0 255 255 255 0 0 255 255 255 0 0 
