255 255 247 5 -2.60117 255 254 245 3 2.1588 255 255 252 1 -2.35619 250 255 254 4 -1.32582 243 251 251 5 0.54042 246 254 254 2 1.10715 253 255 254 2 -1.5708 253 254 250 2 2.03444 255 255 251 8 -2.03444 245 249 244 11 0.785398 248 255 255 7 -2.55359 240 251 255 5 0.785398 243 254 255 15 3.14159 241 253 255 25 -3.10161 243 251 255 13 -2.91479 242 249 255 4 2.03444 253 253 255 5 -2.35619 251 251 251 4 0 251 252 248 4 0.463648 253 255 249 0 0 
255 250 246 5 0 255 250 247 5 0.927295 254 254 254 1 0.785398 250 255 255 8 3.14159 246 255 255 1 -1.5708 245 254 255 1 1.5708 250 255 255 10 -2.85014 247 254 251 3 -0.321751 246 253 250 5 0.785398 246 255 255 6 -1.89255 235 249 255 6 1.10715 239 254 255 20 -2.32173 222 238 251 70 -2.9997 212 227 243 145 3.06588 227 237 254 64 3.01724 240 246 255 3 0.588003 247 250 255 4 1.10715 255 254 255 3 3.14159 255 255 254 4 -2.89661 254 255 251 0 0 
255 253 255 5 -2.76109 253 252 255 2 0.785398 248 254 255 12 -2.46685 236 246 253 11 0.785398 241 255 255 9 -3.03094 240 255 255 17 -2.60117 231 246 248 14 0.785398 241 255 255 7 3.14159 237 255 255 29 -3.07274 232 253 255 49 -3.12119 225 249 255 66 -2.97644 211 238 255 156 -2.67225 142 166 190 136 -2.47028 60 80 105 92 1.64674 158 172 194 95 0.904239 240 248 255 3 2.81984 249 250 255 2 -2.67795 252 251 255 2 -0.463648 251 250 252 4 0.463648 251 253 253 0 0 
250 249 251 6 0.896055 251 254 255 10 -1.9513 234 243 252 14 0.785398 237 253 255 9 -1.68145 223 244 255 8 -0.950547 212 237 253 68 2.90718 225 253 255 33 -2.93257 214 246 255 160 -3.0041 189 222 248 129 -2.97138 161 199 231 63 -2.85465 140 179 217 101 -2.1451 57 94 132 38 -1.5708 24 56 91 38 0.404892 48 72 100 166 1.24147 215 232 253 19 0.714091 237 246 255 5 0.380506 247 249 255 5 0.643501 252 253 255 2 2.67795 251 255 255 11 -1.66146 240 244 245 0 0 
255 255 246 3 -1.24905 247 254 247 4 1.10715 243 255 255 2 -2.67795 231 252 255 10 -2.85014 216 246 255 138 -2.53559 128 165 203 58 2.11122 169 213 255 190 -2.36735 29 79 132 60 0.14889 31 86 147 97 0.482079 72 130 195 19 -2.46685 60 118 184 37 -0.938047 37 89 149 38 -0.078784 48 89 134 80 0.435877 97 127 156 162 0.820167 232 250 255 4 2.35619 245 254 255 3 2.81984 248 255 255 8 -2.78282 247 252 253 2 2.35619 247 255 255 10 3.04192 246 255 255 0 0 
253 255 245 2 -2.03444 246 255 249 1 0 234 253 255 10 -2.07789 210 241 255 130 -2.17585 89 130 169 37 3.00727 82 132 185 57 -1.76476 15 73 138 88 0.793398 69 134 208 41 1.00963 97 168 248 58 -1.8491 39 111 195 52 0.497822 66 136 220 14 -1.4289 61 124 198 62 0.534955 111 160 216 75 1.89255 199 237 255 145 3.10712 221 246 255 7 0.404892 233 252 255 9 -2.72337 231 247 254 3 1.5708 234 250 255 81 -3.06765 226 245 250 113 3.07972 233 252 255 0 0 
242 255 251 1 3.14159 235 255 255 6 -1.40565 216 246 255 103 -2.28781 124 164 199 93 -2.29566 40 90 143 53 0.624635 58 118 184 42 0.411065 66 134 207 25 1.08991 82 155 235 6 -0.463648 74 151 238 37 2.98083 78 155 247 23 -0.970746 61 136 228 47 0.93577 106 176 255 50 -2.0169 74 133 202 62 -0.898549 40 88 140 158 1.43783 212 250 255 100 -3.01232 207 240 255 42 3.0231 212 245 255 141 -2.55751 135 167 186 78 -2.63819 99 129 146 113 1.84788 208 238 255 0 0 
232 254 255 8 2.89661 227 254 255 103 -2.3288 137 175 207 149 -2.63904 50 99 147 42 0.969723 70 131 195 29 1.18392 87 156 229 10 -1.86225 70 146 222 22 2.25972 81 163 241 47 -1.29537 32 116 198 57 1.7989 88 171 255 15 -0.260602 86 165 255 33 -2.77226 79 153 241 30 2.63449 104 170 249 82 -2.19246 48 106 172 44 0.945311 97 146 196 60 2.29744 150 193 232 111 -2.45145 85 124 156 29 -1.5708 59 96 122 54 0 63 97 121 198 0.835357 212 245 255 0 0 
218 241 255 61 -1.40831 149 178 209 209 -2.44074 0 39 88 149 0.589861 65 119 182 25 1.03709 71 141 211 17 0.868539 75 154 227 38 -0.580756 49 135 205 56 0.885067 91 180 247 73 -1.74943 19 108 175 85 1.39409 103 191 255 50 -1.3734 55 137 218 29 -2.86329 52 127 213 10 -2.55359 51 120 207 19 0.370891 65 128 209 31 -1.8314 44 99 172 16 -0.0624188 54 102 160 21 0.753151 83 122 161 57 0.448145 117 149 178 116 0.742999 201 229 253 20 0.996491 222 247 255 0 0 
225 249 255 231 -1.60974 0 17 53 164 1.1316 116 161 218 59 -2.65556 71 131 201 37 2.58299 75 150 228 40 0.996491 100 185 255 28 -2.50508 79 172 241 17 -0.286051 74 169 232 66 -2.41994 34 125 186 79 1.49499 115 202 255 88 -1.65017 28 110 187 25 0.446106 43 119 202 38 0.580756 67 137 228 33 -2.52839 54 117 207 6 -1.89255 53 113 195 2 -2.67795 63 116 183 57 1.0839 130 172 217 130 2.67107 201 235 255 161 3.11675 212 239 255 72 2.98999 227 251 255 0 0 
216 243 255 152 -1.51165 55 87 122 97 0.269849 62 108 166 15 -0.463648 37 98 172 74 1.42323 93 170 255 39 -2.85982 73 161 245 25 2.0169 93 188 255 81 -2.05642 22 118 184 13 2.03444 40 131 192 66 1.5708 109 196 255 74 -2.25181 55 133 209 20 1.76819 78 151 233 45 -2.1527 44 110 199 7 0.876058 52 116 204 7 -0.982794 51 112 192 30 1.19646 86 144 210 92 -1.50567 8 56 104 69 0.203045 33 73 108 129 0.80179 135 167 196 111 0.835988 221 251 255 0 0 
220 253 255 67 -1.71896 144 183 215 58 -1.97345 72 122 180 20 -2.63449 46 108 184 30 2.16797 57 131 219 19 0.968509 64 149 235 21 -2.95337 60 148 224 45 -2.05424 22 111 178 18 1.5153 45 130 192 45 2.70764 68 148 213 43 -2.79086 56 128 205 12 -3.05845 57 125 208 8 -1.32582 51 116 201 5 1.03038 57 122 203 13 3.06482 60 125 199 41 0.58138 92 152 211 36 -2.1588 78 126 168 64 0.59666 126 164 194 110 0.785398 212 243 255 5 0.54042 220 247 255 0 0 
201 244 255 80 -1.5708 114 161 192 60 -2.20443 50 105 162 14 -0.68573 31 92 166 53 1.5708 73 142 229 39 -2.72337 52 127 213 21 -2.95337 51 126 200 20 -1.0637 35 111 177 40 -2.49809 16 87 150 19 1.77829 37 105 170 38 2.7707 51 116 191 61 2.92822 62 127 208 21 -2.80492 54 120 201 25 -0.446106 43 111 186 55 1.09902 93 164 227 32 -1.53956 74 136 182 43 1.45504 138 182 211 71 1.01367 215 245 255 7 0.694738 227 251 255 2 -1.5708 229 249 255 0 0 
197 246 255 116 -1.55356 76 126 154 19 -3.03672 63 117 172 46 -2.69717 33 92 164 20 0.996491 42 106 190 16 -3.07917 38 106 189 29 1.98902 67 136 209 63 -1.92224 8 79 143 41 0.0972532 16 83 146 62 -0.209974 3 68 136 95 -0.104877 0 55 133 87 0.648057 44 107 188 48 2.31274 80 144 222 9 -1.15257 73 138 206 39 0.678662 100 169 219 28 -1.74751 86 144 179 85 1.09668 187 223 241 38 0.83989 232 253 255 2 -2.67795 238 252 255 4 0.785398 244 255 255 0 0 
204 248 255 137 -1.53432 62 108 132 80 -0.317798 27 75 127 33 1.75065 49 104 173 35 -2.85554 30 91 171 24 3.01724 29 94 175 23 2.3259 45 115 185 3 0.982794 48 119 186 45 0.551655 72 144 208 39 0.566729 93 163 233 38 -1.11864 58 124 205 67 -0.827041 9 74 155 103 0.778596 88 149 223 24 2.32763 111 171 231 20 -2.56729 107 166 205 16 1.44644 139 186 208 89 0.785398 227 250 255 1 0.785398 242 251 254 5 0.785398 251 255 255 7 -2.26553 247 249 250 0 0 
220 252 255 66 -1.60109 149 183 206 123 -1.04563 29 71 114 20 2.89661 24 71 132 37 0 13 69 140 33 0.331096 17 80 154 37 1.21516 48 117 186 41 1.34948 85 159 225 19 1.15257 105 177 241 13 2.77442 110 181 248 41 -2.99628 107 173 244 74 -2.84112 92 151 221 20 -2.03444 83 135 195 62 0.291457 112 156 203 15 0.551655 129 169 197 109 0.778947 220 249 255 2 0.463648 239 251 255 5 0.785398 253 255 255 5 -1.5708 252 250 250 7 0.785398 255 255 255 0 0 
234 249 255 2 -1.10715 227 245 255 189 -1.53378 25 53 84 138 0.463648 73 112 156 55 -3.05093 54 105 161 18 -2.70175 34 96 160 31 1.37961 57 128 192 39 1.49402 93 167 231 51 -3.08284 92 165 225 24 -1.94378 74 143 200 56 -0.697021 49 108 158 78 0.538222 101 148 192 111 0.475695 166 201 235 52 -0.582739 150 174 198 106 0.758738 233 248 255 2 0.463648 241 251 255 3 1.89255 251 254 255 0 0 255 255 255 0 0 255 255 255 0 0 255 255 255 0 0 
246 250 255 5 0.927295 244 253 255 72 -1.5708 162 180 197 136 -1.02536 34 61 88 184 0.17937 53 92 130 153 0.0977269 57 106 150 134 0.209023 78 134 183 85 -0.176709 61 119 168 129 0.304721 104 159 204 89 0.328793 138 190 227 59 -0.204018 137 179 208 100 0.799482 221 252 255 5 -2.35619 230 249 255 4 2.03444 244 253 255 4 -2.67795 249 252 255 2 -0.785398 251 250 252 5 0.785398 255 255 255 0 0 255 255 255 0 0 255 255 255 0 0 255 255 255 0 0 
250 255 251 6 2.97644 248 255 255 1 -1.5708 243 254 255 6 -1.40565 232 247 255 5 0.927295 231 249 255 6 -1.5708 221 242 255 20 -1.3734 199 222 244 38 0.711459 224 248 255 3 0 228 249 255 4 0.463648 234 253 255 7 3.14159 239 254 255 2 -0.785398 240 252 252 2 -1.10715 244 250 249 6 0.321751 249 253 248 5 0.785398 255 255 252 4 3.14159 255 255 252 0 0 255 255 254 0 0 255 255 255 0 0 255 255 255 0 0 255 255 255 0 0 
244 252 242 0 0 250 255 251 0 0 250 255 254 0 0 244 252 252 0 0 243 251 255 0 0 241 248 255 0 0 248 254 255 0 0 249 253 255 0 0 251 255 255 0 0 244 248 243 0 0 255 255 249 0 0 254 255 245 0 0 255 255 248 0 0 255 255 248 0 0 255 253 245 0 0 255 255 251 0 0 255 255 254 0 0 255 255 255 0 0 255 255 255 0 0 255 255 255 0 0 
