245 253 255 2 3.14159 247 253 255 3 -2.1588 251 249 255 4 0.244979 255 250 255 6 -1.24905 251 244 249 12 0.785398 255 253 255 3 3.14159 255 254 255 15 -3.00904 255 253 253 74 -3.12808 255 252 251 131 3.1187 255 255 254 161 -3.12917 255 251 253 164 -3.11721 255 247 249 108 3.08609 255 253 255 67 -3.08196 251 250 254 5 0.785398 250 254 255 3 -2.55359 246 253 255 2 1.10715 253 255 255 2 -1.5708 253 253 253 7 2.86329 255 255 255 0 0 255 255 255 0 0 
245 251 255 3 0 247 251 255 4 2.35619 255 253 255 4 -2.89661 255 252 255 6 2.97644 255 253 255 3 -2.1588 255 251 252 118 -3.04025 247 239 239 220 -2.86142 186 179 176 155 -2.75869 132 120 118 52 -2.60117 106 93 91 38 -3.01077 105 87 88 52 1.66666 157 139 140 92 2.61041 200 186 188 159 2.70875 255 253 255 210 -3.12731 250 251 255 69 3.11262 249 254 255 2 2.67795 253 255 255 12 -2.29744 246 246 246 12 0.785398 255 255 255 4 -2.89661 254 254 254 0 0 
250 254 255 6 -1.5708 245 248 252 2 0.785398 251 250 252 5 -0.643501 253 247 248 7 2.35619 255 252 252 213 -2.54969 145 134 130 145 -2.32206 40 28 22 72 0.0969176 51 35 28 47 1.04121 99 75 69 20 -1.3734 84 54 49 67 0.430327 116 81 78 29 -2.26124 93 57 57 28 -2.45586 68 40 40 46 0.0434509 59 43 44 144 1.27536 187 182 183 179 2.74766 250 252 252 130 -3.10315 247 247 247 10 0.851966 255 255 255 4 -1.81578 251 251 251 5 0.785398 255 255 255 0 0 
251 254 255 7 -2.55359 249 251 252 5 0.785398 255 254 255 15 -2.2143 252 243 240 241 -2.37958 90 75 72 49 -2.16997 54 35 28 91 0.79315 127 100 90 67 -2.48317 93 58 48 101 0.209023 123 77 69 101 0.374992 167 112 107 72 -0.795107 118 60 55 94 -0.2783 89 34 31 80 0.670857 128 85 82 16 -3.01724 114 85 81 98 -2.349 28 17 13 133 0.90189 124 123 119 159 2.16922 254 254 254 131 3.14159 254 254 254 7 2.9997 255 255 255 3 -2.1588 252 252 252 0 0 
247 249 250 8 0.785398 255 255 255 10 -2.07789 253 246 243 208 -2.11616 82 67 64 37 -2.58299 73 47 40 60 0.996491 134 98 88 82 -2.45928 93 45 33 117 1.22492 215 155 143 22 0.785398 243 168 159 12 -2.64225 244 161 153 18 -2.43297 236 148 142 54 -1.71787 173 95 89 34 -1.0153 130 67 63 60 -1.1292 55 15 10 94 1.05034 118 100 93 101 -2.40511 37 33 28 109 0.980262 125 123 122 161 2.2687 247 247 247 60 3.04192 253 253 253 2 0.785398 255 255 255 0 0 
253 255 255 9 -2.58299 252 250 249 112 -1.52618 149 137 135 147 -2.38011 59 35 29 79 0.605545 116 79 71 65 -2.35619 85 33 21 62 0.978369 153 82 72 93 1.19824 254 168 156 17 -2.47562 255 154 145 12 -2.35619 253 144 136 38 -2.98499 247 137 131 55 -2.61352 209 111 105 27 -2.27942 168 92 86 37 -1.98629 113 61 54 52 -0.866302 50 24 17 80 1.00693 102 94 87 95 -2.26019 23 19 18 180 1.20163 187 187 187 137 2.62245 255 255 255 2 3.14159 255 255 255 0 0 
243 248 247 10 0.927295 255 255 254 235 -1.88987 47 30 27 70 1.55651 131 99 94 70 -1.91957 85 31 24 37 1.2405 137 65 55 61 0.969342 204 113 104 42 1.98186 255 151 140 18 -2.8023 255 142 134 63 -2.50124 233 103 96 39 -2.72337 213 87 82 42 3.09401 203 91 85 61 -2.84548 162 76 70 30 2.61831 154 94 88 38 -2.20912 98 66 60 46 -0.876058 44 32 26 56 1.18698 88 84 83 20 -2.25311 68 68 68 186 1.69981 253 253 253 54 -3.08609 250 250 250 0 0 
248 254 253 72 -1.54303 183 181 180 155 -1.87024 50 31 28 50 1.0983 112 74 70 36 -2.1588 102 42 36 59 1.33395 179 98 91 6 -2.97644 194 95 87 42 1.15973 248 133 123 90 -2.6829 218 91 83 41 -2.54683 199 67 60 27 -0.942 173 45 40 93 -0.161621 146 31 28 22 0.722979 138 49 45 36 2.6292 133 70 66 22 1.48014 132 96 90 46 -1.8314 69 53 47 29 0.664046 76 71 70 27 -1.64474 44 44 44 155 1.59015 199 199 199 72 2.29744 253 253 253 0 0 
248 255 255 120 -1.62075 137 135 135 84 -1.89629 73 53 52 17 3.02448 92 53 51 7 2.55359 116 55 51 38 1.49201 172 91 86 25 2.07014 208 112 106 60 -1.35392 159 52 45 33 2.93257 174 57 52 29 1.98902 202 84 79 61 2.07789 253 138 135 106 -2.13537 152 49 47 34 -1.48279 100 17 16 52 1.64757 135 71 71 12 2.41495 123 82 80 10 -1.5708 97 74 72 12 -2.53087 76 68 68 30 -2.00547 41 41 41 111 1.38216 151 151 151 102 1.67822 253 253 253 0 0 
244 249 250 141 -1.52827 110 108 108 70 -1.41493 54 36 35 13 1.72345 83 47 47 19 2.39321 114 58 57 23 1.39861 149 80 77 47 1.63454 207 126 121 105 -1.56127 109 21 15 28 1.6065 142 48 43 9 1.89255 153 56 52 27 1.75391 180 82 82 49 -2.4859 141 53 53 41 -1.69215 89 12 15 47 1.67678 122 61 65 21 0.91795 125 80 83 22 -1.10715 89 62 65 10 -1.3734 63 55 56 8 0.785398 62 62 62 79 1.76078 140 140 140 109 1.73594 248 248 248 0 0 
251 255 255 136 -1.64419 121 119 119 96 -1.02861 48 34 35 20 3.09163 62 34 34 31 1.44247 103 64 62 25 2.46685 127 79 77 51 1.4152 185 130 125 109 -1.76459 81 23 18 58 0.463648 112 48 44 39 2.964 121 54 53 25 -2.8578 118 45 47 6 2.46685 118 49 52 55 -2.31824 74 7 14 72 1.11332 130 73 81 39 0.361729 135 88 96 31 -2.03444 93 62 69 13 -2.67795 71 60 62 16 -1.9513 47 47 47 75 1.45137 122 122 122 136 1.3418 255 255 255 0 0 
241 245 246 76 -1.43997 171 169 169 163 -1.21418 25 15 15 29 1.03038 57 39 38 9 0.785398 71 46 44 44 1.68395 119 90 86 37 2.50884 144 111 108 51 -2.42458 114 76 74 96 -0.741309 54 10 9 94 0.234723 80 31 33 17 0.74542 99 41 46 29 -1.67388 71 11 19 79 0.373497 99 39 50 110 0.683191 165 109 122 44 -2.16501 121 72 86 27 -1.20362 83 49 59 8 3.14159 65 54 57 12 0 56 56 56 98 1.76422 153 153 153 121 0.985082 254 254 254 0 0 
253 255 255 29 -1.5708 226 227 225 196 -1.45845 36 31 30 44 0.393058 57 47 47 13 -2.7468 54 42 40 19 1.67567 74 61 59 15 2.17634 91 73 72 76 1.55764 170 149 148 94 -2.65908 134 103 106 57 -1.53572 84 43 50 84 -0.0475831 90 37 47 102 0.489957 142 83 97 45 1.11695 183 124 139 46 -2.06328 138 83 100 13 -0.152649 129 81 99 51 -2.12118 73 40 54 20 1.32582 77 66 69 41 -2.28734 37 37 37 187 1.3556 220 220 220 43 0.753151 250 250 250 0 0 
253 255 254 10 -2.42276 248 249 247 176 -1.53104 74 72 71 165 -0.218669 40 36 35 29 2.97086 45 41 40 14 2.1588 58 53 52 23 1.61425 85 74 76 20 -2.67795 81 64 67 42 1.52321 134 103 110 36 2.39464 168 126 137 38 3.08901 182 125 140 44 -2.62799 164 102 120 15 -0.0665682 161 100 120 7 -0.876058 151 94 115 43 -1.8491 100 54 73 13 -2.09887 78 45 60 12 -1.73594 50 38 44 36 1.76284 77 77 77 222 0.903063 252 252 252 3 1.5708 255 255 255 0 0 
245 249 244 11 0.785398 253 255 252 21 -1.80454 234 235 233 227 -1.47855 9 7 6 174 0.149173 35 33 33 25 2.3007 57 51 52 20 2.85014 69 55 59 22 2.63875 88 64 72 17 2.31622 114 74 86 26 2.5948 139 85 102 26 3.10315 152 83 104 33 1.87368 186 114 137 31 -2.79015 171 103 126 26 -2.08525 141 81 105 55 -2.4194 93 46 68 18 -0.390607 74 42 59 30 -2.54442 41 31 37 219 0.966402 215 215 215 53 0.772066 252 252 252 2 1.10715 254 254 254 0 0 
255 255 254 5 -1.5708 250 251 249 7 0.785398 255 255 254 75 -1.62408 180 181 179 180 -1.14187 18 16 16 174 0.0916962 36 31 32 15 2.7367 47 36 39 19 1.82812 73 52 60 27 3.06765 87 51 63 17 2.47562 107 61 74 38 2.67795 131 76 93 37 2.81984 145 86 106 57 3.03672 148 93 112 84 -2.47429 90 42 60 22 1.30454 102 66 83 66 -2.31367 44 20 32 199 0.728721 164 157 162 134 0.774872 253 253 253 2 0 253 253 253 2 0.785398 255 255 255 0 0 
255 255 255 0 0 255 255 255 7 -2.55359 253 251 251 5 0.785398 255 255 255 66 -1.76819 192 190 190 181 -1.24556 22 17 18 209 0.0716475 38 32 33 61 -0.0491407 37 28 31 26 0.598419 57 42 46 9 -1.78947 50 33 37 15 1.50423 69 47 52 18 -2.6292 60 37 45 8 -0.358771 57 34 42 21 1.23412 75 54 62 44 -0.706199 42 26 33 224 0.70043 184 173 176 104 0.866302 255 254 255 15 3.14159 255 255 255 10 3.14159 255 255 255 4 3.14159 255 255 255 0 0 
255 255 255 6 -2.03444 251 249 249 6 1.5708 255 255 255 18 -2.35619 244 242 242 6 1.10715 250 248 248 47 -2.68729 229 227 227 140 -1.89029 98 93 94 70 -0.643501 56 51 52 45 -0.197396 47 42 43 12 -0.499347 41 36 37 4 -0.463648 39 34 35 20 0.819867 54 49 50 5 -0.927295 51 45 46 73 0.689539 98 92 93 122 1.10349 207 201 202 43 1.87784 247 242 243 32 -3.04812 242 240 240 5 1.9513 245 245 245 6 1.40565 251 251 251 3 0.982794 254 254 254 0 0 
252 252 252 3 -1.24905 249 249 249 9 -0.86217 244 242 242 12 0.244979 247 245 245 42 -1.92957 207 205 205 51 -0.437791 185 183 183 68 -0.502843 152 150 150 90 -0.627981 99 97 97 135 -0.321751 56 54 54 162 -0.0800753 43 41 41 164 0.0487419 53 48 49 157 0.0254722 57 52 53 167 0.302885 107 102 103 133 0.343024 152 147 148 97 0.436005 193 188 189 46 0.492486 215 210 211 45 0.643501 240 238 238 12 0.674741 246 246 246 9 0.86217 253 253 253 2 0.785398 255 255 255 0 0 
253 253 253 0 0 255 255 255 0 0 255 254 254 0 0 232 230 230 0 0 254 252 252 0 0 245 243 243 0 0 225 223 223 0 0 228 226 226 0 0 218 216 216 0 0 207 205 205 0 0 210 205 206 0 0 217 212 213 0 0 233 228 229 0 0 240 235 236 0 0 234 229 230 0 0 249 247 247 0 0 250 248 248 0 0 252 252 252 0 0 255 255 255 0 0 255 255 255 0 0 
