186 200 218 38 1.49201 224 239 255 9 1.46014 237 248 255 2 -2.35619 237 247 255 5 2.2143 244 252 255 6 -1.24905 240 247 250 8 -0.124355 242 247 246 9 1.15257 251 255 252 6 -2.03444 247 251 246 6 0 245 252 245 8 0.785398 251 255 252 5 -2.35619 244 254 248 17 -1.33971 225 236 234 15 0.463648 229 243 241 8 1.92957 237 250 252 24 -1.73594 213 227 226 7 0.694738 219 232 230 9 -1.98902 212 223 220 9 0.110657 213 224 221 13 -0.837981 203 214 211 0 0 
189 204 220 47 2.28171 225 241 254 12 2.64225 235 247 255 5 -0.54042 234 245 253 10 1.0637 246 255 255 0 0 248 255 255 5 -1.9513 245 251 250 2 1.10715 248 254 249 3 0.982794 253 255 252 5 3.14159 251 255 252 8 -2.62245 246 253 248 16 2.89661 248 255 254 12 -2.53087 239 250 248 11 -1.10715 226 240 239 7 1.2925 233 246 248 16 -2.14213 219 232 234 8 -0.62025 215 228 226 13 2.84309 221 232 229 6 2.97644 222 233 231 25 -1.89255 198 209 206 0 0 
158 175 184 57 1.83251 214 231 240 22 1.79427 240 253 255 3 -1.24905 239 251 255 4 2.03444 244 255 255 5 -2.76109 246 254 253 4 -2.67795 246 253 250 3 2.1588 250 255 251 4 -1.81578 246 252 247 2 -0.785398 244 250 245 14 -1.07685 230 237 234 22 0.463648 238 246 245 10 2.2143 244 253 255 22 -2.51611 228 240 244 31 -3.01327 224 236 242 88 3.11887 226 238 244 99 -2.88683 202 214 216 40 2.86668 215 226 224 53 -3.12273 214 224 224 61 -2.54014 179 190 188 0 0 
143 161 168 66 1.52537 209 228 233 28 1.6065 239 255 255 6 -1.89255 235 250 252 1 0.785398 239 251 251 5 -0.197396 240 251 249 6 0 244 251 248 5 0.785398 249 254 252 1 -1.5708 248 253 251 4 2.35619 250 255 254 11 3.14159 248 255 255 16 -1.69515 230 239 242 67 -3.08196 226 235 239 98 -2.87445 197 208 216 96 -2.45877 136 146 156 90 -3.07502 130 141 149 84 2.75228 163 174 178 106 -3.1133 162 172 172 130 3.1339 163 172 175 129 -2.99423 144 154 154 0 0 
145 165 170 67 1.98151 208 227 230 30 2.07789 237 254 255 3 -1.24905 236 251 253 7 0.785398 244 255 255 1 3.14159 246 255 255 10 -2.9442 246 254 253 10 3.14159 248 254 253 4 -2.03444 244 250 249 7 -0.694738 239 244 245 9 1.46014 246 253 255 81 -1.5708 163 172 176 43 -2.32395 131 138 147 54 -3.03094 122 131 144 83 -1.99146 46 55 69 11 2.60117 52 61 74 4 1.10715 59 67 74 31 -2.10575 34 41 44 28 3.03486 37 43 48 40 2.5329 60 67 70 0 0 
118 137 144 83 1.0964 192 211 218 45 1.21458 238 254 255 10 3.04192 241 255 255 18 -3.08609 242 254 255 23 -2.75327 234 246 248 24 -3.05845 234 243 246 24 2.80686 244 251 254 20 2.9442 250 255 255 35 -2.85554 240 245 248 23 2.79282 246 252 255 111 -1.66957 135 141 148 61 -1.13613 77 83 94 24 0.610726 89 97 110 52 -1.59002 36 45 59 23 0.876058 54 63 76 15 -1.97569 43 50 59 40 -1.344 6 12 17 17 -0.117109 4 10 15 67 1.45196 71 77 82 0 0 
156 172 189 55 1.20362 208 224 240 49 2.7876 228 241 255 115 -3.0808 223 235 247 139 -3.10564 220 229 242 123 -3.0524 210 219 229 108 -3.13233 211 218 227 113 3.04455 222 230 237 127 -3.06301 214 220 227 111 3.12358 216 222 229 113 2.97355 235 241 248 139 -2.58147 161 166 175 92 -2.40232 97 103 114 44 -2.98382 88 96 109 48 -2.29744 52 60 73 13 -0.226799 49 57 70 11 0.0906599 54 59 68 31 -1.44247 25 28 36 21 -0.524796 14 17 25 93 1.45306 107 110 118 0 0 
176 188 216 29 -2.64765 163 174 201 69 -2.29505 113 123 147 76 -2.72469 84 92 115 70 2.98572 97 104 124 69 3.08369 101 108 127 78 -3.06482 98 103 118 78 -3.10315 95 101 114 75 3.06176 103 107 118 85 3.12983 104 108 119 71 2.95797 117 122 131 105 -2.91267 93 98 107 78 -2.63819 55 60 69 10 0.507098 58 65 74 12 0.785398 67 73 84 6 -2.24554 62 68 79 10 -0.643501 58 63 72 16 -1.32582 44 47 55 33 -2.54539 25 28 36 150 0.761928 129 132 140 0 0 
151 157 198 37 -1.98629 117 124 163 76 -1.43997 43 49 86 56 -0.583077 14 19 52 54 0.222661 28 31 62 21 -0.233743 23 27 55 8 -2.35619 20 22 46 9 3.14159 20 24 43 4 -2.03444 18 20 38 16 1.69515 36 37 51 27 -2.33056 16 18 29 16 2.4859 26 28 38 40 1.39755 66 69 77 10 0.507098 69 75 82 4 -1.10715 65 71 78 7 1.5708 72 78 85 10 -1.86225 64 66 76 57 -2.1588 16 18 28 123 1.26695 134 136 146 51 0.0587558 137 139 149 0 0 
138 140 188 10 -0.982794 129 131 179 39 -1.74839 92 93 137 26 -1.9513 69 69 109 23 -2.11122 49 50 88 36 -2.08319 18 20 51 10 -2.07789 11 12 40 20 0.35299 20 20 44 27 -0.147078 18 17 37 24 -0.0416426 17 17 33 17 -0.904827 3 5 16 31 1.27934 34 36 44 42 1.47584 76 79 84 6 -2.81984 74 77 81 7 -0.876058 68 71 75 10 0.380506 72 75 80 39 -1.74839 32 35 43 21 1.75902 53 55 65 137 1.2905 185 187 197 10 2.07789 194 196 206 0 0 
146 145 195 22 -1.52537 124 124 172 43 -1.33705 84 82 128 39 -0.749699 57 56 98 50 -0.543832 32 31 71 57 -0.338324 15 14 48 67 0.223477 30 30 60 64 0.233743 47 46 72 46 -0.151015 42 41 61 50 -0.283794 29 28 44 50 -0.321751 13 14 24 43 0.62025 40 39 48 32 1.60204 72 73 77 25 2.78282 81 83 84 8 -3.01724 80 82 82 13 -1.49402 67 69 70 41 -2.07789 29 31 39 63 1.68145 92 93 103 91 1.79184 181 182 192 88 -3.00606 169 170 180 0 0 
150 147 192 70 -2.95537 136 135 179 47 -2.63036 114 112 154 18 -2.35619 101 100 139 15 -1.5708 88 86 122 8 -0.950547 83 80 112 13 1.17601 95 93 122 6 -2.81984 95 93 115 23 -2.92753 91 89 108 16 -2.08994 79 76 91 30 -1.83996 50 49 59 14 -2.25653 41 39 45 23 2.75327 50 49 53 48 2.60468 77 75 75 47 2.973 85 83 82 52 -2.4371 49 49 49 44 -2.59731 24 24 30 55 1.12328 72 73 83 21 1.4289 93 94 104 35 -2.17455 64 65 75 0 0 
83 82 114 19 2.28489 96 98 129 17 2.85554 103 103 133 28 3.14159 103 104 132 24 -2.71497 93 94 120 7 -1.97569 88 88 112 1 0.785398 91 90 110 21 -2.09559 73 71 90 20 2.63449 83 83 97 54 -2.88334 71 70 80 59 -2.60987 43 40 49 39 -2.48279 21 17 22 12 -2.07014 12 7 9 20 1.86225 32 27 28 26 2.54317 48 43 42 36 -2.05913 15 10 11 39 1.36847 50 48 54 29 1.67388 77 76 85 19 -3.03672 75 74 83 14 -2.40378 65 64 73 0 0 
70 74 93 14 0.832981 81 85 104 6 -2.03444 75 79 97 17 2.78282 83 85 103 14 2.45586 92 95 110 6 -2.67795 91 92 106 27 -2.72709 81 81 95 50 -2.59776 57 55 67 45 -2.55969 32 31 41 20 -2.49809 22 19 28 10 -1.5708 14 10 16 14 0.0713075 17 11 16 29 -0.386876 7 0 3 37 0.10769 13 5 6 40 0.519146 33 25 26 38 -0.182168 24 17 20 58 0.50209 47 45 51 30 0.43467 58 57 66 17 0.358771 64 63 72 20 0.244979 69 68 77 0 0 
82 88 93 44 -0.0454233 80 86 91 43 -0.453339 61 67 72 26 0.429762 74 78 83 14 1.2925 88 92 97 29 -2.28315 66 70 75 49 -2.51428 38 41 46 35 -2.49809 19 19 25 7 -0.404892 18 16 22 9 0.418224 24 20 26 25 0.158655 30 24 29 27 0.528074 45 38 43 11 -0.0906599 46 37 40 12 0.165149 50 39 42 31 0.830821 73 62 65 21 0.2783 77 68 71 15 0.321751 77 73 79 9 0.110657 74 74 80 11 1.03038 84 84 90 10 0.0996687 85 85 91 0 0 
128 133 134 9 -0.785398 121 126 127 36 -1.2315 88 92 93 31 -0.291457 79 83 84 10 -1.0637 70 74 75 50 -2.11463 29 31 32 17 -1.85685 14 13 15 19 0.822418 28 27 29 10 -0.0996687 29 26 28 30 0.715744 51 46 48 8 0.358771 54 49 51 12 0.0831412 56 49 52 17 0 58 49 52 24 0.463648 69 60 63 28 0.934288 92 83 86 0 0 90 83 88 4 -0.244979 86 82 87 9 -0.218669 80 81 85 19 0.785398 94 94 100 3 -0.588003 92 93 97 0 0 
136 139 143 2 -0.785398 134 137 141 16 -1.44644 120 121 125 34 -1.33971 88 87 89 44 -1.12735 48 47 49 38 -0.602287 28 26 26 38 0.0263097 31 26 27 37 0.296546 42 37 38 33 0.369334 54 49 50 22 0.223477 59 54 55 22 0.321751 66 61 62 18 0.321751 72 67 69 16 0.302885 77 72 74 14 0.432408 81 77 82 10 0.588003 87 83 88 8 0.519146 89 88 92 7 0.588003 93 92 96 5 0.643501 96 95 97 4 0.785398 99 98 102 4 0.785398 102 101 103 0 0 
140 140 146 2 -2.03444 138 138 144 10 -1.5708 130 129 133 24 -1.27536 107 106 108 33 -0.933248 84 79 81 38 -0.428778 68 63 64 42 -0.023805 68 63 62 40 0.14889 74 69 68 35 0.0855053 77 72 71 30 0.132552 81 76 75 28 0.141897 84 79 80 25 0.158655 86 84 84 21 0.0949517 88 84 89 17 0.117109 88 87 91 14 0.2783 90 90 96 10 0.291457 93 94 98 8 0.244979 97 96 100 5 0.380506 99 98 100 5 0.643501 102 101 103 3 0.588003 104 103 105 0 0 
139 139 145 3 -2.81984 138 138 144 3 -2.1588 137 136 140 10 -1.5708 127 126 128 14 -0.982794 119 114 116 19 -0.486899 110 105 106 22 -0.135528 108 103 102 20 0.0499584 109 104 103 16 -0.124355 107 102 101 17 0.117109 109 104 103 16 0.0624188 109 104 105 14 0 107 105 105 12 -0.165149 105 101 106 10 -0.0996687 102 101 105 7 0 100 100 106 6 0.165149 101 102 106 5 -0.197396 102 101 105 3 0.321751 103 102 104 3 0.588003 105 104 106 2 0.785398 107 106 108 0 0 
136 136 142 0 0 136 136 142 0 0 137 136 140 0 0 135 134 136 0 0 136 131 133 0 0 132 127 128 0 0 128 123 122 0 0 125 120 119 0 0 124 119 118 0 0 125 120 119 0 0 123 118 119 0 0 119 117 117 0 0 115 111 116 0 0 109 108 112 0 0 106 106 112 0 0 106 107 111 0 0 105 104 108 0 0 106 105 107 0 0 107 106 108 0 0 108 107 109 0 0 
