246 251 252 5 0.785398 250 255 255 10 -2.63449 248 250 251 7 0.785398 255 254 255 6 -1.5708 251 248 250 25 -1.33525 228 223 225 72 2.77639 254 249 250 27 2.95848 255 254 255 2 3.14159 255 255 255 18 -2.55359 247 245 245 12 -0.674741 237 237 237 42 -3.04664 233 233 233 68 2.92134 250 248 248 9 0.785398 255 255 255 8 -2.08994 252 247 248 7 1.5708 255 255 255 5 -2.9442 255 254 254 0 0 254 254 254 0 0 254 254 254 0 0 254 254 254 0 0 
250 255 255 9 -1.68145 241 246 247 12 0.785398 253 255 255 9 3.14159 255 254 255 10 3.14159 255 254 255 99 -1.5809 160 155 157 106 0.679133 227 222 223 36 0.96007 255 252 253 13 -1.5708 242 240 240 21 0.785398 255 255 255 62 -1.86225 195 195 195 51 -0.59335 166 166 166 125 0.785398 255 255 255 5 -2.35619 253 251 251 3 -0.982794 252 247 248 4 0.463648 252 250 250 6 0.674741 254 254 254 0 0 254 254 254 0 0 254 254 254 0 0 254 254 254 0 0 
249 255 254 9 3.03094 250 255 255 9 -1.5708 244 246 246 4 -0.244979 245 245 245 13 0.732815 255 254 254 15 -1.50423 241 239 239 16 0.302885 248 243 244 38 2.90298 255 252 253 203 3.13174 255 255 255 25 -2.35619 237 237 237 30 3.10827 238 238 238 24 0.785398 253 255 255 9 -2.72337 251 251 251 4 0.463648 253 253 253 1 -1.5708 254 252 252 3 1.5708 255 255 255 1 -1.5708 254 254 254 0 0 254 254 254 0 0 254 254 254 0 0 254 254 254 0 0 
240 246 245 14 0.785398 251 255 255 5 -1.9513 248 250 250 5 1.5708 253 255 255 4 3.14159 255 255 255 0 0 255 255 255 52 -2.00056 211 206 207 160 -1.77797 52 50 50 191 1.35496 237 237 237 76 -2.7367 205 207 207 71 2.40566 253 255 255 84 -3.03486 244 246 246 12 0.785398 253 255 255 5 -2.76109 253 252 254 1 -2.35619 252 251 253 6 2.67795 255 254 255 1 -1.5708 254 254 254 0 0 254 254 254 0 0 254 254 254 0 0 254 254 254 0 0 
251 255 254 3 -2.55359 249 254 252 3 -1.5708 248 251 249 1 0.785398 249 252 250 5 0.785398 255 255 254 22 -1.66146 235 233 232 70 -2.14299 176 174 174 94 -2.07687 93 91 91 159 0.497343 167 166 168 17 -0.868539 152 154 155 97 0.175266 167 171 172 113 0.828849 251 255 255 5 -1.76819 246 249 253 2 0.785398 250 251 255 6 -1.10715 244 245 249 12 0.785398 255 254 255 5 -2.9442 254 253 255 0 0 254 254 254 0 0 254 254 254 0 0 254 254 254 0 0 
248 254 249 1 0.785398 249 255 250 2 -1.10715 249 252 250 5 0.785398 255 255 254 2 -1.5708 255 253 252 58 -1.62247 197 195 195 87 -2.27572 130 128 128 105 1.3511 231 230 232 70 -2.2856 176 177 181 72 1.44644 246 249 253 2 -2.35619 243 247 252 8 0.785398 249 253 255 5 -2.76109 247 251 255 3 1.89255 251 254 255 55 3.14159 251 253 255 77 -3.07675 248 248 254 6 0.674741 254 253 255 0 0 254 254 254 0 0 254 254 254 0 0 254 254 254 0 0 
249 254 252 2 2.67795 250 255 253 1 2.35619 253 255 255 0 0 255 255 255 10 -2.63449 252 250 250 112 -1.52618 140 137 139 27 0.496423 151 150 154 66 0.537836 185 184 188 58 3.10712 183 186 191 78 2.24753 243 247 252 6 1.24905 249 252 255 43 -3.02583 242 248 255 73 3.1142 244 249 255 118 -2.69681 195 197 207 50 -2.68687 174 175 185 97 2.22461 253 252 255 28 -3.10589 254 253 255 0 0 254 254 254 0 0 254 254 254 0 0 254 254 254 0 0 
247 252 251 4 0.463648 251 253 253 3 2.55359 255 255 255 9 -1.68145 246 245 247 12 0.785398 255 254 255 94 -1.72021 164 160 165 65 2.35619 208 206 212 81 -1.55845 125 124 133 57 2.94763 134 135 145 114 1.37684 243 248 255 39 -1.44329 204 208 219 147 -2.90156 169 173 184 102 -2.82294 137 141 152 46 2.90185 148 152 163 104 -2.78955 114 115 129 108 1.62629 223 224 234 27 1.49686 252 253 255 9 3.14159 254 254 254 1 0 254 254 254 0 0 254 254 254 0 0 
253 255 255 14 -2.79857 248 250 251 6 0.674741 254 253 255 6 2.97644 255 254 255 14 -1.6421 243 239 245 126 -1.72945 118 113 122 94 1.39 209 205 216 153 -2.02863 67 68 78 90 1.39292 155 157 168 99 1.26492 248 252 255 189 -1.72987 61 64 78 17 2.43934 70 76 89 32 2.4859 92 95 109 72 -2.52295 50 53 67 56 1.55294 108 108 124 116 1.53633 225 225 237 24 2.41495 243 244 248 44 2.9131 255 255 255 15 -3.07502 254 254 254 1 0.785398 255 255 255 0 0 
239 241 242 19 0.785398 253 255 255 7 -1.5708 248 247 251 8 0.785398 254 252 255 33 -1.5708 223 218 227 88 -1.54807 133 129 140 31 2.88099 139 137 149 54 -1.73594 83 83 95 110 1.20037 185 186 200 45 0.878875 218 221 235 170 -1.47113 46 51 66 163 -0.0122693 44 49 64 188 -0.069039 33 36 51 141 0.12787 51 54 69 75 0.898126 112 112 128 94 1.54952 207 207 219 89 -3.04081 200 201 205 72 2.59174 240 240 240 15 1.50423 255 255 255 10 -2.76109 251 251 251 0 0 
253 254 255 2 3.14159 253 254 255 4 -2.89661 254 252 255 4 3.14159 254 252 255 39 -2.2296 223 220 229 120 -1.52915 103 99 110 29 1.33395 130 128 140 17 -2.85554 123 123 137 124 0.830821 214 214 230 26 1.02401 235 238 253 26 -1.10715 209 214 229 23 1.7005 232 237 252 63 -1.82731 173 176 190 94 -0.920926 100 101 115 123 0.113333 115 115 129 76 0.0394532 118 119 129 82 0.218669 138 139 143 108 1.9393 241 241 241 41 3.04434 245 245 245 12 0.896055 255 255 255 0 0 
251 252 255 2 -0.785398 249 250 254 1 -2.35619 250 248 254 20 -1.32582 230 228 234 18 -3.03094 228 224 235 204 -2.52646 110 106 117 8 2.52134 113 111 123 112 2.12187 207 207 221 36 0.648996 228 229 243 22 1.1659 247 250 255 39 -1.59643 208 211 225 14 0.737815 218 221 235 27 2.69407 232 233 247 20 -2.67795 224 224 236 40 -0.942 191 191 203 107 3.06697 201 200 209 204 -2.6188 101 100 104 140 2.35619 200 200 200 74 2.34667 253 253 253 2 1.10715 255 255 255 0 0 
253 254 255 5 -1.9513 248 249 253 7 0.785398 255 253 255 54 -2.22537 212 210 216 212 -2.35287 61 57 68 42 1.4289 103 99 110 74 -2.46058 54 52 64 186 1.40389 236 236 248 71 3.11343 237 239 250 12 1.07145 246 250 255 28 -1.89255 219 223 234 26 -1.76078 193 198 207 19 1.82812 214 216 226 45 2.34081 248 249 255 165 -1.71013 86 85 94 101 -2.48228 26 24 30 63 -0.386337 2 1 3 152 1.27808 148 148 148 130 2.19283 254 254 254 42 3.11779 255 255 255 0 0 
251 252 255 2 0.785398 253 254 255 33 -1.63133 222 220 226 161 -1.72579 62 60 66 41 3.02024 67 64 73 65 -0.340979 45 41 52 43 1.33705 85 84 94 83 1.7399 165 166 176 101 2.24399 244 244 255 59 -3.0739 239 241 251 182 -3.0152 214 219 228 103 -2.88722 190 193 201 22 -2.77761 183 186 191 48 1.03389 227 227 233 285 -2.2543 8 7 11 82 1.19928 85 84 86 74 -2.58729 46 45 47 27 1.2723 72 72 72 146 1.87531 212 212 212 36 1.46014 248 248 248 0 0 
253 255 255 3 -2.55359 251 253 254 56 -1.58865 197 196 200 202 -2.08749 21 19 25 135 0.921396 129 127 133 77 -1.88442 55 52 61 40 0.463648 71 70 79 33 1.80863 102 104 112 84 1.7379 185 186 196 137 -1.98902 58 61 69 155 0.382899 116 120 125 78 0.740384 169 174 177 75 2.61256 208 212 213 253 -2.44281 47 49 50 25 -2.69549 38 38 38 16 -1.44644 24 22 22 32 1.38545 54 54 54 28 -1.97104 28 28 28 294 0.691697 216 216 216 53 0.811708 255 255 255 0 0 
250 252 253 1 0 250 252 253 155 -1.55144 97 96 98 18 2.8023 103 102 106 37 0.0540015 105 104 108 19 -0.785398 91 90 94 64 -0.415075 63 63 69 68 0.404892 90 90 96 143 0.288795 129 132 137 75 1.75778 203 206 211 105 -2.87368 175 178 182 93 -2.29566 105 109 110 91 -1.5708 16 18 18 118 0.067693 26 26 26 50 0.2783 40 41 39 19 -2.46685 30 28 27 58 0.257324 43 43 43 217 1.34814 255 255 255 5 -2.76109 253 253 253 2 0.785398 255 255 255 0 0 
253 253 253 2 2.35619 255 255 255 175 -1.61077 80 80 80 68 1.06795 140 139 141 39 -2.57486 119 118 120 118 0.26551 150 149 151 80 -2.86329 128 127 129 104 1.33971 230 229 231 112 -1.42764 117 119 120 133 -0.104877 103 105 106 150 0.07983 115 117 118 138 -0.0579062 107 109 109 142 0.190518 136 136 136 133 -0.473681 75 75 75 186 -0.270947 25 25 25 61 1.75212 85 85 85 70 3.05609 91 91 91 197 0.936414 250 250 250 7 0.785398 255 255 255 8 -2.52134 250 250 250 0 0 
251 251 251 5 -0.643501 248 248 248 135 -1.52638 113 113 113 91 -0.0658388 107 107 107 160 2.23677 233 233 233 237 -2.40094 73 73 73 102 2.26678 152 152 152 139 0.739745 246 246 246 11 2.60117 252 252 252 49 3.08044 255 255 255 85 3.14159 255 255 255 103 -3.08341 249 249 249 100 3.08166 255 255 255 98 3.14159 255 255 255 249 -1.83424 14 14 14 220 0.00454542 15 15 15 307 0.677276 208 208 208 66 0.785398 255 255 255 7 -1.97569 248 248 248 7 1.1659 255 255 255 0 0 
255 255 255 11 -3.05093 254 254 254 50 -1.5708 204 204 204 202 -1.31624 8 8 8 129 0.397771 58 58 58 52 -1.80189 7 7 7 287 1.03872 255 255 255 55 -2.79128 236 236 236 50 -2.4265 203 203 203 38 -1.04839 170 170 170 75 -0.241753 152 152 152 92 -0.0325971 149 149 149 106 0.0753289 157 157 157 103 0.324809 190 190 190 78 0.59507 234 234 234 24 1.01649 255 255 255 0 0 255 255 255 8 -2.78282 252 252 252 3 -0.321751 251 251 251 4 0 251 251 251 0 0 
244 244 244 0 0 254 254 254 0 0 255 255 255 0 0 127 127 127 0 0 46 46 46 0 0 153 153 153 0 0 203 203 203 0 0 198 198 198 0 0 222 222 222 0 0 243 243 243 0 0 244 244 244 0 0 255 255 255 0 0 255 255 255 0 0 255 255 255 0 0 247 247 247 0 0 255 255 255 0 0 247 247 247 0 0 255 255 255 0 0 255 255 255 0 0 243 243 243 0 0 
