229 255 255 12 -2.71497 221 247 255 20 -2.9442 213 233 255 95 -2.98335 193 212 255 88 -3.06221 184 203 255 104 -2.99698 169 185 255 110 -3.07804 164 170 255 114 -3.08901 160 162 255 118 -3.13312 159 162 255 124 3.10129 164 171 255 130 3.06482 172 188 255 141 3.0286 191 209 255 148 3.02723 215 226 255 158 -3.13526 222 231 255 84 3.05845 239 246 255 6 1.40565 249 255 247 1 1.5708 253 255 242 3 3.14159 253 255 242 5 -2.9442 255 255 248 11 3.05093 255 255 252 0 0 
216 240 255 15 -2.03444 199 222 254 125 -2.46935 116 134 199 39 -2.90904 101 119 202 48 -2.66869 76 96 184 28 -2.25653 52 71 168 18 -2.50884 43 54 168 11 -2.03444 34 42 163 8 -2.19105 27 35 154 2 -2.67795 25 38 148 20 -3.09163 24 43 134 9 1.98902 36 56 134 14 2.64765 50 63 137 77 1.90074 132 142 196 140 2.42678 233 244 255 59 3.05705 245 254 255 9 -2.92292 247 254 249 3 -2.55359 246 253 246 8 -0.950547 241 244 242 16 0.785398 255 255 255 0 0 
206 222 255 105 -1.70335 97 113 180 35 -0.526066 70 86 183 40 -0.35299 49 67 180 39 0.0767719 47 69 188 27 -0.759763 25 49 173 28 -0.0356991 24 44 179 12 -0.96007 14 33 172 5 -0.927295 10 28 169 20 -1.21781 0 11 146 44 0.343024 6 30 154 33 0 9 33 147 49 -0.101689 13 29 136 98 -0.081452 14 27 113 197 0.778255 163 176 228 62 1.07145 227 236 255 85 3.09457 237 242 255 56 3.03486 248 250 255 17 3.14159 250 252 255 9 -1.98902 241 245 250 0 0 
192 204 255 60 -1.53748 127 140 219 18 -2.50884 107 120 230 23 -2.56522 85 101 231 16 -1.69515 60 84 220 15 -0.785398 45 72 213 29 -0.858439 22 49 193 50 -0.2783 6 35 180 71 0 6 35 180 76 0.210183 20 53 193 61 0.0980453 28 60 195 66 0.241355 49 78 206 67 0.711847 100 124 243 35 1.54223 146 165 255 34 2.19105 185 203 255 67 -2.04769 135 147 195 34 1.24905 175 181 224 47 1.22918 226 228 255 99 3.01103 240 246 255 13 2.98894 242 250 255 0 0 
196 210 255 77 -1.49303 113 128 197 17 -1.21203 87 102 205 9 0.558599 81 100 227 9 -0.321751 69 94 234 9 -2.81984 59 90 235 10 0.851966 65 99 242 8 1.21203 70 109 247 14 2.86329 74 116 247 2 2.35619 76 119 246 12 2.24554 88 129 255 2 2.03444 93 133 251 6 -1.89255 96 129 238 24 0.610726 121 148 238 17 1.28474 148 173 237 19 -1.19991 141 158 207 79 0.497343 188 195 244 78 -1.10715 123 127 168 112 1.07927 222 231 255 99 3.03094 233 244 255 0 0 
207 217 255 77 -1.55781 123 136 198 14 -1.5708 100 112 206 6 1.40565 95 112 229 27 -2.25132 64 86 221 24 0.554308 70 99 238 70 3.08451 72 104 239 42 -2.9305 61 98 226 16 1.44644 75 116 239 15 -2.88099 71 113 232 24 0.785398 90 130 248 1 1.5708 95 134 243 16 1.26791 120 152 251 7 -2.9997 127 157 236 19 1.3633 157 183 237 48 1.97031 211 230 255 10 0.291457 221 232 255 53 -1.36233 173 181 221 67 -0.900674 120 131 163 115 1.94169 228 241 255 0 0 
217 217 255 79 -1.40565 132 136 195 37 -2.78596 110 117 197 12 -1.81578 87 99 200 17 1.62955 95 113 228 79 -1.73594 12 33 155 36 1.08246 42 65 187 45 2.26272 76 101 221 5 -2.9442 76 100 220 28 1.3597 104 128 247 26 3.14159 104 129 245 10 2.49809 114 138 244 5 2.35619 125 148 234 12 2.24554 142 164 229 37 -3.0339 147 167 208 74 1.63826 226 244 255 4 1.32582 234 248 255 21 -1.75902 213 227 255 137 -1.46896 74 89 121 139 1.60675 213 228 255 0 0 
235 233 255 126 -1.52321 104 105 149 33 2.54539 114 119 180 10 -1.19029 95 105 182 20 0.244979 91 106 199 57 -2.1588 40 55 158 51 -0.273009 27 40 144 85 0.76061 86 100 202 12 2.18152 98 110 211 13 -0.298499 94 107 205 31 2.53605 112 127 220 33 2.83871 124 141 222 26 3.14159 129 146 209 19 -1.26492 116 133 176 30 1.94513 151 165 193 80 1.44644 234 248 255 1 -1.5708 230 247 255 4 -0.785398 225 242 255 156 -1.66666 67 84 117 128 1.58642 195 211 248 0 0 
245 247 255 160 -1.5583 81 85 103 70 0.805395 123 132 165 45 3.00904 122 133 183 79 -0.633426 70 81 149 97 0.357566 104 111 190 51 -3.1024 104 109 188 21 -2.65711 97 100 175 33 1.10715 129 132 200 48 -1.09789 86 92 151 60 0.200653 98 108 156 44 2.77761 114 127 165 77 0.423439 150 163 189 85 -2.70425 117 129 147 59 0.964191 170 179 193 72 1.2925 240 248 255 7 2.86329 235 249 255 23 -2.05331 210 226 255 144 -1.70976 65 81 117 129 1.60954 194 209 248 0 0 
247 249 255 113 -1.60618 130 136 149 43 -1.68656 80 90 114 118 1.34019 190 202 238 52 -2.7468 166 177 227 121 -2.04915 58 66 125 60 0.515073 94 94 158 26 2.00056 123 118 179 38 1.30683 162 158 210 23 -0.255182 157 156 196 99 -1.10266 67 71 100 165 0.892285 194 204 222 124 -1.93334 80 89 102 76 1.36061 156 165 175 36 1.26629 195 198 212 43 1.77712 234 240 255 7 -0.2783 224 235 255 30 -1.80003 190 203 241 155 -2.17308 60 75 114 151 1.35786 208 223 255 0 0 
241 238 255 114 -1.62338 123 124 158 31 -2.79015 105 114 148 41 1.79211 140 153 191 35 -2.2143 110 124 166 6 0.165149 113 123 171 34 -1.42478 84 85 141 46 1.31019 135 129 186 59 2.15417 190 180 233 18 2.1294 206 199 242 78 -2.75167 174 173 205 24 -2.23909 153 157 181 56 -1.41144 97 103 122 70 1.457 167 173 192 21 2.35619 186 187 208 60 1.37014 241 243 255 20 -2.2143 217 222 255 144 -2.26819 102 109 164 34 -2.9105 94 105 149 151 0.916714 214 227 255 0 0 
233 228 255 138 -1.5563 90 90 136 29 0.343024 93 100 149 28 1.6065 115 129 177 28 -3.10589 113 129 176 9 3.14159 114 127 179 44 -2.48452 95 95 159 7 0 100 94 159 73 1.62554 176 168 229 67 -2.36672 131 124 175 28 1.3597 157 157 193 16 2.83871 161 165 194 58 -1.3633 102 107 138 48 1.84065 151 153 187 42 1.66575 194 195 229 41 2.15218 228 227 255 134 -2.33514 124 126 184 54 -1.8693 70 74 132 146 0.940993 188 197 240 51 0.6898 221 233 255 0 0 
233 230 255 112 -1.61541 116 117 168 33 -0.613207 88 94 159 24 3.09995 82 94 164 19 1.19991 97 113 182 34 -2.27305 72 85 159 22 0.722979 93 96 181 19 -0.602287 87 84 169 33 1.06663 120 116 192 25 2.86858 128 127 189 13 2.67795 133 140 183 41 2.21913 166 175 212 82 -1.5708 84 90 135 56 1.5351 140 145 194 28 0.962994 164 168 217 35 -1.48529 129 133 182 36 -0.588003 109 111 165 109 0.475942 159 163 211 100 0.799482 231 240 255 7 2.9997 234 244 255 0 0 
228 226 255 80 -1.52084 143 144 195 73 -1.86225 62 68 141 61 0.54319 86 97 181 33 -2.8105 69 86 172 25 2.60788 82 98 187 51 2.86858 102 107 209 37 -2.84505 94 96 198 41 -2.85014 87 86 178 30 0.715744 109 112 187 11 -0.661043 100 112 166 58 1.46771 158 173 219 83 -1.87368 80 89 146 83 0.989416 150 159 216 12 2.18152 164 171 221 32 -0.244979 158 164 209 77 0.656487 206 213 252 37 0.670522 231 239 255 6 -0.896055 230 237 255 18 0.785398 243 251 255 0 0 
234 232 255 105 -1.53272 122 124 172 23 2.9694 115 120 195 80 -2.42625 52 63 153 41 -0.0243854 44 63 154 25 -0.643501 27 46 145 65 0.443103 58 69 181 40 -2.76563 45 52 167 52 1.83871 102 106 211 95 3.07852 109 117 207 63 -2.98418 101 114 182 27 1.5708 128 145 202 15 -2.53605 121 133 197 19 1.0839 140 153 209 49 1.65225 192 206 248 22 1.97569 217 232 255 21 0.753151 237 252 255 2 -2.35619 239 251 255 5 0.927295 246 254 255 2 3.14159 246 254 255 0 0 
236 237 255 132 -1.59352 99 101 149 49 -0.756835 53 59 134 51 1.23685 93 104 196 67 -2.8105 64 81 178 73 2.80686 84 103 208 70 -1.74299 17 31 144 31 0.291457 28 39 153 37 -2.22488 1 11 119 38 1.46592 41 53 149 72 0.814516 96 111 190 23 2.50657 112 128 197 23 2.56522 126 142 209 9 2.72337 134 149 205 44 1.63887 183 199 235 46 1.37758 235 251 255 3 -1.24905 239 253 251 5 0.643501 247 255 250 1 -0.785398 248 254 253 2 -0.463648 247 252 253 0 0 
228 234 255 93 -1.45306 132 138 185 65 -0.948764 70 77 150 41 -0.869942 29 40 130 54 -0.521434 0 10 112 96 0.99139 76 90 196 27 -1.82447 49 63 169 50 -1.0541 6 20 122 52 -0.0576284 3 19 116 116 0.809784 89 104 196 20 -2.25311 73 90 177 26 0.514451 88 105 186 24 1.61244 117 131 203 19 2.60987 133 146 202 56 1.6065 196 208 242 53 0.785398 241 251 255 1 3.14159 248 255 255 0 0 253 255 254 0 0 253 255 255 0 0 253 255 255 0 0 
241 248 255 66 -1.72117 171 180 214 89 -0.793272 98 109 167 81 -0.147078 79 92 168 46 -0.463648 55 66 156 28 0.835357 72 87 180 19 2.88427 79 93 182 17 -1.68791 62 77 163 26 1.26109 87 104 185 14 -2.45586 78 95 174 20 1.67046 98 115 194 15 -2.35619 89 106 179 39 0.202322 104 118 177 72 0.352309 134 147 191 130 0.823218 239 250 255 1 -2.35619 245 252 255 10 3.04192 251 254 255 0 0 255 255 255 0 0 255 255 255 0 0 255 255 255 0 0 
238 245 248 9 0.785398 241 249 255 46 -1.50567 187 198 230 70 -0.805395 128 142 190 101 -0.450374 81 94 156 142 -0.119988 60 76 143 147 0.14956 84 98 164 109 -0.0641321 77 92 155 108 0.0554985 85 99 158 109 0 85 99 157 116 0.0945449 94 111 167 124 0.319206 135 153 200 87 0.438012 179 193 229 64 0.796387 230 244 255 7 0.982794 245 254 255 10 -1.76819 240 246 241 15 0.785398 253 255 254 0 0 255 255 255 0 0 255 255 255 0 0 255 255 255 0 0 
248 255 246 0 0 248 255 255 0 0 239 251 255 0 0 223 238 255 0 0 225 239 255 0 0 210 225 255 0 0 197 211 255 0 0 189 203 255 0 0 197 211 255 0 0 204 219 255 0 0 216 233 255 0 0 217 236 255 0 0 228 242 255 0 0 238 251 255 0 0 248 255 246 0 0 255 255 247 0 0 255 255 252 0 0 255 255 255 0 0 255 255 255 0 0 255 255 255 0 0 
