248 253 252 3 0.588003 250 255 254 1 0.785398 253 255 255 8 -2.62245 249 251 251 5 0.785398 255 255 254 5 -2.76109 253 254 252 2 2.35619 255 255 254 4 -1.5708 253 251 250 3 0.588003 255 253 252 2 0.785398 255 255 254 2 -2.35619 253 253 253 2 0.785398 255 255 255 3 3.14159 253 255 255 9 -2.43297 247 249 250 8 0.785398 251 255 255 6 -2.46685 247 251 252 5 0.785398 255 255 255 0 0 255 255 255 0 0 255 255 255 0 0 255 255 255 0 0 
253 255 255 0 0 253 255 254 9 -2.27942 246 248 248 9 0.86217 253 255 254 5 -1.5708 250 251 249 1 2.35619 251 252 250 5 0.927295 255 255 254 3 -2.81984 255 254 253 1 0.785398 255 255 254 3 -2.55359 255 253 252 2 0.785398 255 255 255 13 -2.91479 252 252 252 5 -0.927295 246 248 249 9 0.785398 253 255 255 5 -1.5708 248 250 251 5 1.19029 253 255 255 3 3.14159 255 255 255 0 0 255 255 255 0 0 255 255 255 0 0 255 255 255 0 0 
255 255 254 6 -1.89255 249 250 246 7 0.694738 254 255 253 2 2.67795 255 255 254 7 -2.26553 249 250 248 7 0.694738 254 255 253 2 -1.10715 252 252 252 6 2.67795 255 255 255 101 -3.1119 252 252 252 77 3.10265 255 255 255 13 -1.5708 242 242 242 18 0.785398 255 255 255 1 3.14159 255 255 255 1 3.14159 255 255 255 10 -2.85014 252 252 252 3 0 252 252 252 4 0.785398 255 255 255 0 0 255 255 255 0 0 255 255 255 0 0 255 255 255 0 0 
253 254 250 2 1.10715 255 255 252 4 -2.35619 252 253 249 3 -0.588003 250 251 247 5 1.19029 255 255 254 2 3.14159 253 255 255 9 -1.5708 244 246 246 92 -1.47328 152 154 155 21 1.4289 173 175 176 142 2.54581 253 255 255 59 3.14159 253 255 255 2 -2.67795 254 254 254 1 3.14159 254 254 254 10 -2.07789 245 246 244 14 0.785398 255 255 254 0 0 255 255 254 5 3.14159 255 255 255 0 0 255 255 255 0 0 255 255 255 0 0 255 255 255 0 0 
255 255 250 2 -1.10715 254 254 248 4 0.785398 255 255 252 73 -3.10052 252 253 251 71 3.12751 251 253 253 3 2.55359 251 255 255 12 3.14159 251 255 255 128 -2.27351 153 156 160 128 -2.25161 53 56 60 141 1.37894 192 195 199 111 2.60578 249 253 254 20 3.14159 251 253 253 4 -1.32582 249 249 249 8 0.785398 255 255 254 0 0 255 255 254 7 -2.35619 252 250 249 7 0.785398 255 255 255 0 0 255 255 255 0 0 255 255 255 0 0 255 255 255 0 0 
255 255 251 10 3.14159 255 255 251 73 -1.5708 182 183 179 17 -3.08284 179 182 180 122 2.54225 246 250 251 199 -3.10643 238 243 246 177 -2.73079 165 171 176 107 -2.04274 69 75 80 38 2.9341 77 83 90 46 2.79282 93 99 104 142 1.9435 228 233 236 147 2.99874 250 254 255 16 3.07917 253 255 255 0 0 255 255 254 8 -2.52134 252 250 249 6 0.896055 255 255 254 1 3.14159 255 255 255 0 0 255 255 255 0 0 255 255 255 0 0 255 255 255 0 0 
247 247 241 14 0.785398 255 255 252 90 -1.62629 163 166 164 118 -0.797302 76 81 80 29 -1.33395 44 51 54 40 2.33865 71 80 84 49 2.07987 112 122 129 108 -2.24554 27 36 45 10 0.197396 29 38 47 11 0.785398 37 46 55 40 1.84571 78 86 93 162 1.94902 231 237 242 161 3.03639 251 255 255 10 -2.42276 246 248 248 9 0.708626 254 255 253 6 3.14159 255 254 253 1 0.785398 255 255 255 0 0 255 255 255 0 0 255 255 255 0 0 255 255 255 0 0 
255 255 252 5 -2.11122 250 251 247 5 -0.380506 244 249 248 163 -1.73695 82 87 88 64 -1.55517 14 23 27 59 0.583373 45 55 62 14 -0.0713075 43 53 63 7 -1.8491 34 46 56 19 0 36 45 58 11 -1.30454 25 35 45 10 -1.3734 16 25 34 52 1.24306 68 76 83 180 1.91009 242 247 250 148 3.08759 251 255 255 37 -2.95461 248 248 248 9 0.785398 255 255 255 5 3.14159 255 255 255 0 0 255 255 255 3 3.14159 255 255 255 0 0 255 255 255 0 0 
252 253 251 4 0.785398 253 255 255 35 -1.85685 217 221 222 133 -1.58583 81 88 91 25 -2.49809 62 72 79 8 -0.358771 58 68 78 18 -1.9614 39 51 63 25 0.588003 51 65 77 17 -1.92957 37 48 62 12 -1.32582 25 37 49 29 0.170735 32 42 52 27 -1.78947 6 15 24 90 1.12685 92 98 103 141 2.13916 214 217 221 147 2.8884 253 255 255 50 -3.04192 250 250 250 24 2.9362 255 255 255 30 -3.04192 254 252 252 5 2.49809 255 255 255 7 -2.26553 251 249 249 0 0 
253 255 255 10 -1.76819 241 245 246 26 -1.3078 215 218 222 164 -1.98286 61 67 72 15 1.01914 70 79 88 18 -1.84174 51 61 71 17 0.665969 60 72 84 13 -1.93797 45 58 72 13 -0.566729 40 51 65 34 0.424194 54 66 78 31 -1.86225 26 36 46 29 0.664046 45 54 63 33 -1.39094 16 22 29 63 0.965252 70 74 79 130 1.5708 203 204 208 135 2.98614 224 226 227 133 -3.13407 227 225 225 139 2.97644 250 248 248 182 3.1306 252 250 250 94 3.08845 255 255 255 0 0 
251 253 254 2 -0.463648 248 252 253 99 -1.5405 149 152 156 95 -2.19959 69 75 80 24 3.14159 67 74 83 14 3.07029 66 75 85 13 -2.5128 57 66 79 4 2.35619 58 70 82 13 1.344 73 82 95 29 -2.03444 47 56 69 16 0.124355 50 59 69 15 0.0665682 53 60 69 16 -0.185348 52 58 65 26 0.651077 70 74 79 9 -2.72337 69 69 75 23 1.91957 91 92 96 44 -3.00606 89 86 88 49 -2.70497 68 66 66 92 1.80003 158 156 156 138 2.59373 230 228 228 0 0 
255 254 255 0 0 253 255 255 158 -1.6277 93 96 100 45 -1.46014 47 51 56 21 2.65711 55 61 68 27 2.99451 59 64 73 28 3.14159 57 63 74 21 2.71874 64 73 83 35 -3.05609 61 70 80 13 2.91479 66 72 83 1 1.5708 69 74 83 5 0.380506 71 76 85 17 0.117109 75 78 86 18 -2.27942 62 65 70 31 -3.04512 61 61 67 34 -2.72918 49 48 52 13 -2.61352 44 41 43 6 2.67795 47 45 45 8 -2.19105 40 38 38 136 1.68791 176 174 174 0 0 
255 254 255 9 -1.68145 246 245 247 144 -1.50838 102 101 103 74 -1.17292 31 32 36 4 0.463648 31 34 38 3 2.1588 34 37 42 15 2.58994 41 44 52 46 -3.01189 35 38 46 20 1.17227 54 57 65 22 2.35619 70 73 81 14 2.70918 77 79 87 19 2.35619 91 93 101 40 -2.40878 66 66 72 35 -1.94607 35 33 39 6 -0.674741 31 29 35 21 0.2783 39 35 40 1 -0.785398 38 35 37 8 0.519146 42 40 40 24 -2.29744 24 22 22 155 1.35073 176 174 174 0 0 
255 253 255 1 1.5708 255 254 255 124 -1.60304 133 130 132 148 -0.685256 37 36 38 143 -0.0279647 33 32 34 92 -0.0867383 25 24 26 87 -0.289271 0 0 3 167 0.291457 46 47 51 183 -0.0273156 41 42 46 71 0.268703 60 61 65 49 3.0399 67 66 70 40 -3.09163 65 64 68 15 -2.44685 55 54 58 15 -1.5708 42 38 43 12 1.5708 54 50 55 15 -2.03444 40 37 39 18 0.270947 45 43 43 26 -0.785398 26 24 24 114 0.283096 58 56 56 264 0.753324 239 237 237 0 0 
255 253 254 3 -1.5708 255 250 251 6 -0.896055 250 245 246 66 -1.48014 182 180 180 90 -0.652331 127 125 125 130 -0.122461 111 109 109 149 0.347062 162 160 160 116 0.65727 233 231 231 121 -1.37179 114 112 112 153 -0.702257 15 13 13 121 0.11519 29 26 28 86 0.303571 55 52 54 39 0.0512372 57 54 56 29 -0.54042 44 39 41 68 0.0733973 49 44 46 58 0.190639 60 55 57 131 0.0457695 64 62 62 187 0.394381 136 134 134 163 0.781069 251 249 249 2 0.463648 252 250 250 0 0 
255 253 254 1 0.785398 255 254 255 3 -1.5708 255 251 252 3 0 254 252 252 4 0.785398 255 255 254 5 -1.5708 252 250 249 5 0.380506 255 252 251 4 0.785398 255 255 254 26 -1.5708 233 229 228 98 -1.31347 136 134 133 123 -0.195806 114 109 110 141 -0.12787 94 92 92 152 -0.078784 84 79 81 165 0.170119 112 107 109 141 -0.0425275 106 101 103 174 0.509887 191 186 188 83 0.614663 237 235 235 25 0.643501 252 250 250 5 0.197396 253 251 251 5 0.785398 255 255 255 0 0 
255 255 255 0 0 255 255 255 0 0 255 255 255 0 0 255 255 255 0 0 255 255 255 0 0 255 255 255 0 0 255 255 255 0 0 255 255 255 1 -1.5708 255 254 254 1 2.35619 255 255 255 5 -1.5708 252 250 250 7 -0.876058 244 244 244 7 -0.141897 245 243 243 9 0.708626 251 249 249 7 0.785398 255 254 254 1 0.785398 255 255 255 1 3.14159 255 255 255 0 0 255 255 255 0 0 255 255 255 0 0 255 255 255 0 0 
255 255 255 0 0 255 255 255 0 0 255 255 255 0 0 255 255 255 0 0 255 255 255 0 0 255 255 255 0 0 255 255 255 0 0 255 255 255 2 -1.5708 253 253 253 2 1.5708 255 255 255 0 0 255 255 255 4 -1.5708 251 251 251 4 -0.244979 250 250 250 5 0.785398 254 254 254 1 0.785398 255 255 255 1 -1.5708 254 254 254 1 1.5708 255 255 255 0 0 255 255 255 0 0 255 255 255 0 0 255 255 255 0 0 
255 255 255 0 0 255 255 255 0 0 255 255 255 0 0 255 255 255 0 0 255 255 255 0 0 255 255 255 0 0 255 255 255 0 0 255 255 255 2 -1.5708 253 253 253 2 0.785398 255 255 255 0 0 255 255 255 0 0 255 255 255 2 -2.67795 254 254 254 1 2.35619 255 255 255 0 0 255 255 255 1 -1.5708 254 254 254 1 0.785398 255 255 255 0 0 255 255 255 0 0 255 255 255 0 0 255 255 255 0 0 
255 255 255 0 0 255 255 255 0 0 255 255 255 0 0 255 255 255 0 0 255 255 255 0 0 255 255 255 0 0 255 255 255 0 0 255 255 255 0 0 255 255 255 0 0 255 255 255 0 0 255 255 255 0 0 253 253 253 0 0 253 253 253 0 0 255 255 255 0 0 255 255 255 0 0 255 255 255 0 0 255 255 255 0 0 255 255 255 0 0 255 255 255 0 0 255 255 255 0 0 
