255 250 253 0 0 255 251 252 1 0.785398 255 253 252 0 0 255 254 250 0 0 255 255 249 0 0 253 254 250 0 0 251 254 252 0 0 251 253 254 2 1.5708 253 252 255 8 -2.19105 246 245 255 7 0.588003 252 248 255 3 0.588003 254 251 255 5 -1.3734 251 248 250 6 1.73594 255 255 252 9 3.14159 255 255 249 5 -1.5708 246 252 247 4 1.81578 238 254 255 7 -2.35619 228 247 255 134 -3.12667 228 245 255 9 2.35619 235 253 255 0 0 
255 250 253 1 0.785398 255 252 253 0 0 255 253 252 0 0 255 254 250 0 0 253 254 250 0 0 253 254 250 0 0 253 254 252 0 0 253 253 253 3 -1.5708 250 249 253 4 1.5708 254 252 255 1 2.35619 255 252 255 7 3.14159 255 253 255 7 -1.97569 248 247 251 7 -0.2783 244 246 246 12 0.844154 253 255 252 6 -1.89255 240 251 249 2 0 231 248 255 201 -2.41247 92 113 128 169 0.831391 219 238 251 17 2.72918 226 246 255 0 0 
255 252 254 0 0 255 252 254 0 0 255 253 253 0 0 253 253 253 0 0 253 253 253 0 0 253 254 252 0 0 253 254 252 0 0 255 253 252 3 -1.5708 254 250 249 5 0.643501 255 252 253 5 -1.19029 250 247 249 4 1.10715 252 251 255 3 1.89255 251 254 255 9 -3.03094 247 253 255 1 -0.785398 242 252 255 8 -2.89661 235 250 255 206 -2.31512 78 97 110 185 0.777765 204 227 242 30 -2.97644 201 223 235 96 -3.07917 195 217 229 0 0 
255 252 254 0 0 253 252 254 0 0 253 252 254 0 0 253 252 254 0 0 251 253 254 0 0 253 253 253 0 0 255 253 252 0 0 255 254 250 1 1.5708 255 255 250 1 2.35619 255 255 252 8 -2.52134 252 250 250 5 0.197396 247 250 254 5 -1.19029 237 245 252 12 0.785398 241 253 255 12 -2.18152 226 242 255 189 -2.35619 88 108 125 169 0.789582 208 229 244 43 -2.30705 176 198 210 102 -2.37688 107 126 139 170 0.748071 223 242 255 0 0 
253 252 254 0 0 251 253 254 0 0 251 252 255 0 0 251 252 255 0 0 253 252 255 0 0 253 252 254 0 0 255 253 252 0 0 255 254 249 0 0 255 255 247 5 -1.19029 252 250 242 7 1.8491 253 255 252 2 -1.5708 246 253 255 5 2.76109 239 254 255 11 -2.48055 225 245 255 210 -2.43348 83 106 132 170 0.772951 202 225 251 38 -2.33801 183 199 216 107 -2.34304 111 122 136 176 0.813503 241 250 255 2 -1.5708 239 248 255 0 0 
251 253 254 0 0 251 253 254 0 0 251 252 255 0 0 253 252 255 0 0 253 252 255 0 0 255 252 254 0 0 255 253 252 0 0 255 254 250 2 2.03444 255 255 249 9 -1.68145 244 248 242 12 0.785398 248 255 254 13 -2.57486 234 249 252 4 -0.463648 225 244 255 180 -2.07413 60 84 106 190 0.863307 199 227 255 46 -2.44685 173 197 227 95 -2.2143 109 123 141 173 0.756835 235 243 255 11 0.661043 242 250 255 10 -2.76109 238 247 255 0 0 
249 254 253 0 0 249 254 253 0 0 251 253 254 0 0 253 252 254 0 0 255 252 254 0 0 255 252 254 0 0 255 253 253 1 -2.35619 250 253 251 2 1.5708 249 255 253 2 2.67795 246 255 255 11 -1.83705 228 246 247 10 0.851966 231 252 255 142 -2.43068 132 157 173 87 0.648057 182 208 232 15 -1.63736 163 191 222 94 -2.57405 118 140 168 143 0.844734 235 250 255 5 2.76109 243 254 255 12 -1.73594 231 242 250 16 0.785398 243 254 255 0 0 
248 254 253 0 0 249 254 253 1 0 253 253 253 1 3.14159 255 252 254 2 0 255 252 254 5 3.14159 255 252 254 1 -1.5708 250 252 253 2 0 245 252 255 4 3.14159 240 253 255 3 3.14159 233 253 255 3 -0.321751 226 252 255 146 -2.32239 116 144 155 125 0.740485 201 227 244 26 -2.38321 183 207 231 105 -2.03444 89 111 139 181 0.754158 216 236 255 12 0.610726 232 246 255 7 0.785398 242 252 255 2 1.5708 244 255 255 8 -1.81578 236 247 251 0 0 
249 254 252 2 0.463648 252 255 253 7 -2.86329 254 252 251 4 0.785398 255 254 255 13 -2.57486 252 247 248 7 0.785398 253 252 254 2 0.463648 249 253 255 6 -1.40565 234 247 255 1 1.5708 226 248 255 7 0.982794 227 254 255 142 -2.32138 117 150 165 120 0.797162 203 236 252 38 -2.35619 180 208 225 65 -2.36695 139 160 181 116 0.815692 230 244 255 2 2.35619 235 248 255 4 0.463648 242 252 255 0 0 244 253 255 0 0 244 253 255 0 0 244 253 255 0 0 
253 255 254 10 -2.28963 245 248 246 11 0.785398 255 255 254 11 -1.91957 246 244 243 14 0.68573 255 253 253 2 2.35619 251 254 255 3 3.14159 244 253 255 17 -2.72918 229 246 255 8 0.62025 223 251 255 125 -2.28288 123 156 176 98 0.900825 198 233 253 27 -1.9853 175 208 228 58 -2.21088 135 161 178 115 0.773204 225 241 255 8 0.358771 235 244 255 11 0.785398 248 253 255 9 -2.92292 248 253 255 0 0 249 254 253 0 0 249 253 254 0 0 249 254 253 0 0 
248 249 247 9 0.86217 255 255 254 5 -2.2143 253 251 250 4 2.03444 255 255 255 6 -2.46685 249 251 252 1 1.5708 245 251 255 13 -1.344 223 238 247 22 0.785398 230 253 255 120 -2.36796 137 168 189 78 0.658806 180 216 240 5 2.11122 187 221 245 70 -2.37619 141 172 193 100 0.785398 223 243 255 7 0.876058 238 250 255 3 1.5708 251 254 255 12 -2.35619 248 246 246 11 0.661043 255 253 253 0 0 255 253 252 0 0 255 253 253 0 0 255 253 252 0 0 
255 254 253 2 -1.10715 252 253 251 11 -2.87534 249 249 249 6 0.165149 246 250 251 5 0.197396 244 251 254 4 1.32582 241 254 255 8 3.14159 234 253 255 117 -2.32007 141 167 184 89 0.793272 199 230 253 24 -2.35619 179 213 237 53 -2.21057 139 170 193 108 0.739678 218 244 255 5 1.76819 233 249 255 4 0.244979 243 251 255 6 -1.10715 246 246 246 10 0.982794 255 255 252 10 -2.9442 255 253 252 0 0 255 253 252 0 0 255 253 252 0 0 255 253 252 0 0 
255 254 255 14 -1.71269 241 241 241 19 0.785398 251 255 255 6 3.14159 246 255 255 6 -2.67795 236 252 255 5 -1.76819 226 246 255 97 -2.30514 148 174 188 87 0.704927 202 230 247 21 -2.28963 186 213 233 42 -2.28963 154 181 201 90 0.863365 228 250 255 8 -1.92957 226 243 255 14 0.785398 244 253 255 10 3.14159 251 254 255 7 -2.7367 254 252 251 7 -1.2925 249 246 242 12 0.674741 253 254 252 0 0 251 254 252 0 0 251 254 252 0 0 249 254 252 0 0 
255 252 253 2 1.5708 255 254 255 9 -2.43297 244 248 253 6 0 235 248 255 6 0.321751 228 250 255 93 -2.31077 154 181 195 78 0.866302 210 241 255 37 -2.45026 188 216 233 35 -2.13537 161 186 202 78 0.776389 222 241 255 13 0.528074 234 248 255 7 0.785398 246 253 255 13 -2.30361 241 244 248 10 0.291457 248 248 248 6 1.10715 255 254 253 1 0.785398 255 255 252 6 -2.81984 253 254 252 0 0 251 254 252 0 0 251 254 252 0 0 249 254 252 0 0 
255 251 254 5 -1.76819 250 246 251 9 0.86217 246 253 255 1 3.14159 236 254 255 86 -2.25815 160 186 202 67 0.732815 199 232 248 20 -1.62075 179 212 228 20 -2.39066 169 198 213 66 0.742871 223 242 255 13 0.942 241 253 255 0 0 250 254 255 11 -2.23184 246 245 247 9 1.24905 255 255 255 4 -1.5708 253 251 251 4 1.32582 255 255 254 7 -2.1588 249 250 248 6 0.674741 255 253 253 0 0 255 252 253 0 0 255 252 253 0 0 255 253 253 0 0 
255 250 255 2 1.10715 254 252 255 1 0 243 252 255 71 -2.287 181 199 210 58 0.712358 210 237 251 6 -1.40565 202 231 245 46 -2.3259 170 197 211 72 0.75628 225 247 255 7 0.588003 238 251 255 3 1.24905 248 254 255 7 -1.8491 246 248 249 5 0.197396 251 249 249 7 0.982794 255 255 254 3 -2.1588 254 252 251 1 -0.785398 251 251 251 3 0.982794 254 254 254 1 -2.35619 255 252 253 0 0 255 252 253 0 0 255 252 254 0 0 255 252 254 0 0 
253 251 255 2 0.785398 251 254 255 56 -2.1294 196 206 213 53 0.772066 228 244 250 5 -1.9513 220 239 246 53 -2.31622 181 200 207 72 0.77569 237 250 255 5 0.643501 245 253 255 2 -2.67795 248 252 255 0 0 251 253 254 0 0 251 253 254 0 0 251 253 253 0 0 251 253 253 0 0 251 253 253 0 0 253 254 252 0 0 255 253 252 0 0 255 253 253 0 0 255 253 253 0 0 255 253 253 0 0 255 253 253 0 0 
251 253 255 30 -1.73594 218 224 231 36 0.588003 234 245 249 8 -2.78282 228 243 246 47 -2.17634 187 204 207 71 0.755704 240 252 255 4 0.785398 248 255 255 3 -2.1588 250 251 255 3 2.81984 253 252 254 0 0 253 252 254 0 0 251 253 253 0 0 249 254 253 0 0 248 254 253 0 0 249 254 253 0 0 253 254 252 0 0 255 253 252 0 0 253 253 253 0 0 253 253 253 0 0 253 253 253 0 0 253 253 253 0 0 
246 248 255 7 0.785398 248 254 255 18 -1.78947 226 237 241 24 -1.14417 201 216 219 53 0.837981 241 255 255 4 3.14159 243 255 255 10 -2.9442 246 253 255 4 -2.03444 247 248 252 4 1.32582 253 252 254 0 0 253 252 254 0 0 251 253 253 0 0 249 254 253 0 0 248 254 253 0 0 249 254 253 0 0 253 254 252 0 0 255 253 252 0 0 253 253 253 0 0 253 253 253 0 0 253 253 253 0 0 253 253 253 0 0 
251 253 255 0 0 244 250 255 0 0 236 247 251 0 0 237 252 255 0 0 237 252 255 0 0 233 245 249 0 0 246 251 254 0 0 248 249 253 0 0 253 252 254 0 0 253 252 254 0 0 251 253 253 0 0 249 254 253 0 0 248 254 253 0 0 249 254 253 0 0 253 254 252 0 0 255 253 252 0 0 253 253 253 0 0 253 253 253 0 0 253 253 253 0 0 253 253 253 0 0 
