183 105 89 8 -2.78282 179 103 85 2 -2.03444 177 102 80 4 -0.244979 172 103 76 5 -0.643501 169 101 72 5 -0.197396 166 101 70 4 0.785398 173 103 74 6 2.03444 181 107 81 15 -2.35619 171 95 72 7 1.2925 180 101 80 3 -2.55359 182 97 81 8 1.5708 188 106 88 13 -1.49402 173 94 75 11 -0.348771 166 92 68 24 1.10715 184 115 88 14 -2.0032 169 103 74 10 1.67046 183 112 85 21 3.09401 184 113 86 15 -3.00904 182 111 84 6 -2.24554 177 106 79 0 0 
174 97 81 5 0.927295 178 102 84 5 0.643501 179 106 84 1 -2.35619 176 107 80 5 -2.76109 172 106 77 3 -1.89255 169 104 73 12 -0.244979 168 100 71 17 -0.117109 168 97 70 13 0.152649 172 98 74 9 0.218669 175 99 77 2 0.463648 178 99 80 10 1.0637 187 108 89 4 -2.35619 182 106 84 4 -1.10715 175 103 79 5 1.19029 176 109 82 10 -2.28963 168 102 73 19 -0.531724 160 91 64 33 0.209023 167 98 71 18 0.512389 176 107 80 5 1.19029 181 112 85 0 0 
175 101 83 5 1.76819 178 107 87 2 -1.5708 174 107 82 5 -1.76819 168 104 74 2 1.10715 168 107 75 15 0.694738 178 117 83 24 0.0831412 182 118 87 25 -0.235545 177 111 82 19 -0.104877 177 107 83 10 -0.507098 174 101 79 6 0.674741 180 104 85 7 0.141897 181 105 86 2 1.10715 181 108 86 5 -0.785398 173 106 79 11 -0.348771 168 104 74 22 0.785398 184 120 89 44 0.135528 190 126 96 71 -0.139925 180 116 86 41 -0.121352 175 111 81 8 0.358771 178 114 84 0 0 
170 101 81 8 2.35619 176 108 85 3 -2.1588 172 107 79 5 -0.54042 167 105 75 17 0.868539 178 120 85 27 0.912908 200 142 107 16 0.185348 203 144 112 13 -1.04272 193 131 101 12 -1.73594 183 117 92 10 -0.982794 175 107 84 6 1.40565 181 112 92 5 -1.5708 176 108 85 9 0.558599 180 114 89 21 0.141897 183 118 90 27 0.0370201 182 121 89 52 1.00407 224 165 133 41 0.922464 255 198 166 40 -1.3734 217 157 127 38 -1.38863 181 119 89 11 -1.10715 169 109 79 0 0 
161 97 73 26 0.394791 171 107 82 18 0.218669 173 113 83 10 0.291457 174 117 85 19 1.51821 193 137 102 21 1.8491 214 158 123 11 -2.60117 208 151 119 21 -1.80454 187 130 99 4 -1.5708 185 125 96 16 -1.05165 171 109 85 5 1.19029 176 113 92 6 2.67795 179 117 93 19 1.15257 197 136 110 16 0.571337 206 146 116 11 0.179853 208 150 115 41 1.54641 247 191 156 33 2.63743 255 206 174 68 -2.50101 222 165 133 48 -2.16455 184 125 93 10 -1.27934 172 115 83 0 0 
183 122 96 41 0.0972532 185 127 98 33 -0.120624 181 124 92 21 -0.2783 175 119 84 13 1.04272 185 132 95 19 2.10252 202 149 112 14 -3.07029 201 147 114 16 -1.75614 185 130 99 13 0.298499 189 133 104 20 -1.3734 169 112 87 6 -0.463648 166 108 86 17 1.62955 183 126 101 24 1.44644 207 150 124 9 2.43297 215 158 127 17 -2.65164 207 151 116 13 2.19959 218 163 126 33 -2.83871 208 152 117 26 -2.62714 195 138 106 12 -2.18152 187 128 96 6 0 185 128 96 0 0 
222 164 135 20 -0.197396 218 161 130 28 -0.607802 202 145 113 32 -0.655696 182 126 91 21 -0.233743 177 122 85 16 0.915101 190 135 98 10 1.76819 198 144 111 1 3.14159 197 143 112 8 -0.62025 192 137 110 18 -1.84174 172 118 93 10 -1.19029 162 108 85 21 1.38257 183 129 104 14 1.4289 199 144 117 13 -2.98894 198 143 112 14 -3.07029 199 143 108 14 -1.13839 186 131 94 5 -0.197396 187 129 94 27 0.110657 190 132 97 20 0.14889 195 134 100 9 0.218669 195 137 102 0 0 
240 185 154 18 -3.08609 239 185 152 16 -2.22649 228 171 139 25 -1.5708 203 147 112 17 -1.15839 187 132 95 8 0.124355 188 132 97 11 1.30454 197 143 110 10 2.2143 204 150 120 22 -2.25972 183 132 106 11 -0.909753 172 122 99 10 -1.47113 162 112 89 19 1.82812 181 131 108 8 -0.124355 184 131 104 9 -0.321751 183 129 98 22 1.00748 205 149 114 17 -2.23677 193 135 99 24 1.05165 216 155 121 15 -0.260602 212 151 117 9 -1.0122 206 143 109 8 -1.44644 196 135 101 0 0 
221 167 136 15 2.67795 229 175 142 17 -2.96692 228 171 139 24 -2.29744 212 154 119 16 -2.00742 197 139 104 4 -1.10715 193 135 100 10 0.197396 191 136 105 20 0 188 135 108 28 0.141897 188 138 115 31 -0.491809 170 123 101 21 -0.851966 154 107 85 33 1.2397 186 139 117 8 0 189 140 114 7 0 195 141 111 8 -0.519146 194 137 105 9 1.15257 207 146 112 24 1.69515 233 169 138 17 -2.19105 219 155 124 14 -2.1588 208 143 112 5 -2.60117 204 140 109 0 0 
205 154 122 4 2.03444 211 157 126 6 -2.81984 210 156 123 9 -1.89255 205 146 114 8 -0.785398 199 140 108 10 0.380506 201 144 113 15 0.927295 210 156 126 12 0.726642 214 163 137 14 0.2783 213 166 145 31 -1.14938 180 137 118 19 -1.82812 160 118 99 29 1.63965 190 147 126 2 -0.463648 193 146 124 10 0 198 148 120 13 -0.528074 198 141 110 11 0.179853 204 143 111 18 1.18019 223 159 128 16 -2.35619 211 147 116 9 -1.46014 202 138 108 15 0.0665682 203 139 108 0 0 
198 152 121 4 0 199 152 120 3 0.321751 206 152 121 5 0 207 152 121 11 -0.179853 207 150 119 11 0.266252 208 152 123 12 1.32582 217 163 138 13 1.93797 225 176 154 8 2.78282 221 179 160 49 -1.91786 168 132 114 35 -2.67795 150 116 100 39 2.13753 185 149 131 11 2.48055 199 156 135 6 0.321751 207 159 135 11 -0.785398 206 151 124 9 -0.218669 209 149 119 14 -0.141897 207 147 117 3 0.321751 210 148 118 6 0.896055 215 152 124 5 1.19029 220 158 128 0 0 
196 156 127 5 -0.197396 197 156 124 4 0.785398 205 158 127 6 1.40565 215 163 133 2 -1.10715 215 161 131 5 -1.19029 208 154 129 5 0.927295 208 158 136 10 1.27934 211 168 149 6 -1.40565 196 162 146 63 -1.80817 129 100 85 14 -2.79857 122 95 81 45 1.68145 169 140 125 23 1.91957 198 162 144 6 0.674741 209 167 144 8 -0.950547 211 160 134 3 0.982794 218 163 136 15 -0.965252 205 150 123 30 0.0665682 207 152 125 22 0.135528 211 154 128 10 0.291457 213 158 131 0 0 
194 162 133 17 -0.174672 195 159 129 16 0.0624188 201 159 130 12 0.499347 211 164 136 5 -0.197396 211 162 136 7 -0.588003 206 158 134 11 0.348771 204 161 140 14 0.588003 205 169 151 24 -1.14417 174 147 133 61 -1.5544 108 86 74 22 0.179853 108 91 78 48 1.03389 154 133 118 35 1.62788 196 168 151 5 0.785398 207 172 152 14 -0.737815 206 162 139 13 0.837981 220 173 146 12 0.726642 228 181 154 14 -2.70918 220 175 148 9 -1.78947 213 166 139 12 -0.499347 205 160 133 0 0 
206 179 152 5 -0.927295 204 176 146 10 -0.380506 207 170 142 15 0 210 170 142 14 0 212 168 144 15 0.0665682 211 169 146 16 0.302885 211 173 155 10 0.588003 210 179 164 31 -1.5708 168 149 136 43 -1.99365 121 109 99 19 0.370891 126 116 106 23 0.694738 143 131 119 45 2.02464 193 172 157 16 2.39965 213 183 164 16 -0.828849 210 171 149 16 0.655696 223 182 157 15 -1.10715 208 168 143 18 0.270947 211 174 148 16 0.244979 215 178 152 12 -0.165149 213 176 150 0 0 
204 183 156 19 2.98499 208 186 158 9 3.03094 216 186 159 3 -0.321751 219 184 158 10 0.0996687 224 183 160 14 0.141897 224 185 163 12 -0.165149 215 182 166 5 -0.643501 205 179 165 49 -1.71269 145 131 119 35 -3.0278 134 127 118 9 2.27942 139 134 125 23 -1.74299 118 112 101 57 2.12017 176 160 147 41 2.16556 219 195 177 10 -1.5708 217 184 164 7 0.588003 225 189 165 3 -1.24905 218 187 162 25 0.119429 220 190 165 9 3.14159 220 190 165 53 -3.04753 215 185 160 0 0 
174 163 141 106 3.01956 189 176 154 93 3.00271 205 188 167 117 3.09036 215 194 173 93 3.08788 222 198 180 46 3.14159 220 197 181 12 -2.24554 206 187 172 18 -0.86217 185 173 161 82 -1.94231 101 96 87 25 1.29779 121 122 113 24 2.7686 128 130 124 70 -2.3663 83 81 73 57 1.34269 144 138 127 58 1.79503 208 195 181 16 -2.89661 213 190 174 3 -0.321751 214 190 172 21 1.4289 231 212 191 79 -2.74001 196 182 160 112 -2.74135 154 137 116 115 -2.85262 119 105 83 0 0 
52 56 45 33 2.25021 78 82 71 31 -2.77905 69 70 60 50 2.5099 99 100 90 80 2.43567 151 152 142 91 2.71225 189 190 180 92 3.03332 197 200 191 96 -2.52494 139 143 137 71 -2.54581 96 103 98 25 -2.9442 91 98 93 60 -0.30092 73 80 77 92 0.152649 88 93 91 37 0.916714 122 123 119 73 2.31775 180 177 172 73 2.9362 198 192 187 90 -3.13048 197 191 184 132 -2.71497 139 138 128 128 -2.63601 73 77 65 81 -2.46107 24 26 14 19 -2.28489 7 11 0 0 0 
20 34 28 18 1.5153 38 52 46 23 -1.48406 15 29 23 10 1.19029 25 39 33 30 1.80003 55 69 63 43 2.40534 83 99 92 56 2.72515 106 121 117 62 -2.52693 70 85 81 34 -2.96692 64 79 75 82 1.24905 143 157 153 21 0.753151 160 171 169 56 -1.28274 108 116 115 45 -1.23516 67 73 72 35 2.03444 100 105 104 56 -3.08807 97 102 101 69 -2.66513 64 71 68 61 -2.29879 16 26 20 13 -1.64757 0 14 6 17 -0.0587558 0 13 5 28 0.211093 4 19 11 0 0 
20 36 29 47 0.416065 39 55 48 53 -0.404892 18 34 27 63 -0.0158717 15 33 26 67 0.0744888 20 38 31 54 0.165149 29 47 40 43 0.588003 53 70 66 33 -0.596199 34 51 47 64 0.982794 88 105 101 68 1.67338 158 173 169 67 2.91812 173 187 185 94 -2.52134 119 132 130 75 -1.77079 47 58 56 31 -0.260602 41 49 48 29 -0.310998 34 40 39 46 -0.239743 21 30 27 88 -0.0680765 13 25 19 66 0.0756131 15 31 24 60 0.165149 26 40 34 44 0.0680765 28 44 37 0 0 
61 79 72 0 0 86 104 97 0 0 79 97 90 0 0 82 100 93 0 0 72 93 85 0 0 63 84 76 0 0 79 99 94 0 0 68 88 83 0 0 81 98 94 0 0 90 107 103 0 0 96 110 108 0 0 103 117 115 0 0 77 88 86 0 0 67 78 76 0 0 79 85 84 0 0 109 118 115 0 0 77 91 87 0 0 75 91 84 0 0 69 85 78 0 0 62 78 71 0 0 
