77 98 100 16 -2.35619 66 85 88 6 -2.97644 67 85 86 56 0.558599 101 114 116 134 -0.0819059 91 103 103 131 -0.0228968 90 100 100 145 -0.0551165 84 92 91 162 0.0862056 98 106 105 135 0.00740727 97 108 106 140 -0.0428309 91 102 100 149 0.0268392 97 105 104 143 -0.00699289 96 104 103 137 -0.00729914 98 102 103 139 -0.0574905 90 94 95 154 -0.0324561 89 88 90 157 0.0509114 95 97 98 144 -0.0347083 88 91 96 149 -0.0536398 77 83 88 100 0.10956 88 94 99 24 -2.58729 73 82 86 0 0 
66 85 88 11 -0.54042 60 79 82 54 1.77544 117 132 134 142 0.949732 235 248 250 32 -2.69183 224 234 234 12 1.99742 237 245 245 33 2.86743 248 254 253 45 -2.85431 235 241 240 8 2.35619 239 247 246 19 2.98499 242 250 249 14 -2.9997 242 248 247 12 -2.53087 235 241 240 2 2.67795 237 241 242 12 2.53087 246 248 249 25 -3.06176 246 245 247 28 -2.96488 241 240 242 29 3.14159 237 240 244 59 -1.86064 177 183 188 122 -1.1218 65 74 78 24 0.726642 81 90 94 0 0 
78 96 97 33 -2.184 51 69 70 151 1.31783 202 215 217 39 0.102207 209 218 221 22 0.463648 223 228 229 17 -1.98321 208 212 213 3 -2.1588 207 209 209 26 1.22524 232 234 234 21 -2.80492 225 228 226 11 0.785398 233 236 234 5 0.380506 233 238 237 3 2.81984 236 238 238 7 -1.71269 229 231 231 8 -1.92957 223 223 223 5 -1.9513 220 217 219 6 -1.40565 212 211 213 14 0.982794 220 223 227 16 0.915101 230 237 240 145 -1.54322 83 92 95 61 -0.114254 76 85 88 0 0 
61 76 78 30 1.50423 93 106 108 171 1.0444 244 253 255 21 -2.38844 233 238 239 20 -0.956133 217 221 222 22 -2.63875 210 210 210 18 2.70175 220 218 218 7 -2.55359 216 214 214 22 1.24905 237 235 234 5 2.11122 242 240 239 7 -0.982794 234 234 234 3 1.5708 237 237 237 12 -2.35619 228 228 228 10 -2.42276 223 221 221 3 -2.55359 223 218 220 12 3.05845 222 219 221 21 2.42276 230 233 237 7 1.97569 234 241 244 88 -1.60487 144 153 156 92 -0.892677 72 81 84 0 0 
65 79 78 114 1.57957 180 192 192 77 0.63832 230 238 238 22 0.625485 246 251 250 53 -1.9928 203 201 201 8 -1.81578 197 192 193 20 1.21781 217 211 212 21 2.71874 228 220 220 22 2.63875 237 232 231 16 2.35619 249 244 243 12 -2.18152 238 234 233 6 -1.24905 232 228 227 8 -1.10715 224 220 219 5 -2.76109 222 218 217 21 -2.59304 211 206 207 27 -3.03094 206 204 204 27 1.5708 227 231 232 7 1.4289 231 239 239 31 -1.00887 202 212 212 145 -1.30575 62 72 72 0 0 
65 77 77 177 1.50873 244 255 253 59 3.10771 250 255 255 80 -2.80024 226 228 228 32 -2.04814 203 198 199 6 2.97644 207 199 200 62 -3.01327 201 191 191 43 2.93527 210 200 200 48 2.74208 229 219 219 63 2.8698 244 236 236 72 -3.1277 243 235 235 74 -3.08759 237 232 231 73 -2.90658 219 215 214 67 -2.91812 204 200 199 68 -2.84309 185 179 180 62 2.74925 206 204 204 33 2.167 228 232 233 47 2.64058 248 255 255 76 -3.06281 242 250 250 170 -1.89255 78 88 88 0 0 
76 89 87 107 1.64542 185 196 193 25 -2.49809 175 180 178 34 1.77384 213 214 212 37 -2.58299 198 193 192 55 -1.5708 145 137 137 50 2.92076 160 148 148 39 2.964 167 155 155 39 3.06482 170 158 158 35 2.97181 174 164 164 39 -3.06482 169 161 161 45 -3.11937 166 161 160 51 -2.90605 153 149 148 36 -2.75099 139 135 134 23 -2.56522 126 122 121 70 2.02807 187 185 184 35 2.9997 188 190 190 15 -2.35619 174 180 179 16 1.69515 190 196 195 94 -1.70822 94 102 101 0 0 
68 82 78 97 1.79836 165 176 173 2 -2.35619 168 173 171 9 1.89255 181 182 180 12 1.24905 198 193 192 106 -1.77004 96 88 88 24 1.05165 121 109 109 16 0.436627 128 116 116 14 2.64765 135 123 123 92 0.0217357 135 125 125 17 -0.54042 124 116 116 37 -0.160763 116 111 110 19 0.207496 119 115 114 6 0 117 115 114 24 -1.32582 95 91 90 62 1.22885 152 150 149 35 2.17455 177 179 179 4 -2.67795 173 178 177 7 2.44685 178 183 182 104 -1.48447 73 79 78 0 0 
46 60 54 116 1.73453 163 175 169 19 -2.98499 164 171 166 16 1.69515 183 187 182 14 -2.0032 176 172 171 75 -1.90935 108 100 100 25 1.21203 134 124 124 21 -1.61838 113 103 103 112 1.4729 225 215 215 77 -1.33525 148 140 140 29 0.448723 158 154 153 30 -0.927295 132 130 129 38 -0.238609 123 121 120 33 0 121 122 120 9 -1.5708 114 112 111 19 1.94169 130 131 129 47 1.89255 175 176 174 10 -2.76109 169 172 170 21 1.9513 189 192 190 141 -1.71969 47 52 50 0 0 
27 41 35 117 1.75982 144 156 150 24 2.53087 162 169 164 12 1.40565 177 181 176 32 -1.44644 149 147 146 53 -2.3825 115 110 109 15 1.1659 131 123 123 9 -1.89255 122 114 114 119 1.44541 239 234 233 118 -2.55359 172 168 167 40 3.04192 174 172 171 39 -3.01408 167 168 166 43 -2.84142 154 155 153 42 -2.2381 121 122 120 16 -1.32582 105 106 104 18 0.558599 115 116 114 53 1.9513 165 166 164 7 -2.86329 163 164 162 7 1.8491 168 171 169 141 -1.68379 27 30 28 0 0 
5 19 13 117 1.46859 124 136 130 36 1.73594 162 172 166 14 1.91382 179 185 180 79 -1.89255 108 109 107 76 0.104877 118 116 115 74 0.067465 125 121 120 57 0.156602 134 130 129 54 0.0923293 137 135 135 49 -0.141897 128 128 128 60 0.0831412 131 134 132 53 -0.149812 123 126 124 55 0.0544915 126 129 127 57 -0.0525831 123 126 124 56 -0.0713075 119 122 120 67 -0.397079 93 96 94 92 0.747249 156 160 155 5 2.49809 159 163 158 7 -1.1659 152 156 151 137 -1.65092 15 19 14 0 0 
19 31 25 99 1.64139 118 130 124 42 2.08703 159 166 161 6 -2.03444 154 160 155 28 1.13839 182 185 183 32 2.95624 190 191 189 25 -2.64225 178 179 177 11 2.60117 184 185 183 10 3.14159 182 184 184 9 2.72337 186 188 188 18 -3.03094 182 187 186 16 -2.76109 176 181 179 10 2.63449 181 186 184 10 -2.76109 177 182 180 12 2.97644 181 184 182 23 -2.11122 161 164 162 14 -0.68573 152 156 151 10 1.9513 160 166 161 21 -1.71269 141 145 140 125 -1.69912 15 21 16 0 0 
14 24 18 85 1.51204 99 109 103 57 1.83705 156 163 158 9 1.35213 166 172 167 19 -1.94169 150 153 151 16 1.44644 166 169 167 13 3.14159 166 168 168 7 2.1588 170 175 174 10 3.04192 170 175 176 17 -2.85554 165 171 170 7 2.9997 166 172 171 5 3.14159 166 172 171 15 2.88099 171 176 175 20 -2.85014 165 170 169 9 2.92292 169 172 170 12 2.89661 172 175 173 31 -2.28963 146 151 149 11 1.5708 156 163 160 34 -1.68791 123 128 126 107 -1.72982 16 23 20 0 0 
21 28 23 65 1.46352 86 93 88 73 1.80266 159 165 160 8 3.14159 159 165 160 12 -0.844154 152 155 153 19 3.08901 151 156 154 10 1.0637 160 165 164 2 3.14159 159 165 164 12 -2.64225 151 159 159 5 1.19029 156 164 164 5 2.60117 159 167 166 12 -2.24554 149 157 156 5 -0.197396 151 156 155 5 1.3734 158 160 160 8 -3.01724 159 160 158 9 -2.43297 151 154 152 5 -2.60117 145 152 149 7 1.5708 150 159 156 47 -1.67678 103 112 109 88 -1.71746 15 24 21 0 0 
29 35 30 42 1.81003 70 76 71 81 1.657 151 157 152 16 1.38545 169 173 168 42 -2.11935 131 136 134 26 1.26109 156 161 160 5 2.76109 158 162 163 14 -2.45586 148 153 154 7 1.1659 153 161 161 6 -2.81984 149 159 159 4 3.14159 151 159 159 11 2.87534 154 162 162 7 -2.44685 152 157 156 6 -2.46685 150 152 152 5 3.14159 152 152 152 4 -1.10715 146 148 148 5 2.76109 143 152 149 4 2.67795 143 154 151 55 -1.69739 88 99 96 72 -1.69515 16 27 24 0 0 
19 25 20 44 1.43527 63 69 64 92 1.72345 154 160 155 12 -2.29744 145 151 146 6 -1.5708 139 144 142 12 1.65394 150 156 155 11 -2.79282 146 152 151 5 1.3734 149 157 156 3 -2.55359 147 155 154 2 3.14159 147 155 154 7 -1.8491 140 148 148 8 1.21203 150 156 155 6 -2.46685 146 152 151 4 -1.81578 143 148 147 7 1.2925 152 154 154 14 -2.30861 141 144 142 5 2.49809 139 148 145 5 -2.9442 136 147 144 57 -1.46592 79 90 87 65 -1.89738 17 28 25 0 0 
24 31 26 24 1.44644 48 55 50 98 1.72422 145 152 147 6 -2.97644 144 151 146 7 -1.5708 137 144 139 6 2.81984 137 146 143 11 0.785398 145 154 151 3 0.321751 146 155 152 2 -0.463648 145 154 151 3 0 147 154 151 3 -0.588003 145 151 150 3 0 145 152 149 1 0 145 152 149 1 -1.5708 144 151 148 5 -1.76819 140 145 143 5 -1.76819 135 140 138 2 2.03444 136 143 140 10 1.19029 144 154 148 84 -1.70101 60 70 64 33 -1.84496 28 38 32 0 0 
25 35 29 9 0.708626 31 41 35 106 1.66486 137 147 141 65 3.06482 142 152 146 69 -2.9527 129 139 133 65 2.89288 145 155 149 68 3.0975 148 158 152 75 3.14159 148 158 152 80 3.14159 150 157 154 71 3.14159 150 157 154 69 -3.11262 148 155 152 66 -3.1113 146 153 150 63 -3.12572 145 152 149 61 -3.10882 143 150 147 56 -3.05254 138 145 142 51 -3.04387 133 140 137 47 2.99374 140 147 142 59 -3.05705 135 142 137 96 -2.11836 53 60 55 28 -2.08128 28 35 30 0 0 
32 42 36 16 -0.741947 21 31 25 55 1.14713 72 82 76 46 3.09814 74 84 78 45 -2.96565 66 76 70 31 2.79015 77 87 81 49 -3.06014 73 83 77 45 -3.03094 68 78 72 41 2.92028 79 86 83 56 3.10589 81 88 85 56 3.12374 82 89 86 56 3.12374 83 90 87 59 3.12465 84 91 88 62 3.09324 87 94 91 64 3.14159 87 94 91 64 -3.12597 86 93 90 63 -3.06239 81 88 83 63 3.07819 85 92 87 67 -2.38776 39 46 41 8 -2.78282 36 43 38 0 0 
44 54 48 0 0 44 54 48 0 0 26 36 30 0 0 29 39 33 0 0 36 46 40 0 0 28 38 32 0 0 28 38 32 0 0 28 38 32 0 0 23 30 27 0 0 25 32 29 0 0 26 33 30 0 0 24 31 28 0 0 22 29 26 0 0 23 30 27 0 0 23 30 27 0 0 23 30 27 0 0 18 25 20 0 0 36 43 38 0 0 31 38 33 0 0 48 55 50 0 0 
