250 252 253 3 0 250 252 253 2 -1.10715 248 250 251 5 1.03038 253 255 255 9 3.14159 253 255 255 108 -2.90998 228 230 230 189 3.11514 233 236 234 213 -3.10405 225 228 226 202 3.1119 231 234 232 137 -3.10511 226 229 227 90 -2.95285 209 211 211 75 3.00904 219 221 221 85 2.9305 237 239 240 83 2.94889 253 255 255 18 -2.92292 249 251 252 4 0.244979 250 252 253 3 1.5708 255 255 255 0 0 255 255 255 0 0 255 255 255 0 0 255 255 255 0 0 
253 255 255 8 -2.89661 251 253 254 5 3.14159 251 253 254 7 -1.2925 244 246 246 97 -1.47828 147 149 149 114 -1.91734 39 42 40 45 -2.70764 20 23 21 22 3.00606 23 26 24 74 1.87127 96 97 95 67 2.45065 137 140 138 19 -2.98499 134 136 136 13 3.06482 135 137 137 26 2.27529 155 157 158 89 2.02439 235 237 238 20 2.03444 253 255 255 3 -1.5708 250 252 253 3 0.982794 255 255 255 0 0 255 255 255 0 0 255 255 255 0 0 255 255 255 0 0 
247 246 248 7 0.141897 248 247 249 9 0.785398 255 255 255 7 3.14159 255 255 255 145 -1.67388 110 110 110 111 -1.75944 0 1 0 42 0 0 1 0 59 0.0508037 3 4 0 54 0.850242 46 45 41 78 1.31347 120 121 117 15 0.197396 123 124 122 14 -0.211093 120 121 119 30 -0.0665682 118 118 118 110 1.52537 228 228 228 27 1.82447 255 254 255 10 -3.04192 254 253 255 1 0.785398 255 255 255 0 0 255 255 255 0 0 255 255 255 0 0 255 255 255 0 0 
254 253 255 4 2.89661 255 255 255 7 -1.5708 248 248 248 8 -1.21203 240 241 239 151 -1.47178 89 90 88 59 -0.91716 44 43 39 101 0.16839 61 60 56 124 -0.161191 41 41 35 121 0.207073 68 65 60 128 0.585843 137 136 132 80 0.0249948 139 138 134 62 0.209974 150 151 149 55 -0.503626 123 124 122 101 1.32102 221 221 221 24 1.48766 245 245 245 12 2.18152 255 255 255 3 3.14159 255 255 255 0 0 255 255 255 0 0 255 255 255 0 0 255 255 255 0 0 
252 250 250 5 1.3734 255 255 254 4 -2.03444 253 251 250 5 2.2143 255 255 252 130 -1.57849 127 126 122 20 2.18546 146 143 138 41 1.83916 186 184 176 25 -1.92957 162 160 152 25 0.533708 176 173 165 44 1.75065 219 217 209 27 -2.46107 202 199 194 25 3.10161 201 200 196 65 -2.24792 150 149 145 78 1.8805 225 223 222 17 2.06075 240 238 237 18 0.86217 254 252 252 4 0.785398 255 255 255 0 0 255 255 255 0 0 255 255 255 0 0 255 255 255 0 0 
253 251 250 4 0.463648 255 253 252 5 -1.19029 250 249 245 6 1.10715 255 255 250 141 -1.5708 117 114 109 19 1.94169 136 133 125 46 2.01522 178 176 166 28 2.89661 185 183 172 17 -1.5708 170 165 156 34 1.12013 199 197 187 21 -1.52321 178 175 167 15 -1.5708 162 159 154 38 -2.03444 128 125 120 91 1.60375 217 216 212 35 1.68459 252 250 249 7 0.785398 255 255 254 1 3.14159 255 255 255 0 0 255 255 255 0 0 255 255 255 0 0 255 255 255 0 0 
255 255 254 6 3.14159 255 255 254 5 -2.35619 255 252 248 3 2.1588 255 255 250 148 -1.59782 111 108 100 7 0.785398 118 113 104 34 1.33971 152 148 137 35 1.68459 187 184 170 2 -2.03444 187 181 170 22 2.29378 202 198 187 34 -2.45788 180 175 166 35 -2.03444 146 143 135 23 -2.11122 125 122 117 90 1.55969 215 212 208 45 1.79427 255 255 254 1 -1.5708 255 254 253 4 2.89661 255 255 255 0 0 255 255 255 0 0 255 255 255 0 0 255 255 255 0 0 
251 249 248 6 0.321751 253 252 248 3 -0.588003 253 250 246 6 0.165149 255 252 244 139 -1.58518 118 113 104 8 1.69515 128 122 111 29 2.30861 150 144 131 38 1.41419 188 182 169 29 -2.57228 174 166 153 7 2.44685 177 171 158 12 -1.99742 166 160 149 28 -1.6065 136 131 122 45 -0.154319 127 124 116 79 1.60875 205 202 197 57 1.19991 255 255 254 15 -2.81984 252 250 249 5 1.19029 255 255 255 0 0 255 255 255 0 0 255 255 255 0 0 255 255 255 0 0 
255 255 254 1 -1.5708 255 255 251 1 2.35619 255 255 252 7 -1.97569 253 250 242 138 -1.57804 117 112 103 25 -0.446106 108 102 91 63 0.863888 158 150 137 25 0.273009 165 158 143 5 2.60117 169 160 146 17 2.78282 174 166 153 11 -2.48055 165 159 148 18 1.89255 181 176 167 55 -1.733 124 121 113 103 1.64831 226 223 218 18 1.5153 242 240 239 14 0.982794 254 252 251 4 0.785398 255 255 255 0 0 255 255 255 0 0 255 255 255 0 0 255 255 255 0 0 
255 255 254 2 -1.5708 255 253 252 8 -3.01724 255 253 249 5 -2.11122 252 249 241 114 -1.55325 140 135 126 25 2.8578 149 143 130 68 2.65847 184 175 161 62 -2.76406 161 152 138 29 -2.86329 153 144 130 16 2.22649 165 158 143 7 -2.55359 161 153 140 17 2.11122 172 167 158 56 -1.87579 116 113 105 113 1.71269 227 224 220 25 1.80634 250 248 247 7 1.97569 255 255 254 2 3.14159 255 255 255 0 0 255 255 255 0 0 255 255 255 0 0 255 255 255 0 0 
255 255 255 11 -2.03444 247 245 244 4 1.81578 253 250 246 6 0 254 250 245 140 -1.52797 116 111 102 30 -1.3734 88 82 69 35 1.59936 126 117 103 10 0.71883 133 125 108 26 0.380506 143 135 118 18 1.18019 159 152 137 8 -0.950547 152 144 131 7 1.97569 155 150 141 53 -1.72061 100 96 91 122 1.57899 221 218 214 30 1.19646 247 245 244 12 0.674741 253 253 253 2 0.785398 255 255 255 0 0 255 255 255 0 0 255 255 255 0 0 255 255 255 0 0 
250 249 251 7 -0.982794 244 244 244 13 0.942 255 255 254 4 3.14159 255 255 251 140 -1.68459 122 117 108 37 -1.67849 87 81 68 47 1.18248 133 126 111 27 2.09887 158 150 133 73 -3.03244 150 142 125 53 2.85554 164 157 142 56 -2.87065 147 141 130 55 3.10525 147 142 133 67 -2.38776 99 95 90 137 1.79105 230 228 227 29 1.98902 255 255 255 7 3.14159 255 255 255 13 3.14159 255 255 255 0 0 255 255 255 0 0 255 255 255 0 0 255 255 255 0 0 
252 253 255 2 -2.03444 250 252 253 2 -2.67795 253 251 250 12 -1.24905 243 240 236 128 -1.46185 118 112 105 19 -0.896055 105 99 88 12 1.5708 119 111 98 36 -1.87531 85 76 62 19 2.35619 99 90 76 33 2.77226 110 103 88 35 -2.67795 92 86 75 31 2.88099 96 93 85 33 -2.20835 68 65 61 152 1.61682 218 216 215 32 1.44644 246 248 249 9 -0.708626 240 242 243 17 0.868539 255 255 255 0 0 255 255 255 0 0 255 255 255 0 0 255 255 255 0 0 
249 252 255 3 -1.24905 246 250 251 6 2.24554 255 255 255 2 -1.5708 255 254 250 130 -1.5708 128 125 117 40 -2.40878 105 99 88 58 3.12435 108 100 87 52 -2.32917 71 62 48 10 -0.291457 68 59 45 29 0.386876 78 70 57 29 -0.493941 62 56 45 29 0.664046 76 73 65 20 -0.750929 61 58 54 163 1.55239 220 220 220 35 1.74057 253 254 255 4 -2.67795 249 252 255 4 2.67795 253 255 255 0 0 255 255 255 0 0 255 255 255 0 0 255 255 255 0 0 
249 253 255 8 -1.92957 242 245 249 10 1.0637 255 254 255 2 -1.5708 255 253 252 160 -1.59579 98 95 87 55 -1.4086 47 41 30 49 0.481664 72 64 51 75 0.106265 80 73 58 89 0.157769 94 87 72 74 0.134321 104 96 83 73 -0.235012 85 79 68 63 0.157417 91 88 80 54 -0.496423 62 60 59 156 1.39094 212 214 214 38 1.33219 247 250 254 2 -1.10715 245 248 252 6 1.24905 253 255 255 0 0 255 255 255 0 0 255 255 255 0 0 255 255 255 0 0 
247 250 254 2 0 247 250 254 5 0.785398 253 255 255 7 -2.1588 251 249 248 147 -1.56399 106 103 98 20 -1.67046 87 84 76 62 2.09193 143 138 129 49 2.70497 164 160 149 54 3.14159 166 160 149 34 2.93855 171 166 157 43 -2.52134 144 141 133 36 -3.00359 138 135 130 61 -2.29879 90 88 87 137 1.74674 221 223 224 34 2.12629 248 251 255 3 -0.321751 247 250 254 4 1.32582 253 255 255 8 3.14159 255 255 255 13 3.14159 255 255 255 13 3.14159 255 255 255 0 0 
251 253 254 2 2.35619 253 255 255 4 -1.5708 251 251 251 4 -0.244979 250 250 250 150 -1.5508 102 100 99 49 -1.63194 53 51 50 64 2.47649 93 92 88 87 3.00453 105 104 100 89 2.91563 127 124 120 108 3.08609 131 130 126 102 -2.88477 105 103 102 92 -3.03332 95 93 92 85 -2.79383 64 64 64 142 1.73249 205 205 205 50 1.65063 253 255 255 19 -2.98499 250 252 253 50 -3.04192 247 247 247 15 -2.81984 242 242 242 14 3.14159 242 242 242 14 2.86329 246 246 246 0 0 
251 251 251 5 0.785398 255 255 255 2 3.14159 255 255 255 4 -2.67795 253 253 253 156 -1.61564 97 97 97 104 -1.19742 0 0 0 12 0.321751 4 4 4 12 1.89255 16 16 16 16 -3.07917 15 15 15 22 0.722979 30 30 30 19 -1.7274 11 11 11 10 2.9442 13 13 13 29 1.91382 41 41 41 161 1.4158 201 201 201 36 1.2925 236 236 236 38 -1.0612 202 202 202 58 0.54042 232 232 232 10 -0.380506 228 228 228 11 0 228 228 228 12 0.426627 233 233 233 0 0 
255 255 255 19 -3.03672 253 253 253 24 -3.05845 251 251 251 13 -2.7468 246 246 246 111 -1.48989 135 135 135 167 -0.823355 12 12 12 163 -0.0734871 0 0 0 175 0 0 0 0 175 0.182904 32 32 32 131 -0.0381494 27 27 27 142 -0.183622 1 1 1 168 0.0119042 3 3 3 184 0.349235 66 66 66 209 0.765131 211 211 211 62 0.785398 255 255 255 10 -2.85014 252 252 252 21 -2.65711 242 242 242 13 -0.226799 239 239 239 15 0 239 239 239 14 0.2783 243 243 243 0 0 
236 236 236 0 0 229 229 229 0 0 239 239 239 0 0 255 255 255 0 0 249 249 249 0 0 175 175 175 0 0 175 175 175 0 0 173 173 173 0 0 163 163 163 0 0 167 167 167 0 0 169 169 169 0 0 176 176 176 0 0 217 217 217 0 0 255 255 255 0 0 245 245 245 0 0 233 233 233 0 0 255 255 255 0 0 254 254 254 0 0 253 253 253 0 0 255 255 255 0 0 
