255 254 255 0 0 255 253 255 0 0 255 252 255 0 0 255 254 255 0 0 255 255 251 1 3.14159 255 255 245 1 3.14159 248 255 245 2 3.14159 243 255 248 4 -2.35619 240 253 255 3 1.24905 244 253 255 0 0 255 252 255 2 -1.5708 255 251 255 2 1.5708 255 255 252 0 0 255 255 251 3 -1.5708 255 252 249 3 0.982794 255 255 254 0 0 255 254 255 0 0 255 255 255 0 0 250 255 255 0 0 244 255 255 0 0 
255 255 254 2 3.14159 255 255 255 1 3.14159 255 253 255 0 0 255 253 255 1 -1.5708 255 255 251 1 0 254 255 248 1 -0.785398 246 255 246 2 -0.463648 238 255 248 2 0.463648 235 255 255 2 0.785398 239 255 255 3 3.14159 250 254 255 3 -2.55359 255 252 254 2 0.785398 255 255 252 0 0 255 255 251 1 -1.5708 255 254 254 1 0.785398 255 254 255 0 0 255 254 255 0 0 255 254 255 0 0 251 255 255 0 0 248 255 255 0 0 
255 255 246 1 1.5708 254 255 250 1 1.5708 253 254 255 1 3.14159 255 253 255 0 0 255 253 255 0 0 255 255 255 0 0 248 255 254 1 -1.5708 236 255 253 1 0.785398 227 255 255 3 -1.5708 225 255 255 10 3.14159 240 254 253 10 2.85014 250 255 254 2 3.14159 250 255 251 0 0 250 255 252 1 3.14159 248 255 255 0 0 253 253 255 2 3.14159 255 253 255 0 0 255 253 255 0 0 255 254 255 0 0 255 255 255 0 0 
253 255 245 2 0.463648 252 255 248 1 0 250 254 255 1 1.5708 253 253 255 1 3.14159 255 253 255 1 3.14159 255 253 255 1 3.14159 251 255 255 1 3.14159 236 255 255 1 3.14159 207 255 255 13 -1.93797 184 251 248 13 3.14159 194 249 246 17 2.43934 218 255 254 4 2.67795 236 255 254 1 -1.5708 243 255 254 1 2.35619 248 254 255 2 -2.35619 249 251 255 2 1.10715 255 254 255 0 0 255 254 255 0 0 255 254 255 0 0 255 254 255 0 0 
253 255 249 0 0 253 255 252 1 -1.5708 250 254 255 1 0 250 253 255 1 0 250 253 255 1 0 254 253 255 1 0 255 252 255 1 0 233 255 255 4 -1.32582 168 255 255 22 -1.93478 117 244 242 5 3.14159 116 245 240 20 1.86225 160 255 255 8 2.35619 216 255 255 2 -1.5708 242 254 255 2 0 251 251 255 2 0.463648 252 253 255 1 0.785398 244 255 255 0 0 244 255 255 0 0 255 255 255 0 0 255 254 255 0 0 
255 255 252 1 3.14159 253 255 254 1 3.14159 250 255 255 0 0 248 255 255 0 0 246 255 255 0 0 248 255 255 1 3.14159 251 253 255 2 3.14159 214 255 255 13 -1.7976 125 255 255 20 -2.03444 66 245 244 2 -0.463648 64 245 241 20 1.5708 115 255 255 15 2.2143 193 255 255 7 3.14159 234 255 255 2 3.14159 246 255 255 2 3.14159 250 255 255 0 0 243 255 255 0 0 244 255 255 0 0 255 255 255 0 0 255 254 255 0 0 
255 253 254 1 0 255 254 254 1 0.785398 248 255 255 0 0 243 255 255 1 3.14159 239 255 255 4 -2.89661 233 255 255 8 -3.01724 223 254 255 11 -3.05093 176 255 255 23 -2.17085 75 252 255 11 -2.48055 29 251 251 3 -1.24905 33 247 248 11 1.5708 80 253 255 17 2.23677 163 255 255 13 2.7468 209 255 255 8 3.14159 223 255 255 7 2.86329 239 255 255 7 3.14159 253 255 255 0 0 255 254 255 0 0 255 254 255 0 0 255 254 255 0 0 
255 254 255 0 0 251 255 255 2 3.14159 230 255 255 8 -3.01724 210 255 255 26 -3.02672 187 255 255 31 -2.98168 168 255 255 15 -2.88099 152 252 255 12 -2.89661 111 253 255 21 -2.35619 33 248 249 3 2.1588 9 255 255 4 -2.03444 14 250 250 4 0 42 246 247 13 1.344 107 251 255 14 2.45586 148 255 255 19 3.08901 161 255 255 19 3.03672 184 255 254 23 2.83354 223 255 255 27 3.14159 241 255 255 13 3.14159 246 255 255 1 3.14159 250 255 255 0 0 
255 255 252 2 -2.03444 237 255 252 6 -1.5708 189 255 248 20 -1.21781 123 245 235 14 -0.588003 68 242 234 12 1.07145 54 255 251 7 -2.9997 49 253 254 8 -2.35619 31 248 251 3 -0.588003 8 249 250 7 0.404892 2 255 252 2 0.785398 9 255 252 2 -2.67795 17 254 250 1 -2.35619 32 251 247 1 1.5708 45 251 246 1 2.35619 53 252 244 2 -2.67795 79 249 237 2 2.03444 127 245 232 18 0.86217 176 255 242 13 1.04272 215 255 254 1 0.785398 228 255 255 0 0 
255 255 251 1 -0.785398 234 255 252 1 1.5708 196 255 255 14 -1.49949 130 255 247 18 -0.86217 58 250 243 12 -0.165149 18 252 246 3 0 4 252 252 4 2.35619 0 255 255 2 1.10715 2 255 255 2 -2.35619 2 255 255 2 -2.35619 2 255 252 1 3.14159 2 255 250 0 0 3 255 249 1 3.14159 11 255 247 0 0 25 254 245 5 0 60 250 239 19 0.896055 132 255 244 15 0.643501 182 255 249 8 0.785398 212 255 255 0 0 227 255 255 0 0 
251 255 255 2 -1.5708 242 255 253 2 2.03444 230 255 255 3 -1.5708 192 255 255 14 -1.3597 123 253 253 18 -0.632749 64 247 249 15 -0.404892 15 247 249 8 0.950547 3 255 255 1 -2.35619 0 255 255 3 -2.55359 0 254 254 1 -2.35619 0 253 252 3 0.321751 2 254 253 3 -0.321751 8 252 251 1 0.785398 28 251 249 5 1.3734 65 252 250 11 0.661043 118 254 250 22 0.722979 197 255 255 4 0.785398 234 255 255 0 0 241 255 255 0 0 243 255 255 0 0 
251 254 255 3 -1.5708 248 252 253 3 1.24905 250 255 255 2 3.14159 230 255 255 2 -1.5708 186 255 255 12 -1.40565 121 255 255 18 -0.982794 40 249 251 4 0.244979 5 255 255 3 -2.1588 1 252 253 2 0 0 253 253 3 0.982794 0 255 255 1 1.5708 5 255 255 3 -1.5708 9 252 254 1 0.785398 42 249 251 13 1.41815 111 254 255 15 1.31019 181 255 255 1 0.785398 236 255 255 1 3.14159 255 254 255 0 0 255 255 255 1 -1.5708 252 254 254 0 0 
255 252 255 2 -2.03444 253 252 255 2 0 255 253 253 2 0.785398 250 255 255 2 3.14159 232 255 255 4 -1.5708 175 255 255 21 -1.66575 67 251 251 5 -1.9513 14 252 252 1 1.5708 6 254 254 1 3.14159 3 254 255 3 2.81984 2 254 255 5 2.9442 5 255 255 5 -2.76109 6 254 255 2 2.35619 53 250 252 15 1.43824 156 253 255 12 1.5708 225 255 255 1 -1.5708 249 254 255 1 1.5708 255 254 255 0 0 255 255 255 1 -1.5708 254 254 254 0 0 
254 252 255 1 2.35619 255 254 255 0 0 255 255 252 2 -1.5708 255 253 252 2 1.5708 248 254 255 6 -1.5708 187 255 255 21 -1.8491 69 249 248 5 -2.49809 18 253 249 2 0 18 252 250 2 -1.10715 14 250 250 5 -0.197396 13 248 251 7 0.141897 9 250 252 2 0.463648 4 252 253 6 1.73594 56 252 254 13 1.72345 167 251 255 12 1.65394 237 255 255 2 -2.67795 252 253 255 1 0.785398 255 254 255 0 0 255 255 255 0 0 253 255 255 0 0 
249 254 252 2 0.785398 255 255 252 0 0 255 255 251 2 -2.03444 253 254 252 2 1.10715 234 255 255 12 -1.5708 165 251 255 19 -1.62338 50 247 245 3 2.1588 16 255 251 1 -0.785398 36 252 247 8 0.244979 47 252 249 15 0.0665682 48 253 251 17 -0.231091 32 250 249 11 -0.179853 9 252 248 5 1.3734 47 252 250 14 1.78189 150 252 255 11 1.66146 218 255 255 2 0.785398 244 255 255 0 0 253 255 255 1 3.14159 250 255 255 2 3.14159 248 255 255 0 0 
250 255 252 0 0 253 255 252 3 -2.81984 255 254 251 0 0 249 255 254 1 0.785398 223 255 255 14 -2.0032 162 251 255 21 -1.9513 71 243 239 12 0.499347 58 252 246 16 0.380506 94 253 249 22 0.404892 119 255 255 8 0.358771 120 255 255 11 -1.03038 96 255 253 21 -0.588003 54 248 242 21 0.0475831 73 246 242 17 1.10715 152 252 254 14 1.8491 211 255 255 3 3.14159 239 255 255 1 -1.5708 250 255 254 1 -0.785398 246 254 253 2 0.463648 245 255 254 0 0 
251 255 255 3 -1.89255 250 252 253 2 1.10715 255 253 255 1 0.785398 244 255 255 6 -1.5708 212 254 253 16 -1.19029 168 244 240 16 -0.0624188 143 247 240 20 0.507098 154 255 251 16 0.785398 200 255 255 4 -1.5708 212 255 255 4 0.244979 209 255 255 3 0.588003 196 255 255 9 -1.46014 158 255 253 14 -0.982794 144 247 240 15 0.260602 170 247 243 19 0.856706 209 255 255 4 0.785398 241 255 255 0 0 253 255 255 0 0 253 255 255 0 0 251 255 255 0 0 
252 253 255 1 -0.785398 253 252 255 2 0.785398 255 253 255 0 0 248 255 255 2 3.14159 225 255 255 5 -1.76819 206 255 253 5 0.197396 203 255 254 5 0.785398 220 255 255 0 0 246 255 255 2 3.14159 255 253 255 0 0 255 254 255 0 0 241 255 255 2 -1.5708 218 255 255 5 -1.19029 202 255 251 7 0.2783 207 255 253 7 0.785398 223 255 255 0 0 244 255 255 0 0 255 255 255 0 0 255 255 255 0 0 255 255 255 0 0 
255 254 255 0 0 255 254 255 0 0 255 253 255 2 -1.5708 255 252 254 2 2.67795 245 255 255 3 2.81984 237 255 255 0 0 234 255 255 1 3.14159 239 255 255 4 -2.67795 253 252 254 2 2.35619 255 253 255 1 3.14159 255 254 255 0 0 250 255 255 2 3.14159 236 255 255 1 3.14159 232 255 255 0 0 237 255 255 0 0 243 255 255 3 3.14159 251 255 255 0 0 255 255 255 0 0 255 255 255 0 0 255 255 255 0 0 
255 254 255 0 0 255 253 255 0 0 255 252 255 0 0 255 249 252 0 0 253 250 252 0 0 251 255 255 0 0 247 255 255 0 0 246 251 252 0 0 255 250 252 0 0 255 252 255 0 0 255 254 255 0 0 251 253 254 0 0 243 255 255 0 0 243 255 255 0 0 250 255 255 0 0 248 252 253 0 0 255 255 255 0 0 255 255 255 0 0 255 255 255 0 0 255 255 255 0 0 
