255 255 255 0 0 255 255 255 1 -1.5708 254 254 254 1 0 254 254 254 1 0 254 254 254 1 0.785398 255 255 255 0 0 255 255 255 0 0 255 255 255 1 3.14159 255 255 255 0 0 255 255 255 2 3.14159 255 255 255 2 -2.67795 254 254 254 1 0 254 254 254 1 0.785398 255 255 255 0 0 255 255 255 1 -2.35619 254 254 254 1 0.785398 255 255 255 0 0 255 255 255 0 0 255 255 255 0 0 255 255 255 0 0 
255 255 255 0 0 255 255 255 0 0 255 255 255 0 0 255 255 255 0 0 255 255 255 0 0 255 255 255 0 0 255 255 255 1 -1.5708 254 254 254 1 1.5708 255 255 255 2 -2.03444 253 253 253 4 3.14159 253 253 253 4 2.67795 255 255 255 0 0 255 255 255 0 0 255 255 255 1 -2.35619 254 254 254 2 2.67795 255 255 255 0 0 255 255 255 1 3.14159 255 255 255 0 0 255 255 255 0 0 255 255 255 0 0 
255 255 255 0 0 255 255 255 0 0 255 255 255 1 3.14159 255 255 255 2 3.14159 255 255 255 1 3.14159 255 255 255 0 0 255 255 255 1 -1.5708 254 254 254 1 0 254 254 254 7 -2.35619 249 249 249 3 3.14159 249 249 249 6 2.03444 255 255 255 4 3.14159 255 255 255 1 -1.5708 254 254 254 2 -1.10715 252 252 252 3 0.982794 255 255 255 1 -1.5708 254 254 254 1 1.5708 255 255 255 1 3.14159 255 255 255 0 0 255 255 255 0 0 
255 255 255 0 0 255 255 255 1 -1.5708 254 254 254 1 -1.5708 253 253 253 1 0.785398 254 254 254 1 0.785398 255 255 255 0 0 255 255 255 0 0 255 255 255 6 -1.73594 249 249 249 4 -2.35619 246 246 246 1 0 246 246 246 5 1.5708 251 251 251 6 2.46685 255 255 255 5 3.14159 255 255 255 1 -1.5708 254 254 254 1 0.785398 255 255 255 1 -1.5708 254 254 254 1 0 254 254 254 1 0.785398 255 255 255 0 0 255 255 255 0 0 
255 255 255 1 3.14159 255 255 255 1 -1.5708 254 254 254 1 0 254 254 254 1 0.785398 255 255 255 0 0 255 255 255 0 0 255 255 255 3 -2.81984 254 254 254 8 -2.03444 246 246 246 1 1.5708 247 247 247 2 -0.463648 246 246 246 3 0 246 246 246 4 1.81578 250 250 250 5 1.9513 255 255 255 0 0 255 255 255 0 0 255 255 255 1 3.14159 255 255 255 0 0 255 255 255 0 0 255 255 255 0 0 255 255 255 0 0 
254 254 254 1 0.785398 255 255 255 1 3.14159 255 255 255 1 3.14159 255 255 255 2 3.14159 255 255 255 3 3.14159 255 255 255 5 -2.60117 252 252 252 4 -2.67795 250 250 250 5 -2.35619 246 246 246 3 0.982794 249 249 249 1 0 249 249 249 4 -1.32582 245 245 245 3 0.982794 248 248 248 7 1.71269 255 255 255 6 3.14159 255 255 255 4 -2.89661 254 254 254 4 2.89661 255 255 255 2 3.14159 255 255 255 2 3.14159 255 255 255 1 3.14159 255 255 255 0 0 
255 255 255 1 -1.5708 254 254 254 0 0 254 254 254 4 -2.89661 253 253 253 6 -2.97644 252 252 252 7 -2.86329 250 250 250 5 -2.76109 248 248 248 3 -2.55359 246 246 246 2 2.03444 248 248 248 2 1.10715 250 250 250 1 3.14159 250 250 250 3 -1.89255 247 247 247 2 0 247 247 247 2 2.03444 249 249 249 6 2.81984 251 251 251 7 -2.9997 250 250 250 5 2.49809 253 253 253 5 3.14159 253 253 253 3 2.81984 254 254 254 1 2.35619 255 255 255 0 0 
255 255 255 1 -1.5708 254 254 254 4 -1.81578 250 250 250 6 -2.67795 247 247 247 2 -1.5708 245 245 245 3 0 245 245 245 1 0 245 245 245 5 0 245 245 245 6 0.674741 249 249 249 1 3.14159 249 249 249 2 3.14159 249 249 249 1 0 249 249 249 3 -0.982794 246 246 246 3 -1.24905 243 243 243 6 0.165149 244 244 244 8 0.244979 246 246 246 5 0.380506 248 248 248 4 2.67795 250 250 250 3 2.1588 253 253 253 2 1.5708 255 255 255 0 0 
255 255 255 2 -1.5708 253 253 253 9 -1.35213 244 244 244 5 0.643501 247 247 247 1 1.5708 248 248 248 2 -2.03444 246 246 246 4 1.32582 250 250 250 1 0 250 250 250 2 -2.35619 248 248 248 1 -0.785398 247 247 247 3 1.24905 250 250 250 1 2.35619 251 251 251 4 -1.81578 247 247 247 2 1.10715 249 249 249 3 1.5708 252 252 252 3 -2.81984 251 251 251 8 -2.19105 244 244 244 4 1.10715 248 248 248 5 1.19029 253 253 253 2 1.10715 255 255 255 0 0 
255 255 255 2 3.14159 255 255 255 7 -1.5708 248 248 248 4 -0.244979 247 247 247 2 0 247 247 247 0 0 247 247 247 4 1.32582 251 251 251 3 -1.24905 248 248 248 1 2.35619 249 249 249 1 -0.785398 248 248 248 1 1.5708 249 249 249 1 2.35619 250 250 250 2 -2.03444 248 248 248 2 0.463648 249 249 249 0 0 249 249 249 3 -2.1588 246 246 246 2 3.14159 246 246 246 5 0.785398 250 250 250 4 1.10715 254 254 254 1 0.785398 255 255 255 0 0 
253 253 253 2 1.5708 255 255 255 3 -1.5708 252 252 252 3 -0.982794 249 249 249 3 -0.588003 247 247 247 2 0.463648 248 248 248 4 2.03444 252 252 252 5 -1.9513 247 247 247 3 1.24905 250 250 250 2 -2.03444 248 248 248 1 0 248 248 248 1 1.5708 249 249 249 1 2.35619 250 250 250 1 -0.785398 249 249 249 2 -1.5708 247 247 247 3 -1.5708 244 244 244 6 1.10715 250 250 250 3 0.588003 252 252 252 3 0.982794 255 255 255 0 0 255 255 255 0 0 
253 253 253 2 0.785398 255 255 255 1 -1.5708 254 254 254 2 -2.03444 252 252 252 4 -0.785398 249 249 249 4 -0.785398 246 246 246 5 2.2143 250 250 250 3 -2.55359 248 248 248 3 0.321751 249 249 249 0 0 249 249 249 2 -0.463648 248 248 248 1 0 248 248 248 3 1.5708 251 251 251 2 -1.5708 249 249 249 2 -2.03444 247 247 247 0 0 247 247 247 7 0.876058 253 253 253 2 0.463648 254 254 254 1 0.785398 255 255 255 0 0 255 255 255 0 0 
255 255 255 0 0 255 255 255 2 -1.5708 253 253 253 2 1.5708 255 255 255 3 -1.5708 252 252 252 9 -1.46014 243 243 243 4 1.81578 247 247 247 4 1.81578 251 251 251 2 -1.5708 249 249 249 2 1.5708 251 251 251 2 -1.10715 249 249 249 1 -1.5708 248 248 248 3 1.89255 251 251 251 3 -1.5708 248 248 248 1 -2.35619 247 247 247 5 1.9513 252 252 252 3 0.982794 255 255 255 0 0 255 255 255 0 0 255 255 255 0 0 255 255 255 0 0 
255 255 255 1 3.14159 255 255 255 2 -1.5708 253 253 253 2 1.5708 255 255 255 2 -1.5708 253 253 253 11 -1.5708 242 242 242 4 1.10715 246 246 246 5 1.19029 251 251 251 2 -2.03444 249 249 249 4 2.35619 252 252 252 3 -2.1588 249 249 249 4 -2.67795 247 247 247 4 2.03444 251 251 251 4 -1.32582 247 247 247 2 -1.5708 245 245 245 9 1.68145 254 254 254 1 2.35619 255 255 255 0 0 255 255 255 0 0 255 255 255 0 0 255 255 255 0 0 
254 254 254 1 2.35619 255 255 255 2 -1.5708 253 253 253 2 1.10715 255 255 255 2 -2.03444 253 253 253 9 -1.78947 244 244 244 4 1.10715 248 248 248 2 1.10715 250 250 250 4 -2.03444 246 246 246 5 2.2143 250 250 250 6 -2.24554 245 245 245 4 3.14159 245 245 245 7 1.8491 252 252 252 5 -1.3734 247 247 247 3 -0.982794 244 244 244 9 1.5708 253 253 253 2 1.5708 255 255 255 1 3.14159 255 255 255 1 3.14159 255 255 255 1 3.14159 255 255 255 0 0 
253 253 253 2 0.785398 255 255 255 1 -1.5708 254 254 254 1 0 254 254 254 3 -1.5708 251 251 251 5 -1.5708 246 246 246 3 1.5708 249 249 249 5 -2.9442 248 248 248 5 -2.11122 243 243 243 8 0.358771 246 246 246 10 -0.507098 241 241 241 14 0.141897 243 243 243 12 0.96007 253 253 253 11 -2.79282 249 249 249 11 -2.67795 244 244 244 9 1.5708 253 253 253 2 2.67795 254 254 254 1 0 254 254 254 1 0 254 254 254 1 0.785398 255 255 255 0 0 
255 255 255 0 0 255 255 255 0 0 255 255 255 1 -1.5708 254 254 254 3 -1.24905 251 251 251 6 -0.896055 246 246 246 6 -0.321751 244 244 244 7 0.141897 245 245 245 10 0.643501 251 251 251 5 0.927295 255 255 255 0 0 255 255 255 5 -1.5708 250 250 250 9 -1.0122 242 242 242 9 -0.321751 239 239 239 11 0.463648 244 244 244 10 0.71883 251 251 251 5 0.785398 255 255 255 0 0 255 255 255 0 0 255 255 255 0 0 255 255 255 0 0 
255 255 255 0 0 255 255 255 0 0 255 255 255 0 0 255 255 255 0 0 255 255 255 3 -1.5708 252 252 252 3 -0.321751 251 251 251 4 0.463648 253 253 253 2 0.463648 254 254 254 1 1.5708 255 255 255 0 0 255 255 255 0 0 255 255 255 4 -1.5708 251 251 251 4 -0.463648 249 249 249 6 0.463648 252 252 252 4 0.785398 255 255 255 0 0 255 255 255 0 0 255 255 255 0 0 255 255 255 0 0 255 255 255 0 0 
255 255 255 0 0 255 255 255 0 0 255 255 255 1 3.14159 255 255 255 1 3.14159 255 255 255 1 3.14159 255 255 255 1 3.14159 255 255 255 0 0 255 255 255 1 -1.5708 254 254 254 1 1.5708 255 255 255 1 3.14159 255 255 255 1 3.14159 255 255 255 0 0 255 255 255 0 0 255 255 255 0 0 255 255 255 0 0 255 255 255 1 3.14159 255 255 255 0 0 255 255 255 0 0 255 255 255 0 0 255 255 255 0 0 
255 255 255 0 0 255 255 255 0 0 254 254 254 0 0 254 254 254 0 0 254 254 254 0 0 254 254 254 0 0 255 255 255 0 0 255 255 255 0 0 254 254 254 0 0 254 254 254 0 0 254 254 254 0 0 255 255 255 0 0 255 255 255 0 0 255 255 255 0 0 255 255 255 0 0 254 254 254 0 0 255 255 255 0 0 255 255 255 0 0 255 255 255 0 0 255 255 255 0 0 
