255 251 255 2 0.463648 255 252 255 2 -2.35619 255 251 252 9 -2.72337 255 247 245 157 3.10976 255 249 250 230 -3.11117 255 243 242 145 3.10712 255 250 245 27 3.03094 255 255 248 4 -2.89661 251 255 250 1 -0.785398 245 255 249 5 2.60117 251 255 254 9 -3.03094 254 255 253 4 2.89661 255 255 252 16 -2.22649 255 240 239 14 0.737815 255 249 248 119 -3.09122 255 242 242 216 3.13696 255 242 246 220 3.12796 255 246 249 36 3.00359 255 253 254 5 -1.9513 255 248 249 0 0 
255 253 255 4 -2.35619 255 250 253 9 -1.46014 254 242 242 152 -1.58395 112 88 88 141 -0.501604 57 19 19 84 1.17056 144 96 95 143 2.11241 255 218 218 198 3.01037 255 246 244 219 3.12333 255 252 250 111 -3.07861 255 246 243 5 -2.9442 255 245 243 5 0.785398 255 248 247 94 -3.08845 255 241 241 188 3.09907 255 248 249 263 -2.66947 172 128 129 155 -2.41549 67 25 26 42 -0.0713075 57 23 24 286 0.711277 239 210 213 46 2.14084 255 250 252 2 2.35619 255 253 254 0 0 
250 252 253 2 0.463648 255 252 253 12 -1.5708 255 239 238 55 -2.65376 249 211 211 244 -2.4343 106 49 50 146 -0.198731 96 17 20 188 0 121 12 20 21 0.188221 127 16 24 112 1.67753 214 133 136 159 2.47175 255 235 235 146 3.08685 255 244 244 162 -2.52278 209 149 150 169 -2.51584 133 45 51 53 -2.32988 96 6 12 41 -0.0243854 75 8 11 220 0.251565 116 66 66 211 0.949997 255 239 241 232 -2.90287 216 185 188 93 2.41673 255 248 250 10 -1.19029 255 239 240 0 0 
247 255 254 4 -2.89661 255 253 252 61 -1.53802 213 190 188 172 -1.23987 72 24 23 171 1.58249 255 191 193 177 3.05705 255 202 207 248 -2.40459 163 30 40 153 -0.189743 134 2 9 189 -0.00529096 108 5 8 79 1.40565 170 87 86 23 1.26274 182 110 110 99 -1.5607 90 10 11 3 0.321751 114 6 12 194 0.20142 156 44 51 226 0.860258 255 219 223 193 -2.95434 255 187 188 244 -2.33308 59 12 15 101 1.5411 146 115 118 173 0.904178 255 252 254 7 3.14159 255 253 254 0 0 
238 253 249 5 1.03038 251 255 252 11 -2.48055 255 247 244 221 -1.53913 73 21 21 193 -0.0207224 110 10 16 8 2.03444 137 15 23 168 1.55294 255 184 189 185 3.09298 255 195 197 251 -2.35901 114 21 20 163 0.455451 176 95 92 103 0.155595 185 112 108 137 -0.78027 91 14 11 261 0.807016 255 200 201 157 -3.11612 255 193 197 249 -2.41295 149 25 31 21 -2.38844 118 12 18 11 -2.67795 69 14 17 254 0.939106 249 222 225 35 0.665969 255 246 247 9 0.785398 255 253 254 0 0 
244 255 250 7 -1.2925 244 248 243 12 0.785398 255 254 251 35 -1.76819 255 215 214 203 -1.42751 97 7 12 224 0.0668645 131 19 26 26 -2.30361 113 0 4 21 0.851966 122 18 19 148 1.63826 254 170 165 156 2.96803 255 198 192 12 1.89255 255 211 204 23 -0.635027 255 196 190 234 -2.45286 141 43 43 45 -2.32495 120 7 10 4 1.81578 133 10 14 9 -1.78947 105 3 8 239 0.70545 214 165 167 113 0.822881 255 252 253 1 2.35619 255 254 254 6 -2.24554 255 249 249 0 0 
255 255 252 7 3.14159 255 255 252 7 -1.5708 255 247 244 4 0.244979 255 247 243 8 -0.785398 255 239 236 227 -1.55758 82 8 8 229 0.0523539 127 14 18 8 -1.21203 123 6 9 4 2.03444 97 16 11 276 0.693351 255 197 187 82 2.70497 255 232 222 258 -2.16631 95 15 8 214 0.00467286 131 8 10 33 -0.0906599 130 4 9 3 1.89255 103 13 12 258 0.744325 249 192 190 72 0.765793 255 246 244 7 0.694738 255 252 252 2 -2.03444 255 251 250 4 0.785398 255 254 253 0 0 
255 247 245 9 0.785398 255 254 252 4 -2.35619 255 251 249 4 0.785398 255 254 251 9 -1.98902 255 246 240 9 -0.110657 255 242 238 214 -1.54277 107 21 21 217 -0.0598363 108 6 7 313 0.771885 255 228 224 208 -2.57892 199 119 112 71 -2.62767 162 84 77 145 1.61215 255 228 222 282 -2.45138 157 43 43 177 -0.209523 109 7 8 288 0.738749 255 208 203 51 0.799096 255 249 243 6 0.674741 255 253 251 2 -2.03444 254 252 251 2 0.785398 252 255 253 5 -1.5708 245 250 248 0 0 
255 255 254 3 -1.5708 255 252 251 3 2.1588 255 255 254 4 -1.81578 255 251 250 5 0.785398 255 255 252 5 -2.35619 255 252 245 4 -0.785398 255 247 240 8 -0.62025 255 237 233 211 -2.10228 157 49 48 42 3.07029 176 49 51 22 1.20682 191 71 71 67 -1.43727 108 7 5 212 1.53779 255 223 219 176 3.13023 255 229 222 24 0.785398 255 249 242 8 0.785398 255 255 251 11 -2.96174 255 254 250 1 1.5708 252 255 253 0 0 250 255 253 0 0 249 255 253 0 0 
253 255 254 7 -2.35619 250 251 249 6 0.674741 255 253 254 1 0.785398 255 254 255 4 -1.5708 247 252 250 3 1.5708 250 255 251 9 3.03094 255 255 249 119 -1.5708 180 132 128 120 -1.31979 124 4 8 53 1.43948 203 53 59 22 1.5708 218 76 81 69 -1.64313 122 12 12 30 1.83996 104 49 44 209 1.19472 255 249 242 6 1.24905 255 255 251 12 -1.99742 246 245 241 14 0.68573 253 254 252 1 0.785398 252 255 253 0 0 250 255 253 0 0 250 255 253 0 0 
246 251 250 7 0.785398 255 255 255 0 0 255 252 255 1 3.14159 255 253 255 5 -2.35619 244 252 251 7 -0.982794 241 246 244 10 1.27934 255 253 251 89 -1.67158 223 159 159 153 -1.1539 131 11 16 48 1.86624 200 54 59 18 1.9614 215 71 76 72 -1.48766 120 3 6 114 1.4746 189 124 123 123 1.32582 255 248 245 8 -3.01724 255 248 249 7 0.785398 255 254 255 1 -2.35619 255 253 254 0 0 254 254 254 0 0 254 254 254 0 0 254 254 254 0 0 
248 255 255 0 0 253 255 255 5 -2.9442 255 252 255 3 -1.24905 255 249 252 4 1.10715 246 255 255 7 -1.8491 244 249 248 7 -0.2783 255 244 242 18 -1.46014 255 221 221 216 -1.48766 115 0 2 55 1.27761 191 46 54 30 1.76819 221 77 82 67 -1.51117 131 14 17 133 1.67567 218 154 154 97 0.996997 255 239 240 16 0.785398 255 252 255 6 -2.97644 255 252 255 1 0 255 254 254 0 0 255 254 254 0 0 255 254 254 1 1.5708 255 255 255 0 0 
243 255 254 7 -2.35619 239 252 250 7 0.785398 250 255 255 2 -2.35619 248 253 254 2 0 244 254 254 5 2.76109 251 255 255 7 -1.5708 255 247 245 7 -0.2783 255 241 239 218 -1.52954 129 13 18 31 1.79288 187 41 46 40 1.69515 225 81 86 85 -1.52377 111 1 3 200 1.52084 255 209 207 47 1.04121 255 254 252 6 -1.5708 251 248 250 8 0.785398 251 254 255 7 -2.9997 252 254 255 0 0 254 254 254 0 0 255 254 254 1 0.785398 255 255 255 0 0 
243 252 249 5 1.5708 248 255 254 2 -1.5708 248 254 253 7 2.86329 250 255 255 7 -1.71269 243 248 249 9 0.785398 251 255 255 1 3.14159 255 255 252 5 3.14159 255 251 248 234 -1.62629 118 8 10 51 0.702257 182 36 41 49 1.73263 231 85 90 79 -1.72154 120 11 13 214 1.54744 255 235 231 24 0.785398 255 255 252 13 3.14159 251 254 255 7 -1.5708 243 248 251 7 0.982794 249 254 255 0 0 250 255 254 1 1.5708 253 255 255 0 0 255 255 255 0 0 
255 250 247 7 0.785398 255 255 252 9 -1.78947 255 244 246 12 0.726642 255 253 254 3 2.81984 253 255 255 2 -2.67795 250 255 254 5 -2.2143 252 252 246 9 -1.0122 255 239 235 182 -1.49949 156 47 49 48 -0.295441 174 28 32 45 1.5708 222 73 77 62 -1.49033 126 16 18 226 1.51775 255 253 248 14 -2.06474 238 244 239 18 0.785398 253 254 255 7 -2.7367 248 251 255 3 0.588003 247 255 255 0 0 245 255 254 1 1.5708 250 255 255 0 0 250 255 255 0 0 
255 255 252 2 -1.5708 255 252 250 2 1.10715 255 252 255 4 -1.81578 255 249 251 4 0.463648 253 253 253 2 -0.785398 247 252 250 5 0.785398 255 255 251 1 3.14159 255 252 248 149 -1.58422 195 94 96 76 -0.896055 165 29 35 51 1.80634 216 78 85 55 -1.75065 131 28 31 212 1.34294 255 246 242 7 1.2925 250 255 254 7 -1.8491 246 248 249 9 0.785398 251 254 255 1 -1.5708 247 255 255 1 0 245 255 254 1 0.785398 248 255 255 0 0 250 255 255 0 0 
255 254 255 1 -1.5708 255 253 254 0 0 255 252 254 1 1.5708 255 254 255 0 0 251 255 254 0 0 250 255 252 1 -1.5708 255 255 250 1 -1.5708 255 250 247 99 -1.5708 228 142 148 124 -1.30243 131 19 27 55 1.90404 185 70 80 7 0.404892 162 77 85 164 1.36863 255 247 247 5 0.54042 249 254 253 2 0.785398 251 255 255 0 0 250 255 255 5 3.14159 251 255 255 0 0 251 255 255 0 0 253 255 255 0 0 253 255 255 0 0 
251 255 255 1 -1.5708 252 254 255 0 0 255 253 254 1 1.5708 255 255 254 1 3.14159 251 255 254 0 0 251 255 252 1 -1.5708 255 255 250 1 -1.5708 255 251 249 66 -1.5708 245 178 183 184 -1.19231 92 3 12 79 1.34115 167 80 90 29 1.74153 177 113 119 175 0.857852 255 252 255 7 3.14159 251 255 255 2 3.14159 251 255 255 7 -2.35619 246 250 251 7 0.785398 255 255 255 0 0 255 255 255 0 0 255 255 255 0 0 255 255 255 0 0 
241 255 255 1 -2.35619 243 255 255 0 0 252 254 254 0 0 255 254 253 1 1.5708 255 255 254 1 3.14159 255 255 252 1 -1.5708 254 255 250 1 -1.5708 255 253 249 2 1.5708 255 250 251 221 -1.60698 85 26 30 221 0.246073 138 80 85 220 0.740556 255 232 234 21 0.548549 255 247 248 7 2.35619 248 254 253 3 -0.982794 250 249 251 7 0.785398 255 254 255 2 3.14159 255 255 255 0 0 255 255 255 0 0 255 255 255 0 0 255 255 255 0 0 
235 255 255 0 0 240 255 255 0 0 249 255 254 0 0 254 255 253 0 0 255 254 253 0 0 255 255 252 0 0 254 255 250 0 0 255 253 249 0 0 255 243 243 0 0 255 244 245 0 0 255 245 248 0 0 255 252 252 0 0 245 243 243 0 0 248 255 255 0 0 255 254 255 0 0 255 251 254 0 0 255 255 255 0 0 255 255 255 0 0 255 255 255 0 0 255 255 255 0 0 
