253 253 253 2 0 253 253 253 2 -0.785398 251 251 251 5 0.785398 255 255 255 3 -1.5708 252 252 252 3 -1.89255 249 249 249 8 0.785398 255 255 255 9 -3.03094 254 254 254 2 -1.10715 252 252 252 4 0.785398 255 255 255 2 3.14159 255 255 255 7 -1.8491 248 248 248 9 0.785398 255 255 255 4 -1.5708 251 251 251 4 0.244979 252 252 252 4 0.785398 255 255 255 3 3.14159 255 255 255 0 0 255 255 255 0 0 255 255 255 0 0 255 255 255 0 0 
255 255 255 9 3.14159 255 255 255 0 0 255 255 255 3 3.14159 255 255 255 9 -2.72337 251 251 251 5 0.785398 255 255 255 9 -1.78947 246 246 246 27 2.80835 255 255 255 74 3.14159 255 255 255 2 -2.35619 253 253 253 1 0 253 253 253 2 2.03444 255 255 255 0 0 255 255 255 11 3.14159 255 255 255 0 0 255 255 255 9 -2.81984 252 252 252 4 0.785398 255 255 255 0 0 255 255 255 0 0 255 255 255 0 0 255 255 255 0 0 
246 246 246 12 0.785398 255 255 255 3 -1.5708 252 252 252 6 -1.24905 246 246 246 12 0.785398 255 255 255 4 -2.67795 253 253 253 33 -1.5708 220 220 220 173 -2.91479 181 181 181 191 2.75526 253 253 253 2 0.463648 254 254 254 6 -2.81984 252 252 252 4 0.785398 255 255 255 13 -2.13753 244 244 244 15 0.785398 255 255 255 9 -1.5708 246 246 246 12 0.785398 255 255 255 3 3.14159 255 255 255 0 0 255 255 255 0 0 255 255 255 0 0 255 255 255 0 0 
255 255 255 0 0 255 255 255 6 -2.97644 254 254 254 1 0.785398 255 255 255 7 -2.55359 251 251 251 3 0.588003 253 253 253 202 -1.57575 51 51 51 82 -0.60478 4 4 4 313 0.93049 255 255 255 7 -1.71269 248 248 248 7 1.2925 255 255 255 8 -2.08994 248 248 248 9 0.785398 255 255 255 2 3.14159 255 255 255 8 3.14159 255 255 255 5 -2.49809 252 252 252 4 0.785398 255 255 255 0 0 255 255 255 0 0 255 255 255 0 0 255 255 255 0 0 
255 255 255 6 -1.5708 249 249 249 7 0.982794 255 255 255 6 -1.5708 249 249 249 7 0.694738 254 254 254 2 -1.5708 252 252 252 133 -1.54824 119 119 119 153 0.486899 191 191 191 173 2.7707 254 254 254 124 -3.10935 250 250 250 5 0.197396 251 251 251 63 3.07819 255 255 255 189 -3.13101 253 253 253 6 -1.24905 247 247 247 4 2.03444 251 251 251 5 0.785398 255 255 255 1 3.14159 255 255 255 0 0 255 255 255 0 0 255 255 255 0 0 255 255 255 0 0 
255 255 255 2 -2.35619 253 253 253 2 0.785398 255 255 255 0 0 255 255 255 14 -3.07029 254 254 254 1 0.785398 255 255 255 0 0 255 255 255 226 -1.57965 29 29 29 246 0.42193 130 130 130 128 1.80634 255 255 255 263 -2.88465 188 188 188 204 -2.50201 66 66 66 196 1.85398 255 255 255 10 -1.5708 245 245 245 14 0.785398 255 255 255 7 -2.9997 254 254 254 1 0.785398 255 255 255 0 0 255 255 255 0 0 255 255 255 0 0 255 255 255 0 0 
253 253 253 2 2.35619 255 255 255 0 0 255 255 255 14 -1.8491 241 241 241 19 0.785398 255 255 255 0 0 255 255 255 7 -2.86329 253 253 253 1 0.785398 254 254 254 154 -1.5643 100 100 100 181 -0.58494 0 0 0 82 0.294937 24 24 24 27 -2.64517 11 11 11 244 1.60357 255 255 255 4 3.14159 255 255 255 7 -1.97569 248 248 248 9 0.785398 255 255 255 2 3.14159 255 255 255 0 0 255 255 255 0 0 255 255 255 0 0 255 255 255 0 0 
251 251 251 5 0.785398 255 255 255 6 -2.46685 251 251 251 5 0.785398 255 255 255 6 3.14159 255 255 255 7 -1.5708 248 248 248 6 1.89255 254 254 254 1 0.785398 255 255 255 4 -2.03444 251 251 251 172 -1.54754 79 79 79 129 -0.654287 0 0 0 3 1.5708 3 3 3 248 1.58289 251 251 251 2 0.463648 252 252 252 4 0.785398 255 255 255 2 -1.5708 253 253 253 3 2.55359 255 255 255 0 0 255 255 255 0 0 255 255 255 0 0 255 255 255 0 0 
255 255 255 5 -1.5708 250 250 250 7 0.785398 255 255 255 6 -1.5708 249 249 249 7 0.876058 255 255 255 9 -1.5708 246 246 246 12 0.785398 255 255 255 12 -2.97644 253 253 253 2 0.785398 255 255 255 73 -1.6528 182 182 182 196 -1.18934 0 0 0 0 0 0 0 0 253 1.54709 253 253 253 19 3.03672 255 255 255 0 0 255 255 255 5 -1.76819 250 250 250 7 0.785398 255 255 255 0 0 255 255 255 0 0 255 255 255 0 0 255 255 255 0 0 
255 255 255 0 0 255 255 255 13 3.14159 255 255 255 1 -1.5708 254 254 254 1 0.785398 255 255 255 9 3.14159 255 255 255 12 -1.5708 243 243 243 16 0.785398 255 255 255 6 -1.73594 249 249 249 8 0.785398 255 255 255 255 -1.5708 0 0 0 6 1.5708 6 6 6 228 1.59272 234 234 234 46 2.66824 255 255 255 4 -2.89661 254 254 254 3 2.81984 255 255 255 1 3.14159 255 255 255 0 0 255 255 255 0 0 255 255 255 0 0 255 255 255 0 0 
255 255 255 13 -1.72345 242 242 242 18 0.785398 255 255 255 0 0 255 255 255 9 -1.78947 246 246 246 12 0.785398 255 255 255 3 3.14159 255 255 255 1 -1.5708 254 254 254 1 0.785398 255 255 255 7 3.14159 255 255 255 255 -1.57864 0 0 0 1 1.5708 1 1 1 192 1.56559 193 193 193 68 2.13864 251 251 251 4 0 251 251 251 3 2.1588 254 254 254 1 0.785398 255 255 255 0 0 255 255 255 0 0 255 255 255 0 0 255 255 255 0 0 
253 253 253 2 0.785398 255 255 255 0 0 255 255 255 6 -2.81984 253 253 253 2 2.03444 255 255 255 3 -1.5708 252 252 252 4 0.785398 255 255 255 1 3.14159 255 255 255 51 -3.00519 248 248 248 7 0.694738 253 253 253 253 -1.6103 0 0 0 9 0.218669 2 2 2 154 1.58378 156 156 156 116 2.12301 255 255 255 6 -1.5708 249 249 249 6 1.89255 255 255 255 0 0 255 255 255 0 0 255 255 255 0 0 255 255 255 0 0 255 255 255 0 0 
255 255 255 1 3.14159 255 255 255 12 -2.64225 249 249 249 6 0.463648 252 252 252 4 0.785398 255 255 255 4 3.14159 255 255 255 1 -2.35619 254 254 254 230 -2.92292 204 204 204 204 2.89424 254 254 254 11 -1.48014 243 243 243 234 -1.61351 9 9 9 12 -2.35619 0 0 0 95 1.49725 95 95 95 181 2.05913 255 255 255 13 -2.5128 247 247 247 11 0.785398 255 255 255 3 3.14159 255 255 255 0 0 255 255 255 0 0 255 255 255 0 0 255 255 255 0 0 
254 254 254 10 -1.47113 244 244 244 15 0.785398 255 255 255 6 3.14159 255 255 255 4 -1.5708 251 251 251 5 0.643501 254 254 254 225 -1.59746 29 29 29 219 -0.105116 6 6 6 262 1.24905 255 255 255 255 -3.05553 233 233 233 237 -1.77396 0 0 0 7 1.5708 7 7 7 5 2.49809 10 10 10 234 1.60497 244 244 244 14 0.885067 255 255 255 3 -2.1588 252 252 252 3 0.982794 255 255 255 0 0 255 255 255 0 0 255 255 255 0 0 255 255 255 0 0 
255 255 255 0 0 255 255 255 7 -2.1588 249 249 249 8 0.785398 255 255 255 1 3.14159 255 255 255 9 -2.35619 248 248 248 6 -0.165149 247 247 247 158 -1.52652 89 89 89 181 -0.51299 0 0 0 185 1.5708 185 185 185 261 -2.35619 0 0 0 3 0.982794 3 3 3 12 -0.0831412 2 2 2 257 1.34749 253 253 253 2 0 253 253 253 2 0.463648 254 254 254 1 1.5708 255 255 255 0 0 255 255 255 0 0 255 255 255 0 0 255 255 255 0 0 
255 255 255 4 -1.5708 251 251 251 4 1.32582 255 255 255 1 -1.5708 254 254 254 6 -1.40565 248 248 248 6 1.24905 254 254 254 1 0 254 254 254 8 -2.08994 247 247 247 248 -1.67968 0 0 0 35 0 0 0 0 223 0.00896837 2 2 2 42 0.314232 15 15 15 244 0.18132 59 59 59 275 0.790526 255 255 255 0 0 255 255 255 4 -2.89661 254 254 254 1 2.35619 255 255 255 0 0 255 255 255 0 0 255 255 255 0 0 255 255 255 0 0 
255 255 255 3 -1.89255 252 252 252 3 1.5708 255 255 255 0 0 255 255 255 5 -1.5708 250 250 250 5 1.3734 255 255 255 5 -1.5708 250 250 250 30 -1.40565 220 220 220 186 -1.42587 35 35 35 229 0.958644 223 223 223 183 -1.39581 42 42 42 301 0.785398 255 255 255 2 -1.5708 253 253 253 4 2.67795 255 255 255 4 -1.5708 251 251 251 4 0.463648 253 253 253 2 0.785398 255 255 255 0 0 255 255 255 0 0 255 255 255 0 0 255 255 255 0 0 
254 254 254 2 -1.10715 252 252 252 3 0.982794 255 255 255 1 3.14159 255 255 255 4 -1.5708 251 251 251 4 1.10715 255 255 255 4 3.14159 255 255 255 8 -1.5708 247 247 247 80 -1.47113 167 167 167 123 0.796892 255 255 255 4 3.14159 255 255 255 0 0 255 255 255 6 -1.5708 249 249 249 6 1.24905 255 255 255 0 0 255 255 255 0 0 255 255 255 11 3.14159 255 255 255 0 0 255 255 255 0 0 255 255 255 0 0 255 255 255 0 0 
255 255 255 1 -1.5708 254 254 254 1 0 254 254 254 3 2.81984 255 255 255 2 -2.35619 253 253 253 2 -0.785398 251 251 251 5 0.927295 255 255 255 5 3.14159 255 255 255 2 -2.03444 253 253 253 2 -0.785398 251 251 251 5 0.785398 255 255 255 4 3.14159 255 255 255 4 -1.5708 251 251 251 4 1.10715 255 255 255 1 3.14159 255 255 255 11 -1.5708 244 244 244 15 0.785398 255 255 255 0 0 255 255 255 0 0 255 255 255 0 0 255 255 255 0 0 
255 255 255 0 0 255 255 255 0 0 251 251 251 0 0 253 253 253 0 0 255 255 255 0 0 254 254 254 0 0 250 250 250 0 0 254 254 254 0 0 255 255 255 0 0 255 255 255 0 0 251 251 251 0 0 255 255 255 0 0 253 253 253 0 0 254 254 254 0 0 255 255 255 0 0 255 255 255 0 0 255 255 255 0 0 255 255 255 0 0 255 255 255 0 0 255 255 255 0 0 
