255 255 255 0 0 255 255 255 0 0 255 255 255 0 0 255 255 255 0 0 255 255 255 0 0 255 255 255 0 0 255 255 255 0 0 255 255 255 1 3.14159 255 255 255 0 0 255 255 255 0 0 255 255 255 0 0 255 255 255 0 0 255 255 255 0 0 255 255 255 0 0 255 255 255 0 0 255 255 255 0 0 255 255 255 0 0 255 255 255 0 0 255 255 255 0 0 255 255 255 0 0 
255 255 255 0 0 255 255 255 0 0 255 255 255 0 0 255 255 255 0 0 255 255 255 0 0 255 255 255 0 0 255 255 255 1 -1.5708 254 254 254 1 0.785398 255 255 255 0 0 255 255 255 0 0 255 255 255 0 0 255 255 255 0 0 255 255 255 0 0 255 255 255 0 0 255 255 255 0 0 255 255 255 0 0 255 255 255 0 0 255 255 255 0 0 255 255 255 0 0 255 255 255 0 0 
255 255 255 0 0 255 255 255 0 0 255 255 255 0 0 255 255 255 0 0 255 255 255 0 0 255 255 255 0 0 255 255 255 0 0 255 255 255 0 0 255 255 255 0 0 255 255 255 0 0 255 255 255 0 0 255 255 255 0 0 255 255 255 0 0 255 255 255 0 0 255 255 255 0 0 255 255 255 0 0 255 255 255 0 0 255 255 255 0 0 255 255 255 0 0 255 255 255 0 0 
255 255 255 0 0 255 255 255 0 0 255 255 255 0 0 255 255 255 0 0 255 255 255 0 0 255 255 255 0 0 255 255 255 0 0 255 255 255 0 0 255 255 255 0 0 255 255 255 0 0 255 255 255 0 0 255 255 255 0 0 255 255 255 0 0 255 255 255 0 0 255 255 255 0 0 255 255 255 0 0 255 255 255 0 0 255 255 255 0 0 255 255 255 0 0 255 255 255 0 0 
255 255 255 1 3.14159 255 255 255 1 3.14159 255 255 255 0 0 255 255 255 0 0 255 255 255 0 0 255 255 255 0 0 255 255 255 0 0 255 255 255 0 0 255 255 255 0 0 255 255 255 0 0 255 255 255 0 0 255 255 255 0 0 255 255 255 0 0 255 255 255 0 0 255 255 255 0 0 255 255 255 0 0 255 255 255 0 0 255 255 255 0 0 255 255 255 0 0 255 255 255 0 0 
254 254 254 1 0 254 254 254 1 0.785398 255 255 255 0 0 255 255 255 1 3.14159 255 255 255 1 3.14159 255 255 255 1 3.14159 255 255 255 2 3.14159 255 255 255 2 3.14159 255 255 255 0 0 255 255 255 0 0 255 255 255 0 0 255 255 255 0 0 255 255 255 0 0 255 255 255 0 0 255 255 255 0 0 255 255 255 0 0 255 255 255 0 0 255 255 255 0 0 255 255 255 0 0 255 255 255 0 0 
255 255 255 0 0 255 255 255 0 0 255 255 255 1 -1.5708 254 254 254 0 0 254 254 254 1 3.14159 254 254 254 1 -2.35619 253 253 253 1 3.14159 253 253 253 2 2.03444 255 255 255 0 0 255 255 255 0 0 255 255 255 0 0 255 255 255 0 0 255 255 255 0 0 255 255 255 0 0 255 255 255 0 0 255 255 255 0 0 255 255 255 0 0 255 255 255 0 0 255 255 255 0 0 255 255 255 0 0 
255 255 255 0 0 255 255 255 3 3.14159 255 255 255 1 -1.5708 254 254 254 3 -2.81984 253 253 253 2 3.14159 253 253 253 55 -3.12341 252 252 252 173 3.14159 252 252 252 45 3.07502 255 255 255 84 3.14159 255 255 255 162 3.14159 255 255 255 135 3.14159 255 255 255 122 3.14159 255 255 255 1 3.14159 255 255 255 2 3.14159 255 255 255 0 0 255 255 255 1 3.14159 255 255 255 2 3.14159 255 255 255 0 0 255 255 255 0 0 255 255 255 0 0 
255 255 255 3 -1.5708 252 252 252 5 2.60117 255 255 255 4 -2.03444 251 251 251 99 3.14159 251 251 251 109 -2.63715 198 198 198 119 -1.56239 79 79 79 216 0.634242 207 207 207 67 -2.57828 171 171 171 79 -1.73594 93 93 93 125 0.216085 120 120 120 97 0.133227 133 133 133 139 1.05254 254 254 254 72 -3.1277 253 253 253 95 3.12054 255 255 255 85 -3.12983 254 254 254 93 -3.13084 253 253 253 87 3.11861 255 255 255 90 3.14159 255 255 255 89 -3.11912 253 253 253 0 0 
255 255 255 8 -1.92957 247 247 247 8 0.785398 253 253 253 194 -2.595 152 152 152 70 0.0428309 155 155 155 108 0.418224 199 199 199 77 0.767218 253 253 253 139 -2.31054 150 150 150 75 0.106265 158 158 158 61 1.25423 216 216 216 11 3.05093 217 217 217 40 -0.375961 202 202 202 24 -2.18152 182 182 182 45 -2.58994 158 158 158 95 0.12565 170 170 170 10 -0.982794 161 161 161 14 0.343024 166 166 166 33 -0.0302938 165 165 165 45 0.0222186 166 166 166 93 2.21216 241 241 241 0 0 
252 252 252 3 0.321751 253 253 253 215 -2.26078 87 87 87 172 0.896055 222 222 222 82 2.74307 254 254 254 92 3.13072 255 255 255 132 -2.32946 159 159 159 78 2.14824 225 225 225 58 -2.17308 177 177 177 52 2.57486 205 205 205 64 2.24554 255 255 255 104 -2.4444 188 188 188 62 -2.34496 143 143 143 110 1.48916 253 253 253 108 -2.35619 176 176 176 76 -3.12844 175 175 175 24 1.44644 199 199 199 79 3.00324 210 210 210 112 -2.05032 110 110 110 173 0.990794 255 255 255 0 0 
255 255 255 139 -1.5708 116 116 116 121 0.709521 195 195 195 55 -1.09902 146 146 146 105 0.152649 162 162 162 93 0.0215021 164 164 164 102 -0.485383 116 116 116 154 0.512741 192 192 192 82 -0.793945 133 133 133 122 0.264817 165 165 165 89 0.11189 175 175 175 85 -0.369684 144 144 144 110 0.0725995 152 152 152 103 0.233297 176 176 176 109 -0.766046 100 100 100 173 0.466225 178 178 178 90 -0.691921 120 120 120 134 0.286471 158 158 158 107 0.4512 205 205 205 64 0.686818 246 246 246 0 0 
255 255 255 47 -1.71865 208 208 208 48 0.249979 220 220 220 46 0.708626 250 250 250 5 1.9513 255 255 255 0 0 255 255 255 6 -2.46685 251 251 251 4 -0.244979 250 250 250 5 0.197396 251 251 251 5 0.643501 254 254 254 4 2.89661 255 255 255 2 -2.67795 254 254 254 1 -0.785398 253 253 253 7 2.86329 255 255 255 5 3.14159 255 255 255 7 -1.5708 248 248 248 1 0.785398 249 249 249 8 0.785398 255 255 255 4 3.14159 255 255 255 9 3.14159 255 255 255 0 0 
248 248 248 9 0.785398 255 255 255 4 3.14159 255 255 255 7 -1.5708 248 248 248 9 0.785398 255 255 255 5 -1.76819 250 250 250 7 0.785398 255 255 255 3 3.14159 255 255 255 5 3.14159 255 255 255 5 -1.76819 250 250 250 3 1.5708 253 253 253 2 0.785398 255 255 255 9 -1.5708 246 246 246 9 0.418224 250 250 250 7 0.785398 255 255 255 15 -2.7367 249 249 249 8 0.785398 255 255 255 6 -2.46685 251 251 251 6 -0.896055 246 246 246 12 0.785398 255 255 255 0 0 
255 255 255 5 -2.2143 251 251 251 5 0.785398 255 255 255 3 3.14159 255 255 255 1 -1.5708 254 254 254 2 2.67795 255 255 255 3 -1.5708 252 252 252 3 -0.588003 250 250 250 4 1.10715 254 254 254 4 -2.03444 250 250 250 7 0.785398 255 255 255 7 3.14159 255 255 255 1 3.14159 255 255 255 0 0 255 255 255 14 -1.8491 241 241 241 19 0.785398 255 255 255 5 -1.76819 250 250 250 7 0.785398 255 255 255 4 3.14159 255 255 255 3 -1.5708 252 252 252 0 0 
252 252 252 4 0.785398 255 255 255 3 -1.5708 252 252 252 4 0.785398 255 255 255 3 -1.5708 252 252 252 4 0.785398 255 255 255 0 0 255 255 255 3 -1.5708 252 252 252 3 0 252 252 252 4 0.785398 255 255 255 7 -1.5708 248 248 248 9 0.708626 254 254 254 1 0.785398 255 255 255 4 -1.5708 251 251 251 5 0.785398 255 255 255 1 -1.5708 254 254 254 1 0.785398 255 255 255 4 -1.5708 251 251 251 5 0.785398 255 255 255 2 -1.5708 253 253 253 0 0 
255 255 255 0 0 255 255 255 0 0 255 255 255 0 0 255 255 255 0 0 255 255 255 0 0 255 255 255 0 0 255 255 255 0 0 255 255 255 0 0 255 255 255 0 0 255 255 255 0 0 255 255 255 0 0 255 255 255 0 0 255 255 255 0 0 255 255 255 0 0 255 255 255 0 0 255 255 255 0 0 255 255 255 0 0 255 255 255 0 0 255 255 255 0 0 255 255 255 0 0 
255 255 255 0 0 255 255 255 0 0 255 255 255 0 0 255 255 255 0 0 255 255 255 0 0 255 255 255 0 0 255 255 255 0 0 255 255 255 0 0 255 255 255 0 0 255 255 255 0 0 255 255 255 0 0 255 255 255 0 0 255 255 255 0 0 255 255 255 0 0 255 255 255 0 0 255 255 255 0 0 255 255 255 0 0 255 255 255 0 0 255 255 255 0 0 255 255 255 0 0 
255 255 255 0 0 255 255 255 0 0 255 255 255 0 0 255 255 255 0 0 255 255 255 0 0 255 255 255 0 0 255 255 255 0 0 255 255 255 0 0 255 255 255 0 0 255 255 255 0 0 255 255 255 0 0 255 255 255 0 0 255 255 255 0 0 255 255 255 0 0 255 255 255 0 0 255 255 255 0 0 255 255 255 0 0 255 255 255 0 0 255 255 255 0 0 255 255 255 0 0 
255 255 255 0 0 255 255 255 0 0 255 255 255 0 0 255 255 255 0 0 255 255 255 0 0 255 255 255 0 0 255 255 255 0 0 255 255 255 0 0 255 255 255 0 0 255 255 255 0 0 255 255 255 0 0 255 255 255 0 0 255 255 255 0 0 255 255 255 0 0 255 255 255 0 0 255 255 255 0 0 255 255 255 0 0 255 255 255 0 0 255 255 255 0 0 255 255 255 0 0 
