253 251 251 25 -1.69023 228 226 226 23 -2.9694 224 222 222 32 1.25875 255 253 253 36 3.08609 255 255 255 72 -3.11382 255 253 253 64 -3.11035 253 251 251 4 -0.244979 252 250 250 4 0.463648 254 252 252 7 -2.9997 253 251 251 4 -0.463648 251 249 249 6 -0.463648 248 246 246 9 1.15257 255 255 255 6 -1.5708 251 249 249 1 -1.5708 250 248 248 7 0.588003 252 248 255 21 -1.52321 231 221 251 50 -2.8578 215 204 244 103 -2.9083 191 180 220 82 2.66164 229 218 255 0 0 
250 248 248 45 -1.46014 205 203 203 55 0.552841 234 232 232 25 -0.643501 219 217 217 46 -0.815692 185 183 183 72 0.0831412 191 189 189 93 0.785398 255 255 255 50 -3.1216 255 254 254 94 -3.04614 247 245 245 137 3.06873 255 255 255 125 3.14159 255 255 255 97 -3.09009 252 250 250 123 3.10096 255 255 255 103 -3.08341 251 249 249 66 3.06598 255 254 254 1 -0.785398 253 250 255 70 -1.71269 183 174 200 91 -0.824138 114 105 138 139 0.028769 118 109 142 155 0.666693 214 205 238 0 0 
255 253 253 10 -2.85014 252 250 250 5 0.380506 254 252 252 3 -2.1588 251 249 249 8 0.785398 255 255 255 4 3.14159 255 255 255 50 -1.65063 207 205 205 91 -2.6292 162 160 160 132 -2.73868 110 108 108 110 2.94064 132 130 130 74 0.385494 160 158 158 101 -0.309329 129 127 127 129 2.94723 154 152 152 78 2.73503 185 183 183 149 2.63904 255 255 255 12 -1.5708 243 242 246 11 0.179853 245 240 255 14 0.785398 253 249 255 13 -1.64757 240 236 255 9 1.46014 249 245 255 0 0 
245 243 243 16 0.785398 255 255 255 10 -2.63449 252 250 250 5 1.19029 255 255 255 4 -1.5708 253 251 251 3 0 253 251 251 126 -1.53906 127 125 125 88 -1.40006 40 38 38 53 -2.35619 2 0 0 208 1.27336 201 199 199 57 1.76476 255 255 255 255 -1.57472 2 0 0 80 1.49594 82 80 80 74 -2.7561 54 52 52 205 1.4289 255 255 255 1 -2.35619 255 253 255 1 0.785398 255 253 255 7 -2.9997 252 251 255 12 -1.99742 241 240 249 15 0.694738 251 250 255 0 0 
255 255 255 9 -1.89255 248 246 246 6 1.5708 254 252 252 3 1.5708 255 255 255 7 -2.9997 255 254 254 3 2.81984 255 255 255 115 -1.58819 142 140 140 140 -1.5351 2 0 0 61 1.53802 63 61 61 127 1.52359 190 188 188 187 2.78282 255 254 254 332 -2.30093 8 6 6 22 0.223477 13 11 11 71 1.38717 83 81 81 173 1.56502 255 254 254 1 2.35619 255 255 255 9 -2.35619 248 249 247 7 0.141897 249 250 248 8 0.785398 255 255 254 8 3.14159 255 255 254 0 0 
254 252 252 6 -1.24905 248 246 246 6 1.10715 254 252 252 4 -1.5708 250 248 248 7 0.404892 253 251 251 2 2.03444 255 253 253 108 -1.58006 147 145 145 143 -1.57779 4 2 2 65 1.60156 69 67 67 56 -1.35598 14 12 12 21 1.9513 34 32 32 32 -3.01724 30 28 28 4 -2.03444 26 24 24 58 1.58804 84 82 82 171 1.56495 255 253 253 5 -1.76819 250 248 247 9 0.785398 255 255 252 4 3.14159 255 255 251 8 -1.92957 247 248 244 8 -0.519146 243 245 239 0 0 
255 254 254 9 -2.58299 251 249 249 6 0.463648 254 252 252 4 2.35619 255 255 255 8 -2.52134 252 250 250 5 0.380506 254 252 252 108 -1.54303 146 144 144 146 -1.38545 2 0 0 99 0.921247 81 79 79 86 -2.09138 6 4 4 107 -0.0373658 2 0 0 115 0.226152 28 26 26 37 -0.0809041 25 23 23 63 1.21935 85 83 83 173 1.33279 254 252 252 4 0.785398 255 255 255 7 -2.55359 251 252 250 4 0.244979 252 253 249 2 1.10715 254 255 253 1 2.35619 255 255 252 0 0 
248 246 246 12 0.785398 255 255 255 15 -2.7367 251 249 249 6 -0.165149 250 248 248 9 0.86217 255 255 255 0 0 255 255 255 84 -1.5827 173 171 171 117 -1.91667 62 60 60 24 -1.48766 38 36 36 81 1.96274 113 111 111 64 0.0312398 115 113 113 128 -0.400793 65 63 63 65 -2.86329 47 45 45 86 1.15375 126 124 124 137 1.87412 255 255 255 7 -2.1588 251 249 249 8 0.785398 255 255 255 2 -2.35619 253 253 253 0 0 253 253 253 0 0 253 253 253 0 0 
255 255 255 16 -2.08994 243 241 241 19 0.785398 255 255 255 5 -2.9442 255 254 254 11 3.05093 255 255 255 1 -2.35619 255 254 254 123 -1.61954 133 131 131 71 -1.28867 64 62 62 81 -2.36489 7 5 5 184 1.17517 177 175 175 86 2.43798 233 231 231 245 -1.91574 2 0 0 117 0.749269 82 80 80 80 3.10411 85 83 83 168 1.48766 253 251 251 5 0.927295 255 255 255 4 -2.67795 253 252 254 0 0 253 252 254 0 0 253 252 254 0 0 253 252 254 0 0 
249 247 247 8 1.44644 255 255 255 5 -1.5708 252 250 250 9 -2.27942 245 243 243 16 0.741947 255 254 254 6 -1.5708 250 248 248 97 -1.49876 153 151 151 147 -1.49611 6 4 4 125 0.610074 78 76 76 33 1.36177 111 109 109 44 1.07685 150 148 148 65 -1.24421 88 86 86 87 -1.74348 2 0 0 142 0.750586 99 97 97 161 1.33935 255 254 254 3 -1.24905 253 251 251 2 2.03444 253 252 254 0 0 253 252 254 0 0 253 252 255 0 0 253 252 254 0 0 
250 248 248 7 1.1659 255 255 255 13 -2.19959 246 244 244 15 0.785398 255 255 255 8 -3.01724 255 254 254 1 0.785398 255 255 255 93 -1.67791 164 162 162 61 -1.11445 109 107 107 109 -2.92095 85 83 83 91 2.59929 132 130 130 41 1.91544 171 169 169 99 -1.73263 73 71 71 54 2.48702 106 104 104 106 2.85554 136 134 134 121 1.6121 255 255 255 5 -1.5708 252 250 250 3 1.5708 253 253 253 1 3.14159 253 253 253 1 3.14159 253 252 254 1 3.14159 253 253 253 0 0 
253 251 251 5 -0.785398 249 247 247 8 1.92957 255 255 255 8 -1.5708 249 247 247 9 1.0122 255 255 255 12 -2.24554 247 245 245 56 -1.39409 191 189 189 199 -1.89255 2 0 0 62 0.080471 7 5 5 128 1.04104 118 116 116 66 0.592187 155 153 153 128 -1.34283 30 28 28 46 -0.588003 4 2 2 153 0.975561 131 129 129 132 1.88539 255 255 255 5 -1.76819 252 250 250 4 0.463648 252 252 252 0 0 252 252 252 0 0 252 252 252 0 0 252 252 252 0 0 
255 255 255 11 -1.83705 246 244 244 11 1.39094 255 255 255 7 -2.7367 254 252 252 5 -1.5708 249 247 247 10 0.851966 255 255 255 129 -1.5863 128 126 126 65 -1.34058 64 62 62 8 1.10715 72 70 70 122 2.17686 173 171 171 48 0.229904 184 182 182 118 -1.31561 69 67 67 38 2.56084 90 88 88 30 3.14159 90 88 88 166 1.60693 255 254 254 1 0 255 254 254 2 -1.10715 252 253 251 1 3.14159 250 253 251 1 3.14159 250 253 251 1 3.14159 250 253 251 0 0 
254 252 252 10 -2.49809 248 246 246 7 0.2783 250 248 248 4 1.81578 254 252 252 6 2.81984 255 254 254 2 -2.67795 255 253 253 112 -1.59758 143 141 141 80 -1.20184 68 66 66 67 -1.75065 2 0 0 218 1.5708 220 218 218 31 -2.95041 214 212 212 178 -1.45828 37 35 35 38 2.50327 60 58 58 24 1.65394 84 82 82 180 1.27881 255 255 255 0 0 255 255 255 6 -2.46685 251 251 251 0 0 249 251 251 0 0 249 251 251 0 0 249 251 251 0 0 
246 244 244 9 1.15257 255 253 253 9 -2.43297 249 247 247 1 -0.785398 248 246 246 10 0.643501 254 252 252 6 -2.81984 252 250 250 80 -1.50838 172 170 170 116 -1.69939 56 54 54 131 -0.422854 2 0 0 187 1.5708 189 187 187 153 2.84453 234 232 232 277 -2.17975 6 4 4 52 1.64757 58 56 56 125 0.672247 136 134 134 121 1.50478 255 255 255 8 -2.52134 250 250 250 4 0.244979 251 250 252 0 0 249 251 252 0 0 249 251 252 0 0 249 251 252 0 0 
250 248 248 2 -2.03444 248 246 246 8 0.244979 250 248 248 7 2.1588 255 254 254 8 -2.03444 248 246 246 11 0.909753 255 255 255 100 -1.62075 157 155 155 23 0.970746 176 174 174 174 -1.46771 2 0 1 79 0.525367 42 40 40 37 1.0951 75 72 74 73 -1.72036 2 0 0 168 1.15498 156 153 155 16 -2.35619 144 142 142 107 1.72982 250 248 248 9 0.708626 254 253 255 11 -2.87534 249 250 254 2 3.14159 247 250 254 2 3.14159 249 250 254 2 -2.67795 246 249 253 0 0 
247 247 247 9 2.27942 254 254 254 10 -1.76819 244 243 245 6 2.03444 250 249 251 3 2.1588 253 252 254 7 -2.7367 250 249 251 82 -1.59518 170 167 169 41 0.614663 194 191 193 127 -1.84802 71 67 72 77 -0.154601 59 56 58 92 0.0542944 62 61 65 84 0.0713075 68 67 69 100 0.827627 142 141 145 17 -1.68791 125 124 126 155 0.986352 255 254 255 15 -2.2143 241 243 244 10 0.643501 245 248 252 3 3.14159 244 249 252 3 3.14159 245 248 252 3 3.14159 244 249 252 0 0 
239 241 241 12 1.07145 250 252 252 11 -1.66146 241 240 242 9 0.785398 248 247 249 2 -2.03444 246 245 247 6 2.81984 248 247 249 46 -1.59253 204 200 205 69 -0.703946 159 155 160 84 -0.130211 148 144 149 102 0.0294033 151 147 152 93 -0.0322469 146 145 149 106 -0.0940612 136 135 139 115 0.0347686 140 139 143 128 0.585843 211 210 214 50 0.757628 244 246 247 5 1.9513 247 251 252 8 -2.52134 242 245 249 2 3.14159 241 246 249 2 3.14159 241 246 249 2 3.14159 241 246 249 0 0 
245 247 247 4 2.03444 249 251 251 13 -2.91479 248 247 249 1 -2.35619 247 246 248 8 -2.19105 240 239 241 13 0.566729 247 246 248 8 1.92957 255 253 255 32 -2.69183 243 239 244 8 2.19105 250 246 251 13 -2.67795 244 240 245 10 1.47113 252 251 255 26 -3.10315 251 250 254 14 -2.86329 247 246 250 10 3.04192 248 247 251 18 -2.92292 242 244 245 2 0 240 244 245 0 0 240 243 247 0 0 239 244 247 0 0 239 244 247 0 0 239 244 247 0 0 
243 245 245 0 0 236 238 238 0 0 247 246 248 0 0 242 241 243 0 0 251 250 252 0 0 244 243 245 0 0 228 224 229 0 0 238 234 239 0 0 238 234 239 0 0 245 241 246 0 0 226 225 229 0 0 237 236 240 0 0 237 236 240 0 0 230 229 233 0 0 244 246 247 0 0 240 244 245 0 0 240 243 247 0 0 239 244 247 0 0 239 244 247 0 0 239 244 247 0 0 
