255 248 255 2 2.03444 255 252 255 2 -1.5708 255 254 249 1 1.5708 255 255 247 5 2.9442 255 255 254 5 3.14159 250 255 255 6 -2.24554 238 249 255 5 0.927295 235 255 255 2 -1.10715 227 255 253 5 2.76109 224 255 255 18 -2.58299 214 245 254 56 2.9442 225 255 255 19 -2.65469 223 248 250 9 0.558599 233 255 250 5 0.785398 243 255 254 7 -2.26553 242 251 248 7 0.694738 250 253 255 4 -1.5708 248 249 253 4 0.244979 247 254 247 4 0.785398 250 255 247 0 0 
252 248 255 3 1.5708 255 253 255 2 -2.35619 255 255 249 4 -1.10715 251 252 242 6 0.165149 252 253 244 5 0.197396 247 252 250 4 0.463648 242 252 255 2 0.785398 237 253 255 11 -2.35619 224 246 255 11 -2.23184 211 234 255 84 -2.52409 161 179 220 115 2.70497 211 229 255 54 2.84309 231 253 255 9 3.03094 237 255 255 11 -2.67795 241 252 250 5 1.3734 250 255 255 4 -2.89661 252 252 255 5 3.14159 252 253 255 2 3.14159 252 255 251 4 -1.5708 248 254 243 0 0 
247 250 255 3 0.321751 249 252 255 2 1.5708 255 255 252 2 3.14159 255 255 247 2 3.14159 255 255 242 4 3.14159 255 255 245 0 0 248 254 255 8 -1.5708 235 240 255 7 -1.5708 222 227 255 71 -1.71072 150 148 218 123 -2.38476 63 52 154 102 1.50228 165 159 248 120 2.62966 224 236 255 19 3.14159 229 245 252 11 0.54042 246 249 255 1 3.14159 251 248 255 2 -0.785398 249 245 255 6 0.463648 252 250 255 3 0.588003 255 254 253 1 2.35619 255 255 249 0 0 
246 255 255 3 -2.55359 246 254 254 2 3.14159 249 254 252 2 0 253 255 249 2 -0.785398 253 255 241 4 1.10715 255 255 249 4 3.14159 248 254 255 8 -1.92957 236 235 255 17 -1.62955 221 202 255 165 -1.98841 70 39 160 20 0.614663 82 41 193 10 -1.76819 70 38 169 145 1.52944 210 208 255 33 2.07496 241 251 255 6 -2.24554 246 246 255 3 2.1588 255 250 255 3 2.55359 255 251 255 8 3.14159 255 253 255 3 -2.55359 255 254 249 3 -1.89255 254 253 243 0 0 
243 252 255 3 -0.321751 242 252 252 4 1.32582 246 255 255 5 3.14159 248 255 255 5 -2.76109 248 251 255 3 -2.55359 246 248 255 1 2.35619 241 249 255 12 -2.64225 237 229 255 85 -1.79583 165 119 249 96 -2.3709 103 36 211 15 -2.67795 100 23 214 3 -2.55359 92 33 191 123 1.58706 201 185 255 71 2.52625 239 243 255 16 -2.95624 243 244 255 2 2.03444 250 248 254 5 -0.54042 249 245 250 6 0.896055 255 252 251 3 0 255 255 242 2 0 254 255 238 0 0 
241 255 255 4 -2.35619 236 254 255 3 -0.588003 234 248 255 4 3.14159 234 245 255 19 3.14159 238 240 255 26 3.14159 238 237 255 39 -2.90904 227 227 255 59 -2.90474 218 199 255 151 -2.07277 101 38 201 15 -2.26553 100 11 214 8 0.463648 107 12 223 6 -0.165149 99 22 203 67 1.58572 147 116 225 107 2.26435 221 216 255 24 2.62245 238 235 255 29 2.86329 248 249 255 22 -2.96174 244 247 255 14 2.86329 248 254 255 2 -2.67795 245 255 247 2 -2.67795 244 255 240 0 0 
227 255 248 4 2.35619 228 255 255 18 -2.6292 219 240 255 59 -2.88852 204 218 255 111 -3.07861 203 205 255 138 -3.05485 193 186 255 130 -2.9171 164 148 255 100 -2.84823 143 107 251 97 -2.3417 93 22 203 6 1.24905 111 18 223 5 2.76109 117 15 234 10 -2.2143 100 14 214 3 -0.321751 76 32 185 131 1.56316 196 178 255 129 3.10285 205 193 255 132 3.03593 215 216 255 125 3.1096 209 226 255 83 2.94889 221 248 255 44 -3.11887 222 255 255 9 -2.27942 217 252 242 0 0 
221 254 250 10 -1.86225 211 237 254 54 -1.94452 161 172 230 125 -2.57121 97 93 182 46 -2.3259 70 52 159 2 -0.463648 74 42 173 2 0.785398 78 34 195 5 -2.9442 86 26 204 1 0 102 22 205 128 -0.00781234 112 16 211 17 0.0587558 116 10 223 2 2.67795 108 15 220 3 -2.1588 82 27 196 138 0.00724625 74 39 180 61 0.0327751 80 46 170 21 1.80454 96 74 180 51 1.97312 127 130 215 89 2.49137 174 194 252 128 2.84939 214 240 255 37 3.06069 217 249 255 0 0 
219 242 255 27 -1.53378 196 206 254 138 -1.44016 66 50 151 85 0.0704713 81 42 181 2 0 93 32 196 8 -3.01724 99 24 206 5 -1.9513 96 14 210 15 0.321751 108 20 210 127 1.57867 244 153 255 133 -2.14213 137 39 211 29 -2.47755 121 12 212 12 0.0831412 113 16 210 137 1.59999 234 167 255 124 -2.48687 153 95 243 86 -2.30705 96 25 189 12 0.499347 97 32 195 27 -0.147078 77 38 178 14 0.141897 70 51 160 123 1.61954 193 187 255 46 0.982794 230 234 255 0 0 
222 241 255 12 -0.896055 216 223 255 70 -1.4289 155 136 233 108 -0.791934 88 44 181 105 -0.0949517 91 20 194 14 0.343024 104 18 210 12 1.65394 122 29 220 118 -0.0929517 114 21 202 56 1.58865 177 82 246 87 -2.33181 116 17 186 20 0.996491 131 26 221 21 -2.38844 111 14 200 43 1.31464 142 72 216 55 -2.4584 104 40 176 75 0.0665682 112 35 200 129 0.170212 129 57 224 18 -1.2315 96 50 193 18 -1.46014 69 44 156 219 0.785398 223 213 255 22 1.00748 240 239 255 0 0 
228 254 255 8 -2.03444 222 243 255 8 -0.463648 225 229 255 48 -1.48766 186 167 252 112 -1.11112 94 48 184 116 -0.0859943 95 30 186 132 1.41184 234 163 255 132 -1.77558 110 32 180 75 -0.0399787 110 23 187 8 1.32582 120 25 206 10 -1.67046 108 10 208 16 0.785398 117 28 208 13 -2.09887 98 34 163 161 0.541484 177 124 235 75 0.879459 232 178 255 168 -2.50404 121 81 200 45 -0.483447 86 70 164 186 0.808122 214 216 255 19 0.674741 226 240 255 3 1.89255 231 248 255 0 0 
230 253 255 5 0.785398 236 255 255 8 -1.5708 229 244 255 8 -2.89661 231 231 255 35 -1.59936 201 178 255 110 -1.26629 105 63 188 120 0.761873 202 145 255 106 -2.87616 181 112 246 96 -0.902507 109 30 181 87 0.0574081 116 30 196 61 0.0491407 117 29 206 95 -0.0735513 108 27 190 190 0.770584 239 172 255 75 -3.04853 225 173 255 176 -2.35619 88 51 153 108 0.765793 152 134 217 107 0.686385 211 212 255 29 0.785398 229 243 255 6 -0.674741 227 247 252 10 0.588003 233 255 249 0 0 
248 255 255 4 3.14159 246 255 255 16 -1.5708 225 240 243 16 0.302885 226 238 255 11 -0.0906599 225 224 255 51 -1.5904 183 161 255 115 -1.95291 94 42 166 135 1.58561 241 172 255 139 -2.78366 196 125 251 30 -0.762147 177 105 229 77 0.498316 214 140 255 35 1.74057 249 173 255 166 -2.64561 171 90 236 75 -2.29087 104 39 172 78 1.63481 157 133 227 88 2.004 228 226 255 9 2.43297 238 242 255 5 1.5708 244 255 255 8 3.14159 244 255 251 8 -2.35619 238 255 241 0 0 
253 251 251 5 0.785398 253 255 255 3 3.14159 244 255 255 3 3.14159 237 253 255 15 -2.12245 221 230 255 93 -1.61378 135 122 206 72 -1.9848 92 35 174 7 0.982794 110 33 190 104 1.58041 218 144 255 107 2.90785 245 171 255 153 -2.89819 206 133 255 141 -2.30624 103 24 169 23 0.815692 127 31 201 19 -2.46685 102 26 181 47 1.33607 116 96 193 110 1.67046 218 222 255 15 2.17634 241 245 255 3 -1.24905 242 249 246 6 0.321751 244 253 243 8 0.785398 250 255 248 0 0 
255 254 255 3 -2.1588 254 251 253 1 0 245 252 255 5 -1.19029 233 243 255 9 -1.35213 217 226 255 118 -1.59621 108 90 184 42 -2.2381 98 28 199 4 0.244979 111 18 217 4 3.14159 111 24 206 19 -1.62338 90 7 183 29 0.616297 105 22 205 6 1.89255 117 24 217 14 -1.8491 113 5 208 14 1.22777 117 29 206 24 1.77619 105 80 192 117 1.88179 207 210 255 23 1.5708 244 244 255 5 2.76109 251 252 255 2 0.785398 253 255 255 5 -1.9513 246 251 250 0 0 
255 250 255 3 3.14159 255 251 255 1 1.5708 250 254 255 5 -1.3734 237 245 255 14 -1.78189 214 222 255 141 -1.60624 78 63 161 12 -2.89661 95 32 205 7 -1.8491 96 16 213 5 0.54042 98 27 201 6 1.73594 102 36 202 102 -0.0880074 93 22 202 127 0.0314857 100 23 211 16 -0.302885 104 13 212 7 0.588003 99 27 199 7 -1.8491 64 45 156 148 1.55053 205 210 255 18 1.68145 239 239 255 10 1.0637 253 254 255 2 -2.03444 251 252 255 2 -0.463648 250 251 255 0 0 
255 244 255 5 0.54042 255 249 255 2 0.785398 253 255 252 10 -2.1588 235 244 254 16 -1.38545 209 214 255 148 -1.55728 61 51 151 7 1.4289 77 42 186 3 3.14159 78 40 189 88 -0.0340777 74 50 162 178 0.65809 183 163 255 46 0.348771 202 174 255 113 -1.22128 97 61 191 122 -0.122337 80 39 191 61 -0.06548 69 40 180 7 -0.2783 56 54 150 143 1.5708 201 210 255 25 1.45137 242 246 255 3 1.5708 250 254 255 1 1.5708 251 255 255 0 0 251 255 255 0 0 
255 250 255 0 0 255 253 255 7 -2.1588 247 251 245 6 0 240 248 255 17 -1.51204 211 219 255 149 -1.47711 58 60 138 156 0.0192284 65 54 156 182 0.522547 156 148 243 83 0.641109 202 209 255 23 0.54042 216 225 255 19 0.602287 234 232 255 25 -1.92957 208 202 255 79 -1.27693 125 120 219 111 -0.548123 62 63 161 129 -0.0696546 51 62 136 169 1.03847 204 217 255 24 1.10715 240 247 255 3 1.24905 250 255 254 1 1.5708 251 255 255 0 0 251 255 255 0 0 
255 255 249 18 -2.92292 251 254 245 12 2.81984 251 255 251 11 -2.67795 239 250 254 8 -2.62245 225 241 255 9 -2.27942 214 230 255 13 0.394791 225 232 255 3 0 225 234 255 5 0.54042 224 242 255 9 1.0122 232 252 255 16 -2.08994 225 236 255 16 0.519146 231 242 255 7 -0.588003 220 234 255 24 -1.73594 191 210 255 58 -1.10715 135 159 201 105 0.738453 213 233 255 12 1.40565 241 250 255 2 1.5708 250 255 254 1 1.5708 251 255 255 0 0 251 255 255 0 0 
239 243 224 0 0 239 244 229 0 0 241 247 242 0 0 232 244 246 0 0 219 239 250 0 0 226 249 255 0 0 228 245 255 0 0 230 248 255 0 0 229 254 255 0 0 226 249 251 0 0 239 255 255 0 0 237 255 255 0 0 216 240 252 0 0 215 245 255 0 0 213 242 255 0 0 214 238 255 0 0 241 250 255 0 0 250 255 254 0 0 251 255 255 0 0 251 255 255 0 0 
