224 215 218 2 3.14159 222 217 216 4 -0.785398 218 217 207 7 2.35619 224 223 209 9 -2.1294 227 211 204 5 0 230 209 207 7 -0.876058 228 200 206 3 1.24905 226 201 215 2 -2.67795 214 198 221 21 -1.66575 188 177 203 58 3.00453 194 185 211 46 2.88099 208 200 217 3 -1.24905 212 202 202 2 2.67795 211 204 201 6 -2.97644 207 199 210 9 -0.708626 197 193 204 5 0 197 198 194 11 0.785398 205 208 199 8 -1.81578 199 198 194 4 -0.785398 196 194 193 0 0 
226 211 219 5 1.9513 229 218 221 11 -1.66146 213 211 203 9 0.558599 219 217 206 10 0.197396 227 217 210 4 3.14159 230 214 215 13 -2.30361 220 201 210 6 0 213 197 220 4 -0.244979 201 191 233 86 -2.03963 119 113 162 39 2.57486 142 133 183 71 2.18614 203 196 229 23 -2.88641 205 200 202 13 -0.226799 202 199 194 14 0.982794 210 208 214 12 -2.46685 200 199 208 4 0.785398 205 206 204 2 -1.10715 203 205 199 5 -2.60117 202 200 199 6 2.03444 208 206 205 0 0 
231 204 224 10 0.643501 233 213 226 9 -2.92292 224 217 214 10 2.42276 228 226 218 12 -1.65394 216 212 211 5 -1.3734 209 205 210 8 0.62025 208 208 220 7 -0.2783 198 199 237 49 -2.03444 143 142 222 91 -2.25576 68 65 164 19 2.39321 83 79 175 82 1.98044 166 164 230 67 2.68452 207 212 221 23 -2.79282 202 211 198 10 -0.643501 196 201 200 5 1.3734 201 204 208 2 0.463648 204 206 206 8 -1.44644 196 199 197 5 -0.197396 197 197 197 8 0.785398 203 203 203 0 0 
242 211 232 11 -1.83705 226 203 217 11 -0.0906599 216 208 208 15 1.10715 223 225 219 14 -2.40378 208 214 213 6 0.165149 203 211 224 11 0.463648 201 210 244 43 -2.3398 161 169 236 110 -2.33056 71 75 187 36 -2.29744 40 41 175 20 -2.85014 40 35 168 52 1.98321 96 92 193 81 2.13846 178 183 216 55 2.73434 207 215 215 18 -2.35619 196 201 204 15 0.404892 203 206 211 4 3.14159 203 206 210 6 -2.46685 201 202 206 4 3.14159 201 203 204 5 -2.2143 197 199 200 0 0 
237 211 225 6 2.67795 235 217 224 5 -1.9513 220 217 213 11 -0.348771 207 215 208 13 0.528074 207 221 219 14 2.79857 203 218 244 88 -2.73372 161 167 242 131 -2.51782 75 79 192 64 -2.69183 38 44 181 42 -2.57307 13 16 168 18 -2.75099 13 5 165 25 1.76819 47 38 172 74 2.15507 122 118 193 119 2.61412 190 190 226 112 3.01724 210 210 228 57 -2.9305 199 200 210 1 -1.5708 198 198 210 12 -0.244979 195 195 207 22 0.0454233 196 198 206 10 0 196 199 204 0 0 
224 203 225 7 1.1659 226 212 230 31 2.88099 225 222 237 66 -3.09617 213 220 237 121 -2.98456 187 200 222 150 -2.71662 118 129 179 112 -2.56597 48 54 151 49 -2.54242 13 17 142 12 -2.64225 2 8 145 12 -2.81984 0 2 145 11 2.67795 10 4 151 19 -2.53931 8 0 126 18 3.14159 20 12 95 59 2.10252 78 73 124 108 2.44096 154 149 180 146 2.83708 199 197 217 158 3.07208 209 207 229 136 3.09017 216 215 235 101 -3.03311 206 206 220 52 -2.97021 197 198 208 0 0 
215 201 243 32 -2.22649 185 174 220 119 -2.90474 150 143 200 144 -2.7367 88 84 150 92 -2.74097 49 46 118 57 -2.80327 24 24 108 32 -2.89661 11 11 111 21 3.04664 9 11 119 25 -2.86858 1 4 113 15 -3.00904 0 2 110 16 -3.07917 3 3 103 17 -2.27305 0 0 79 12 -1.65394 0 0 49 5 -0.380506 0 0 35 13 1.49402 15 7 44 32 2.20188 43 34 67 53 2.47562 73 67 102 83 2.61352 113 111 140 107 2.78174 153 152 172 103 2.61767 205 205 221 0 0 
186 183 222 124 -1.37656 62 56 109 91 -0.512389 14 2 84 42 -0.211093 1 0 82 25 -0.197396 0 0 74 6 2.67795 0 0 77 9 2.81984 0 0 84 3 -2.55359 0 0 85 3 0.982794 0 0 91 5 -0.54042 0 0 85 8 0.519146 0 0 84 11 -0.266252 1 0 69 7 -0.982794 1 0 49 10 -0.588003 0 0 35 16 -0.436627 0 0 27 10 0.291457 0 0 30 7 0.404892 1 0 34 32 0.408908 12 8 43 62 0.911168 63 60 86 156 0.949059 190 189 209 0 0 
205 217 227 66 -1.52537 139 143 178 104 -0.921537 54 43 129 44 -0.625485 26 15 108 50 -0.785398 0 0 53 29 0 0 0 49 10 1.0637 0 0 69 4 2.35619 0 0 83 13 0.463648 5 0 100 16 -0.0624188 4 0 104 19 0.418224 15 0 109 24 -0.426627 7 0 87 16 -0.0624188 8 3 65 3 3.14159 10 9 53 15 -2.26553 1 0 35 7 0 3 0 34 29 1.07685 29 23 64 23 1.12638 50 45 84 114 1.09934 154 149 180 76 0.803915 209 206 231 0 0 
210 223 225 6 -1.40565 204 209 234 111 -1.43527 94 83 156 89 -0.293589 64 53 139 43 -1.64045 18 18 82 39 -0.658806 0 0 55 10 0.0996687 0 0 63 19 1.19991 7 5 94 10 1.3734 21 6 121 11 0.0906599 22 3 130 41 0.291457 36 14 143 30 -0.551655 20 3 118 24 -0.96007 0 0 76 28 -0.244979 0 0 54 9 0.558599 1 3 51 8 2.19105 12 11 53 26 0.972377 37 32 77 65 1.2925 102 97 136 126 0.947797 207 202 233 12 -0.96007 197 194 219 0 0 
216 221 230 8 2.03444 224 225 245 40 -1.84571 185 177 224 122 -1.22832 65 56 123 47 -0.189199 49 42 127 46 -1.35213 0 0 85 23 -0.0867383 0 0 77 13 1.7976 2 8 97 19 1.67567 25 17 134 32 1.16189 56 40 177 114 -0.0175421 54 35 182 127 -0.222082 25 11 147 39 -0.152649 17 15 121 27 -1.82447 0 0 82 10 -0.927295 0 0 65 31 1.00887 20 20 84 28 1.09128 53 50 96 131 1.13095 178 172 207 52 0.758378 214 211 237 22 -2.48055 200 198 220 0 0 
217 216 225 3 0.321751 218 215 230 13 1.344 229 224 253 109 -1.66228 115 106 162 100 -0.47704 59 49 142 45 -0.785398 18 14 120 28 -1.74751 0 0 84 14 1.4289 0 4 101 34 1.36775 34 29 152 131 1.59369 167 154 255 76 3.03672 175 157 255 137 -2.17496 60 47 192 52 -1.74218 5 4 124 14 -1.22777 0 0 98 5 2.60117 0 1 95 23 1.39861 29 30 104 77 1.0612 109 106 151 125 0.932065 216 213 239 20 -1.86225 196 194 216 16 0.741947 207 207 225 0 0 
226 221 222 3 0.321751 225 221 227 1 0 223 217 236 10 -1.76819 206 198 245 105 -1.3511 92 81 173 71 -1.30209 13 7 120 25 -2.19105 0 0 97 23 0.970746 4 4 120 25 1.24905 31 23 154 60 1.87172 93 77 219 83 3.06943 97 81 228 107 -2.71959 51 40 180 51 -2.31512 10 9 129 24 -1.40565 0 0 95 13 1.17601 3 4 102 57 1.7274 67 68 142 106 1.38257 184 184 220 35 0.603749 211 210 226 3 -2.55359 209 209 221 5 -0.927295 205 205 217 0 0 
229 225 224 2 -2.67795 228 223 224 3 -1.5708 223 218 227 15 1.50423 231 224 255 107 -1.6917 111 102 189 106 -1.82716 0 0 103 18 0.390607 0 0 112 19 0.785398 13 13 127 12 -2.97644 18 7 129 7 -1.97569 13 0 122 15 -2.49809 4 0 110 28 2.40615 20 14 127 18 3.08609 15 17 125 24 -1.86624 0 0 99 18 -0.110657 0 0 93 86 1.5708 91 87 162 114 1.64958 215 216 244 15 -2.2143 208 211 215 7 0.588003 214 215 219 7 -2.7367 211 212 216 0 0 
223 223 223 2 0.463648 224 225 223 2 -2.35619 224 224 218 6 0.165149 219 216 238 121 -1.62034 86 77 158 59 -1.73869 20 10 116 12 0.321751 19 18 116 25 -0.499347 8 7 99 26 2.8786 23 14 104 25 -2.46685 10 1 82 24 -2.29744 0 0 54 22 1.48014 11 10 78 16 2.35619 17 17 101 42 3.09401 17 16 110 20 -1.81578 3 0 91 77 1.44165 87 78 151 114 1.69299 208 209 229 3 1.5708 216 220 214 9 -1.89255 209 210 206 15 0.551655 217 218 216 0 0 
225 226 224 3 -1.89255 222 223 219 7 0.982794 230 231 222 11 -1.91957 213 211 231 125 -1.5788 76 67 147 38 -1.88442 32 23 127 39 0.361729 46 41 132 75 -2.2143 0 0 66 20 0.682317 6 0 75 33 -0.369334 0 0 56 20 0 0 0 48 8 1.69515 2 1 57 26 -0.732815 0 0 53 56 0.760403 18 12 101 24 -2.9362 15 4 100 54 1.79346 73 65 136 130 1.75614 210 210 228 7 3.14159 213 218 209 11 0.661043 222 224 218 14 -2.06474 209 210 206 0 0 
228 228 216 4 2.67795 230 228 220 5 -2.76109 228 223 225 8 -1.5708 211 206 238 136 -1.56344 61 55 136 13 1.04272 67 61 162 68 -1.62955 5 0 87 33 0.0302938 9 0 84 66 0.436627 35 26 112 79 -0.293869 14 4 87 70 -0.303734 0 0 64 70 0.42545 24 13 93 72 0.0416426 23 16 97 85 -0.310599 0 0 75 68 0.10258 0 0 86 47 1.05957 45 41 113 146 1.70786 201 202 223 23 2.38649 222 225 223 10 -2.1588 213 216 214 6 -0.896055 208 211 209 0 0 
227 224 209 8 0.124355 226 224 214 6 0.463648 229 222 227 7 -1.2925 213 206 239 130 -1.65521 68 65 137 11 0.0906599 63 62 148 39 -0.91199 41 34 109 95 0.298499 73 63 133 129 0.346136 113 108 177 98 -0.331397 81 75 146 120 -0.200653 59 50 123 129 0.289976 98 87 160 97 0.123086 108 100 170 89 -0.448723 65 61 132 84 -0.463648 22 21 101 42 -0.0475831 24 24 88 148 1.59106 184 185 206 28 1.89255 216 218 218 4 2.89661 217 219 219 7 -1.5708 210 212 212 0 0 
237 231 218 3 -2.81984 234 229 220 11 -3.05093 233 225 226 22 -2.07364 204 199 220 108 -1.46929 80 82 136 77 0.182168 91 94 155 81 0.458153 136 135 177 71 0.963491 196 198 229 34 2.69093 208 214 243 66 -3.03593 201 206 237 52 -2.78955 186 186 222 41 2.89661 198 195 234 49 -3.06014 192 192 228 55 -2.2143 145 147 188 76 -1.21203 68 72 125 96 -0.510126 22 27 72 180 0.902964 175 178 193 33 1.26791 212 214 215 5 1.5708 217 219 220 8 -2.19105 210 212 213 0 0 
234 228 217 0 0 225 218 209 0 0 224 214 214 0 0 217 212 227 0 0 158 161 206 0 0 164 172 219 0 0 178 181 209 0 0 167 173 186 0 0 144 154 164 0 0 154 164 174 0 0 148 152 170 0 0 151 152 172 0 0 161 164 185 0 0 174 178 206 0 0 153 159 200 0 0 136 142 177 0 0 185 188 202 0 0 212 214 215 0 0 212 214 215 0 0 207 209 210 0 0 
