255 249 255 4 0.785398 255 253 255 3 -2.81984 255 253 255 2 -1.10715 252 252 252 1 0.785398 251 254 252 2 0.785398 250 255 255 7 -2.26553 242 248 253 7 0.876058 246 254 255 9 3.14159 246 253 255 1 3.14159 246 255 255 10 -2.07789 237 248 246 28 -1.24905 210 221 218 48 -2.80686 198 203 204 55 1.01796 245 251 250 7 0.785398 253 255 251 11 -2.60117 247 252 243 8 0.785398 251 255 251 4 -2.67795 251 255 250 2 -2.03444 251 252 248 4 0.463648 255 254 250 0 0 
255 254 255 7 -2.7367 252 251 253 4 0.785398 253 254 255 3 -2.55359 249 251 255 6 2.81984 248 253 255 11 -2.67795 239 247 255 41 3.04434 242 250 255 58 -3.00453 232 242 255 33 2.90376 240 250 255 8 -2.62245 236 248 255 5 2.11122 243 255 255 86 -1.87784 161 175 174 61 1.86691 221 233 235 31 0.807617 246 255 255 10 -1.5708 240 247 244 14 0.785398 250 255 254 6 -2.46685 247 252 250 4 0.244979 248 253 251 3 1.5708 255 255 252 1 -1.5708 255 255 251 0 0 
243 251 244 9 0.785398 248 255 255 3 -1.5708 243 250 255 5 -1.5708 235 242 255 36 -3.08609 229 236 255 119 -2.83571 190 198 238 125 -3.03797 175 184 228 133 3.01351 190 202 244 143 2.9017 224 239 255 128 3.14159 224 241 255 74 -2.89661 208 226 243 101 -2.32842 136 155 163 100 1.41057 236 255 255 11 3.05093 239 255 255 40 3.14159 243 255 255 20 -2.89661 239 248 255 7 0.785398 248 254 255 3 -1.5708 248 252 253 3 0.982794 255 255 252 5 -2.76109 253 255 249 0 0 
244 255 251 0 0 243 255 255 7 -2.7367 236 244 255 57 -2.35619 192 198 245 136 -2.5128 106 113 176 81 -2.52987 56 62 137 30 -2.42585 32 41 121 10 1.47113 42 52 130 46 1.35213 87 101 167 67 2.167 143 161 214 82 -2.94657 131 147 193 83 2.99801 144 164 195 127 2.54052 220 240 255 148 -2.95211 194 213 228 73 2.86702 216 230 253 61 2.80953 239 249 255 67 3.14159 246 251 255 22 -3.09617 249 252 255 4 -1.81578 248 250 250 5 0 248 252 247 0 0 
239 255 255 10 -2.42276 230 244 255 37 -1.70512 190 194 253 136 -2.19959 74 75 161 51 -2.3425 32 34 134 41 -0.0730406 24 28 141 82 0.0487419 24 27 155 19 1.62338 43 46 174 9 -2.81984 40 48 161 24 0.554308 55 67 163 23 -2.26553 41 52 136 24 -0.426627 34 48 114 39 0.892134 69 85 132 47 1.6557 117 133 175 74 2.68393 154 163 213 77 2.9997 169 175 222 58 2.25894 221 225 254 54 2.76787 244 249 255 20 3.04192 250 255 255 6 -1.5708 245 250 248 0 0 
229 245 255 8 -0.463648 224 234 255 122 -1.98321 106 106 190 71 -1.97203 35 32 142 40 1.47113 68 71 186 102 0.380506 100 106 231 100 -0.905386 18 21 166 73 0.14956 27 31 179 27 1.5708 56 64 195 37 -0.654083 36 45 162 110 0.172578 59 69 170 124 -0.0563918 56 67 151 110 0.0181798 61 73 143 121 -0.132552 49 59 123 58 0.402655 73 79 150 66 2.27129 130 132 197 92 2.7993 166 169 214 88 2.5253 222 225 253 65 2.80061 246 252 255 21 -3.09401 247 254 255 0 0 
239 250 255 62 -1.78077 175 180 229 91 -1.71269 78 71 175 42 -2.20482 37 32 155 131 1.5098 159 169 255 8 0.62025 159 174 255 68 -1.48279 87 98 232 62 -1.60304 25 35 173 59 1.87668 84 96 220 63 2.06261 144 157 255 68 2.62604 181 194 255 83 -2.88792 164 176 255 108 3.03094 181 189 255 129 -2.45478 103 107 188 79 -1.1973 30 31 119 55 0.126592 41 40 120 46 1.7005 91 91 155 86 2.35619 155 158 202 93 2.40162 222 228 251 46 2.67795 244 252 255 0 0 
226 234 255 61 -1.45654 162 163 223 104 -1.7249 51 41 161 17 -3.08284 43 36 171 130 1.59387 164 175 255 29 3.00453 161 180 255 100 -2.27834 82 95 233 106 -2.32309 4 15 159 45 1.39486 51 64 196 42 2.47429 82 94 212 27 2.64517 98 111 217 70 -2.39617 56 64 165 22 2.07364 79 84 183 53 2.07609 130 130 230 95 -2.61727 84 81 184 61 -2.07789 33 29 124 20 -0.463648 26 25 105 53 1.64613 83 84 144 109 2.17403 176 183 216 74 2.22238 237 246 255 0 0 
233 239 255 84 -1.6065 146 145 211 104 -1.65712 33 21 151 50 0.259332 37 28 178 105 1.41815 132 141 255 102 -2.82294 95 108 240 105 -2.2143 5 16 174 20 0.14889 8 17 181 15 2.88099 16 24 177 36 1.8491 54 63 204 39 -2.75644 46 52 179 10 -2.42276 43 47 166 5 2.11122 52 52 170 10 -1.9513 45 42 158 5 1.9513 52 47 162 26 -2.91479 48 43 152 31 -1.76198 20 16 111 12 -0.426627 19 18 90 107 1.54277 129 134 179 108 1.81353 236 244 255 0 0 
228 236 255 90 -1.52638 135 136 204 53 -1.04002 80 70 200 22 -1.10715 51 43 197 21 -0.442374 33 39 182 34 0.0587558 28 41 187 6 -0.165149 22 33 201 33 -1.90189 0 0 172 28 0.321751 2 13 171 23 0.348771 16 24 171 14 1.2925 37 40 178 8 -0.244979 38 40 172 8 0.463648 46 45 171 8 -1.10715 40 38 162 19 -1.26492 21 18 144 14 1.2925 38 34 153 17 -0.950547 28 25 128 19 -0.748378 20 19 99 83 1.1925 102 107 156 124 1.55467 227 236 255 0 0 
231 240 255 67 -1.64529 158 165 228 64 -1.33705 86 84 204 12 -1.14417 66 64 213 10 0.588003 64 71 222 26 -1.7976 31 43 201 21 -0.982794 9 22 190 29 0.204018 15 29 195 15 0.260602 23 38 188 18 -0.588003 18 31 171 29 0.664046 41 49 186 2 -1.10715 44 47 181 3 0 46 49 177 6 -1.89255 42 43 171 21 -1.66575 21 19 155 29 0.761013 43 42 170 10 -1.47113 40 38 144 10 0.380506 49 50 130 54 1.13194 102 109 158 133 1.36022 235 245 255 0 0 
226 238 255 47 -1.54952 173 184 236 84 -1.0487 93 95 197 16 -0.436627 75 78 213 9 -1.78947 58 65 216 8 -1.5708 43 55 215 9 -0.110657 38 53 216 12 -0.726642 32 46 206 15 0.260602 39 55 198 7 -2.86329 43 55 191 4 -1.5708 44 50 187 8 3.14159 47 50 184 5 -2.11122 44 49 172 6 -2.03444 38 43 166 4 2.67795 38 43 172 6 0 42 44 168 5 -2.9442 50 49 152 19 1.03907 74 74 150 54 1.68145 132 138 183 109 1.14794 233 243 255 0 0 
230 245 254 10 -0.588003 219 232 255 100 -1.5608 112 118 195 25 -1.287 77 82 197 9 -0.785398 61 67 210 11 0.0906599 55 64 221 2 -0.463648 52 62 223 9 -2.92292 52 62 216 21 -2.1588 38 48 190 5 1.19029 48 54 191 16 -2.31274 39 41 179 5 1.76819 48 48 178 7 -2.35619 43 47 165 8 -2.08994 36 43 154 12 1.48766 46 55 166 13 -2.13753 39 46 149 15 1.1659 62 64 152 1 2.35619 70 72 137 105 1.49475 178 187 221 68 0.75448 227 238 255 0 0 
244 255 255 14 -1.6421 225 236 255 94 -1.44382 124 129 190 59 -0.418224 89 95 192 6 -0.463648 77 82 211 10 -2.2143 64 69 214 12 -1.48766 50 57 204 6 -0.896055 45 53 197 4 -1.5708 47 50 188 8 -1.81578 42 44 176 6 -2.81984 46 41 174 3 2.81984 48 44 170 8 -2.67795 44 43 159 5 -2.76109 41 45 150 4 1.5708 41 53 149 5 2.76109 47 58 142 8 0.950547 64 67 141 11 1.03038 81 83 137 161 1.14314 232 239 255 10 0.588003 240 250 255 0 0 
250 253 255 7 -2.9997 244 248 255 52 -1.53235 185 185 239 86 -0.982794 102 104 188 23 -0.694738 79 82 191 1 -0.785398 72 77 200 11 -2.23184 61 67 192 13 -2.40878 54 57 185 10 -2.55359 54 51 177 16 -2.31274 45 39 164 3 0.321751 50 39 165 4 -1.81578 47 36 158 2 -0.463648 45 37 154 6 0.463648 46 44 150 5 -0.197396 41 50 137 15 0.876058 55 67 139 8 1.32582 74 77 138 77 1.17102 150 154 195 125 0.791048 243 252 255 14 3.14159 244 255 255 0 0 
247 245 251 9 1.0122 251 249 255 6 -2.03444 238 236 255 102 -1.51204 128 128 192 107 -0.301226 88 90 174 36 -0.25169 74 78 173 12 -1.5708 60 64 166 11 -0.785398 54 54 160 16 -0.519146 48 45 154 22 0.0906599 53 47 156 7 -0.404892 54 43 153 4 -2.89661 53 43 150 5 0.643501 54 47 152 12 0.165149 54 53 147 4 2.03444 57 63 138 9 0.418224 62 73 131 64 0.588003 109 112 157 176 0.817387 243 246 255 14 -2.06474 232 240 247 6 0.674741 238 247 244 0 0 
250 249 255 1 3.14159 248 248 255 4 0.785398 248 247 255 21 -2.90785 239 238 255 100 -1.60079 134 135 186 111 -0.407256 87 88 149 103 -0.0388154 81 80 152 17 -0.117109 77 77 155 46 3.14159 77 74 159 78 -2.97434 64 61 147 56 -2.89234 52 46 133 41 2.97249 59 54 139 51 2.92504 68 67 147 53 -2.91479 56 58 129 17 2.11122 71 76 139 74 0.71883 124 130 177 142 0.810269 237 238 255 9 3.03094 242 244 254 8 -3.01724 242 245 249 6 3.14159 242 247 246 0 0 
251 250 254 5 2.2143 253 253 255 24 -2.08994 230 230 242 21 0.652847 242 242 255 5 1.76819 243 244 255 48 -2.0437 197 198 236 91 -1.38411 105 105 153 125 -0.545899 36 37 93 139 -0.224112 4 4 68 166 0.0541638 13 12 78 150 0 13 12 78 145 -0.0137922 11 12 73 161 0.0558425 20 23 78 179 0.173383 51 55 106 179 0.46116 132 137 182 125 0.807866 227 232 255 5 -0.785398 232 234 245 10 0.197396 237 239 240 10 0.0996687 238 240 241 12 0.0831412 239 241 242 0 0 
250 250 244 8 -0.62025 243 244 240 13 0.628796 249 251 251 6 -0.896055 242 245 250 16 -1.32582 223 226 240 20 -0.197396 215 219 243 20 0 214 217 248 43 -0.963809 176 178 218 54 -0.0185164 173 176 220 57 -0.122195 164 169 214 65 -0.0767719 159 164 209 73 0.192048 173 179 220 64 0.400793 200 206 241 36 0.426627 215 223 253 19 0.305879 223 230 255 15 0.551655 234 241 255 2 0.785398 242 245 253 2 2.35619 247 249 250 3 2.1588 250 252 253 2 2.35619 252 254 255 0 0 
255 255 247 0 0 254 255 247 0 0 255 255 251 0 0 246 251 250 0 0 245 248 255 0 0 237 242 255 0 0 240 244 255 0 0 230 236 255 0 0 232 236 255 0 0 231 237 255 0 0 233 239 255 0 0 234 242 255 0 0 235 242 255 0 0 236 245 255 0 0 238 247 255 0 0 236 245 254 0 0 241 244 249 0 0 245 247 248 0 0 248 250 251 0 0 250 252 253 0 0 
