255 255 255 4 -2.03444 251 251 251 2 0.463648 252 252 252 4 0.785398 255 255 255 2 -1.5708 253 253 253 2 1.5708 255 255 255 1 3.14159 255 255 255 2 -2.35619 253 253 253 2 2.67795 254 254 254 16 -1.50838 238 238 238 88 -3.13023 237 237 237 83 2.92551 255 255 255 3 -1.5708 252 252 252 4 0.785398 255 255 255 7 -2.1588 249 249 249 7 0.876058 255 255 255 0 0 255 255 255 3 3.14159 255 255 255 3 3.14159 255 255 255 6 -1.5708 249 249 249 0 0 
253 253 253 2 0 253 253 253 2 0.785398 255 255 255 3 3.14159 255 255 255 2 -1.5708 253 253 253 4 2.89661 254 254 254 1 -0.785398 253 253 253 2 -1.10715 251 251 251 5 0.785398 255 255 255 105 -1.58984 150 150 150 7 0.694738 155 155 155 100 1.59079 255 255 255 3 3.14159 255 255 255 4 -1.5708 251 251 251 3 0.982794 254 254 254 1 1.5708 255 255 255 4 -2.35619 252 252 252 2 0 252 252 252 3 1.5708 255 255 255 1 -1.5708 254 254 254 0 0 
255 255 255 4 3.14159 255 255 255 3 -1.89255 252 252 252 3 2.1588 255 255 255 6 -1.5708 249 249 249 7 0.982794 255 255 255 1 -1.5708 254 254 254 3 2.81984 255 255 255 5 -2.76109 253 253 253 100 -1.84227 156 156 156 41 -0.0730406 153 153 153 109 1.13583 252 252 252 25 3.02216 255 255 255 2 -2.03444 253 253 253 3 2.81984 254 254 254 2 -1.10715 252 252 252 4 2.67795 254 254 254 2 -1.10715 252 252 252 4 0.785398 255 255 255 0 0 255 255 255 0 0 
251 251 251 5 0.643501 254 254 254 4 -1.32582 250 250 250 5 1.03038 255 255 255 2 -1.5708 253 253 253 2 2.35619 255 255 255 4 -1.5708 251 251 251 4 -0.244979 250 250 250 24 -1.40565 226 226 226 93 -2.8266 197 197 197 58 0.0344691 199 199 199 59 0.486032 227 227 227 89 2.83403 254 254 254 4 -1.81578 250 250 250 7 0.785398 255 255 255 7 -1.5708 248 248 248 9 0.785398 255 255 255 4 3.14159 255 255 255 0 0 255 255 255 3 -1.5708 252 252 252 0 0 
255 255 255 0 0 255 255 255 4 -2.67795 253 253 253 2 0.785398 255 255 255 4 -1.81578 251 251 251 4 1.81578 255 255 255 1 3.14159 255 255 255 1 -1.5708 254 254 254 117 -1.58789 137 137 137 118 1.48625 255 255 255 5 -2.60117 252 252 252 110 -1.54353 142 142 142 111 1.58881 253 253 253 2 2.03444 255 255 255 10 3.14159 255 255 255 1 3.14159 255 255 255 4 -1.5708 251 251 251 5 0.927295 255 255 255 0 0 255 255 255 4 3.14159 255 255 255 0 0 
255 255 255 4 -1.5708 251 251 251 7 2.55359 255 255 255 1 -1.5708 254 254 254 4 -1.32582 250 250 250 6 0.674741 254 254 254 1 1.5708 255 255 255 5 -2.60117 252 252 252 109 -1.85788 147 147 147 112 1.15077 250 250 250 5 1.76819 255 255 255 115 -1.5708 140 140 140 123 1.1435 252 252 252 28 -2.89661 245 245 245 13 0.732815 254 254 254 1 0.785398 255 255 255 1 -2.35619 254 254 254 1 0.785398 255 255 255 4 -2.03444 251 251 251 2 2.67795 252 252 252 0 0 
255 255 255 57 -2.96792 245 245 245 86 3.02583 255 255 255 103 3.14159 255 255 255 114 3.14159 255 255 255 107 -3.13225 254 254 254 106 -3.10387 250 250 250 107 -2.86965 221 221 221 119 -2.90474 193 193 193 82 0.742689 249 249 249 7 0.876058 255 255 255 64 -1.5708 191 191 191 68 0.502843 224 224 224 123 2.88879 255 255 255 107 3.14159 255 255 255 114 -3.13282 254 254 254 106 3.13216 255 255 255 109 -3.12325 253 253 253 106 -3.10387 249 249 249 90 3.07502 255 255 255 0 0 
198 198 198 53 -0.825377 159 159 159 40 -2.96835 152 152 152 98 -0.111777 141 141 141 114 0.0613265 148 148 148 107 0 148 148 148 107 -0.0186894 146 146 146 115 -0.362823 105 105 105 211 0.782054 254 254 254 1 0 254 254 254 1 0.785398 255 255 255 5 -2.2143 251 251 251 147 -1.55719 104 104 104 157 0.28354 148 148 148 104 -0.0672063 141 141 141 113 0.0618678 148 148 148 105 -0.0190453 146 146 146 106 0.00943368 147 147 147 108 0.110657 159 159 159 53 2.43498 194 194 194 0 0 
234 234 234 116 -1.40706 119 119 119 188 0.766674 250 250 250 139 3.10564 255 255 255 21 3.14159 255 255 255 0 0 255 255 255 4 -2.89661 254 254 254 1 0.785398 255 255 255 7 3.14159 255 255 255 1 3.14159 255 255 255 3 -2.1588 252 252 252 1 0.785398 253 253 253 2 0.785398 255 255 255 7 -2.7367 252 252 252 2 2.03444 254 254 254 1 -0.785398 253 253 253 2 -0.463648 252 252 252 17 2.96692 255 255 255 204 -2.40805 118 118 118 181 0.715201 237 237 237 0 0 
253 253 253 2 0.785398 255 255 255 144 -1.61937 111 111 111 182 0.73892 234 234 234 87 2.89938 255 255 255 69 -3.08369 251 251 251 4 2.03444 255 255 255 7 -1.5708 248 248 248 9 0.708626 254 254 254 1 -0.785398 253 253 253 1 0 253 253 253 2 0.785398 255 255 255 8 -2.08994 248 248 248 7 0.404892 251 251 251 5 0.785398 255 255 255 0 0 255 255 255 75 -2.87418 235 235 235 159 -2.16403 103 103 103 214 0.788698 255 255 255 7 -2.1588 249 249 249 0 0 
255 255 255 7 -1.71269 248 248 248 6 -0.321751 246 246 246 97 -1.47828 149 149 149 105 0.357663 186 186 186 63 1.46014 249 249 249 110 3.0871 255 255 255 0 0 255 255 255 1 3.14159 255 255 255 1 -1.5708 254 254 254 5 2.9442 255 255 255 10 -2.76109 251 251 251 5 0.785398 255 255 255 0 0 255 255 255 4 3.14159 255 255 255 131 -2.55148 182 182 182 37 -1.27425 146 146 146 152 0.790049 254 254 254 5 -2.60117 251 251 251 5 0.785398 255 255 255 0 0 
254 254 254 3 3.14159 254 254 254 1 0.785398 255 255 255 7 -1.97569 248 248 248 55 -1.5163 193 193 193 82 -0.716542 139 139 139 147 0.905589 255 255 255 96 -3.13118 254 254 254 4 2.89661 255 255 255 6 -1.5708 249 249 249 6 -0.674741 245 245 245 14 0.785398 255 255 255 0 0 255 255 255 8 -2.67795 251 251 251 134 -2.24554 146 146 146 89 0.553854 193 193 193 83 0.802346 253 253 253 4 -1.10715 249 249 249 8 0.785398 255 255 255 1 3.14159 255 255 255 0 0 
251 251 251 5 0.785398 255 255 255 3 -1.89255 252 252 252 1 -2.35619 251 251 251 5 0.785398 255 255 255 26 -1.91635 230 230 230 99 -2.34191 159 159 159 132 0.758667 250 250 250 6 0.896055 255 255 255 1 -2.35619 254 254 254 1 0.785398 255 255 255 2 3.14159 255 255 255 8 -1.5708 247 247 247 80 -1.48352 167 167 167 100 0.579715 222 222 222 65 2.68475 251 251 251 5 0.927295 255 255 255 2 3.14159 255 255 255 12 -3.05845 254 254 254 1 2.35619 255 255 255 0 0 
255 255 255 1 -1.5708 254 254 254 3 -1.89255 251 251 251 5 0.785398 255 255 255 9 -1.5708 246 246 246 85 -1.47696 161 161 161 95 1.71865 255 255 255 7 -2.9997 254 254 254 1 0 254 254 254 4 2.89661 255 255 255 2 -1.5708 253 253 253 6 2.81984 255 255 255 7 -2.9997 254 254 254 3 -1.24905 251 251 251 88 -1.52537 163 163 163 93 1.7976 254 254 254 1 -0.785398 253 253 253 10 -1.3734 243 243 243 15 0.694738 253 253 253 2 0.463648 254 254 254 0 0 
255 255 255 4 -2.67795 253 253 253 2 0.785398 255 255 255 5 3.14159 255 255 255 2 -2.67795 254 254 254 107 -1.56145 147 147 147 101 1.64984 248 248 248 9 0.785398 255 255 255 5 -1.76819 250 250 250 7 0.785398 255 255 255 149 -3.08795 247 247 247 119 3.13319 248 248 248 9 0.785398 255 255 255 6 3.14159 255 255 255 113 -1.5708 142 142 142 113 1.59734 255 255 255 2 3.14159 255 255 255 3 3.14159 255 255 255 2 3.14159 255 255 255 6 -1.73594 249 249 249 0 0 
251 251 251 4 1.32582 255 255 255 5 -1.5708 250 250 250 5 0.54042 253 253 253 2 1.5708 255 255 255 125 -1.97047 139 139 139 134 1.04058 255 255 255 2 -2.67795 254 254 254 50 3.1216 255 255 255 199 -2.29952 106 106 106 150 0.146592 128 128 128 178 0.789351 255 255 255 132 -3.09617 249 249 249 46 3.01189 255 255 255 116 -1.58804 139 139 139 132 1.03946 253 253 253 48 -3.12076 252 252 252 3 0.321751 253 253 253 2 0.463648 254 254 254 1 0.785398 255 255 255 0 0 
252 252 252 3 0.982794 255 255 255 0 0 255 255 255 2 -1.5708 253 253 253 47 -1.52827 206 206 206 65 3.12621 207 207 207 66 0.764125 253 253 253 125 -2.74191 204 204 204 84 -1.83292 122 122 122 185 0.796804 255 255 255 1 -2.35619 254 254 254 131 -1.5708 123 123 123 150 0.558599 203 203 203 54 1.96842 253 253 253 130 -2.77387 206 206 206 47 -0.0212734 205 205 205 73 2.39464 255 255 255 0 0 255 255 255 0 0 255 255 255 0 0 255 255 255 0 0 
254 254 254 1 0.785398 255 255 255 8 3.14159 255 255 255 3 3.14159 255 255 255 114 -1.5708 141 141 141 115 1.71024 255 255 255 187 -2.46186 137 137 137 117 0.39153 182 182 182 98 0.792592 252 252 252 2 2.03444 254 254 254 1 0 254 254 254 3 -1.89255 251 251 251 69 -1.51289 182 182 182 87 -0.622909 131 131 131 173 0.781317 253 253 253 176 -2.5253 151 151 151 109 1.88677 255 255 255 0 0 255 255 255 0 0 255 255 255 0 0 255 255 255 0 0 
255 255 255 8 -1.5708 247 247 247 9 0.558599 252 252 252 3 1.24905 255 255 255 130 -1.58618 125 125 125 23 -0.755104 109 109 109 200 0.753607 246 246 246 10 0.507098 251 251 251 4 0 251 251 251 5 0.927295 255 255 255 2 -2.35619 253 253 253 4 2.67795 255 255 255 3 -2.55359 253 253 253 2 0.463648 254 254 254 145 -1.5639 109 109 109 145 0.0551165 117 117 117 141 1.34294 255 255 255 0 0 255 255 255 0 0 255 255 255 0 0 255 255 255 0 0 
255 255 255 0 0 255 255 255 0 0 253 253 253 0 0 253 253 253 0 0 142 142 142 0 0 255 255 255 0 0 255 255 255 0 0 255 255 255 0 0 254 254 254 0 0 253 253 253 0 0 249 249 249 0 0 252 252 252 0 0 255 255 255 0 0 255 255 255 0 0 254 254 254 0 0 149 149 149 0 0 255 255 255 0 0 255 255 255 0 0 255 255 255 0 0 255 255 255 0 0 
