3 2 4 4 -2.35619 0 2 0 1 1.5708 0 7 0 2 -0.463648 0 6 0 6 1.24905 0 5 12 7 -2.1588 0 0 8 0 0 5 0 1 3 0.321751 6 1 0 4 0.463648 1 6 0 4 -2.35619 0 6 0 9 0.785398 3 12 0 8 -2.62245 0 8 0 3 -0.982794 0 2 0 11 0.661043 2 7 10 9 -2.35619 0 0 6 4 0 2 0 6 1 0 2 0 3 1 1.5708 1 0 2 1 -2.35619 0 0 0 0 0 0 0 0 0 0 
4 0 1 4 0 2 0 0 3 0.982794 1 8 0 2 -2.67795 0 6 0 2 3.14159 0 0 9 2 -2.35619 0 0 10 3 1.24905 10 0 7 2 1.5708 12 3 6 7 -2.35619 0 0 1 13 0.528074 0 9 7 7 -1.97569 0 2 0 5 1.3734 0 7 2 5 2.2143 4 10 9 12 -2.35619 0 0 1 6 0.674741 8 2 7 5 -2.49809 6 0 4 1 -0.785398 2 0 1 0 0 0 0 1 0 0 0 0 0 0 0 0 0 0 0 0 
13 1 7 4 -2.67795 9 1 2 2 -2.67795 3 3 0 1 -1.5708 0 0 0 7 0 0 0 10 1 0.785398 1 0 14 2 0.785398 12 0 10 3 -1.24905 7 0 8 12 1.32582 5 6 26 10 -2.2143 0 0 19 68 -0.0440891 0 0 12 13 0.0767719 0 0 9 8 -0.244979 0 0 1 5 1.5708 9 5 4 7 -2.35619 12 0 0 4 0.463648 14 0 1 2 -2.35619 4 0 0 0 0 0 0 1 0 0 0 0 1 0 0 0 0 1 0 0 
14 0 3 10 0 9 0 1 1 0.785398 3 1 0 6 1.73594 5 7 8 9 -2.43297 0 0 9 2 1.10715 1 0 14 1 2.35619 11 0 12 2 -2.67795 5 0 17 3 1.89255 0 0 34 67 1.37632 51 59 106 85 -0.744099 0 2 43 73 -0.0547398 0 1 31 11 -2.03444 0 0 8 8 0 2 0 1 4 1.5708 15 3 3 4 -1.5708 11 0 0 3 0 4 0 0 2 0 0 0 1 0 0 0 0 1 0 0 0 0 1 0 0 
26 6 11 13 -2.40878 12 0 2 1 -1.5708 0 1 0 6 0 0 1 0 2 0.785398 0 1 6 8 0 0 0 8 2 0 2 0 9 6 0 0 0 22 20 0.956133 0 2 64 126 1.16383 98 114 191 51 -1.21203 55 66 140 90 -1.13684 0 0 47 22 0.135528 0 0 32 8 -1.10715 0 0 11 8 0.463648 4 2 8 2 -0.463648 5 2 4 4 -0.244979 4 1 3 2 -0.785398 0 0 1 0 0 0 0 1 0 0 0 0 1 0 0 
9 0 3 4 0.244979 5 0 4 5 1.76819 1 5 10 5 -2.35619 0 1 10 22 0.363979 0 6 28 85 -0.0704713 0 0 28 110 0.0363476 0 1 32 96 0.0624188 0 3 48 85 0.702257 25 50 124 108 0.890275 103 130 217 131 -2.92623 79 102 188 98 -1.51982 0 7 82 75 -0.199993 0 0 53 81 -0.0493426 0 0 39 94 -0.0212734 0 0 33 116 0.00862048 0 1 25 65 -0.0461211 0 1 11 4 -1.10715 0 0 1 1 0 0 0 1 0 0 0 0 1 0 0 
0 3 8 5 -2.35619 0 0 7 2 1.5708 0 0 15 21 1.47584 0 15 51 72 1.65394 37 80 147 23 0.93577 45 95 177 43 -0.233743 35 87 164 81 -0.310168 13 62 138 114 0.529957 77 119 196 112 -1.51728 0 6 84 105 1.62788 72 112 187 101 -2.85108 35 84 160 72 -0.110657 13 77 155 90 0.0996687 20 86 165 82 0.244979 53 103 185 50 -1.67046 24 57 120 71 -1.16957 0 0 24 5 -1.19029 1 0 4 1 -1.5708 0 0 1 0 0 0 0 1 0 0 
0 0 3 0 0 0 0 8 6 0.674741 0 0 21 13 1.8693 0 4 55 92 1.61425 43 87 176 48 1.36116 76 131 236 59 2.69287 102 160 255 63 -3.07819 105 160 241 44 -2.22787 85 128 195 160 -2.25916 0 5 65 20 2.39066 0 20 79 141 1.71969 106 160 225 53 2.95511 94 167 247 57 -3.12405 88 162 255 87 -2.30785 34 93 196 21 -2.22364 42 81 160 96 -1.87615 0 0 30 7 -1.8491 1 0 4 1 -1.5708 0 0 1 0 0 0 0 1 0 0 
4 0 1 5 1.5708 7 1 12 5 -1.5708 0 0 18 13 1.41815 0 0 51 106 1.60851 73 94 185 86 -2.9442 42 76 176 27 0.680521 61 98 182 93 2.79282 101 136 200 184 -2.50243 6 30 76 52 -2.35619 0 0 32 8 1.81578 0 4 40 108 1.64474 74 110 156 108 3.08609 55 113 178 102 -3.11219 47 105 187 46 -2.71676 38 80 176 35 -1.16957 25 51 128 88 -2.31622 0 0 27 5 -1.5708 1 0 4 1 -2.35619 0 0 1 1 1.5708 1 0 2 0 0 
7 0 0 5 1.5708 10 2 9 3 -2.1588 7 0 17 7 1.8491 0 0 41 25 1.76819 0 11 93 89 1.71584 75 99 187 103 -2.05168 0 14 81 45 -0.661043 0 0 39 10 0.0996687 0 0 28 4 -2.67795 0 0 20 6 0.321751 0 0 24 8 2.03444 0 3 41 15 2.26553 0 11 70 58 1.77829 21 63 138 50 0.827627 67 95 182 143 -2.29686 0 0 61 7 -0.694738 0 0 26 6 -1.73594 0 0 3 0 0 0 0 1 1 1.5708 1 0 2 0 0 
4 0 0 6 0.463648 5 2 4 4 -2.35619 2 0 7 10 0.380506 0 0 25 17 1.62955 0 5 66 54 1.60782 32 58 124 56 -0.141897 32 55 103 56 -1.87579 0 5 40 13 -1.72345 0 0 17 12 0.726642 1 2 23 10 -2.2143 0 0 22 5 0.380506 0 0 34 18 0.588003 0 0 58 103 1.49328 69 97 168 96 -1.27536 0 2 78 64 -0.0934768 0 0 59 15 -2.2143 0 0 22 5 -1.5708 0 0 3 0 0 0 0 3 1 1.5708 1 0 4 0 0 
6 7 3 6 -1.5708 0 0 0 10 1.5708 8 7 16 11 -2.48055 0 0 24 20 0.927295 0 2 68 131 1.01864 81 111 188 81 -1.71787 7 34 98 39 -1.54516 0 0 47 41 -0.0487419 0 0 33 13 -0.566729 0 0 23 3 1.5708 0 0 34 16 0.785398 1 0 59 28 0.106736 0 0 77 124 1.4017 99 119 207 86 -2.43798 52 62 149 85 -1.18593 0 0 54 30 -0.0996687 0 0 23 5 -1.3734 0 0 3 1 0 0 0 3 1 1.5708 1 0 4 0 0 
4 8 3 8 -2.35619 0 0 1 7 0.141897 0 0 9 14 1.49949 0 3 47 73 1.58449 31 62 161 37 0.975386 48 87 209 70 -1.81578 0 22 134 47 0.0212734 2 27 119 68 -0.483126 1 2 62 60 -0.30092 0 0 36 24 0.668289 12 0 59 28 1.39409 26 19 104 60 -0.0665682 0 8 124 74 0.505791 20 42 168 55 0.86217 75 84 205 83 -1.82447 10 11 101 57 -0.588003 0 0 30 5 -1.3734 1 0 5 1 -1.5708 0 0 3 1 1.5708 1 0 4 0 0 
0 2 0 7 1.5708 5 7 7 5 -1.76819 0 0 12 12 1.73594 0 0 50 95 1.51821 54 80 188 7 -1.5708 33 66 199 4 -2.03444 32 64 189 18 0.938047 60 83 192 42 -2.17187 46 55 135 75 -0.860727 0 0 71 6 0.165149 3 0 79 94 1.06472 75 75 175 27 0.0370201 53 71 196 10 2.42276 55 77 207 23 -2.44685 52 64 182 15 -0.876058 56 61 146 80 -1.4077 0 0 31 6 -1.73594 1 0 5 1 -2.35619 0 0 3 1 1.5708 1 0 4 0 0 
7 3 0 6 1.10715 8 7 3 8 -2.35619 0 0 11 21 1.12842 0 6 53 90 1.71425 72 84 172 98 -3.05001 57 70 176 82 3.03227 68 80 181 97 -2.9341 46 62 158 80 2.65017 77 102 196 101 -1.72945 0 1 97 65 0.677128 20 39 142 85 0.843185 84 102 209 112 -2.83393 47 69 175 79 -3.10364 45 68 167 78 2.97434 67 85 168 91 -3.04301 71 83 141 128 -2.33422 0 0 23 6 -1.73594 0 0 4 0 0 0 0 3 1 1.5708 1 0 4 0 0 
12 5 0 4 -2.35619 4 0 0 9 1.24905 2 5 19 9 -2.81984 0 0 31 5 1.5708 0 0 54 9 2.27942 0 0 70 13 -2.84309 0 0 64 8 2.67795 0 0 73 93 1.64592 63 88 174 90 -2.76726 23 54 145 66 0.785398 74 99 195 100 -1.62075 0 0 91 14 -2.70918 0 0 78 10 -3.04192 0 0 67 12 -3.05845 0 4 55 13 -2.57486 0 1 35 11 -2.67795 0 1 16 7 -2.35619 0 0 3 2 0 0 0 3 1 1.5708 1 0 2 0 0 
4 0 3 4 0.785398 3 1 7 5 -0.54042 0 0 7 6 1.10715 0 2 17 1 -0.785398 0 0 23 5 3.14159 0 0 29 5 2.9442 0 0 34 7 2.35619 0 0 45 18 2.1294 2 12 66 99 1.74256 97 108 168 8 -2.52134 92 103 163 140 -2.26553 0 0 53 5 -2.49809 0 0 43 3 -0.982794 0 0 33 6 3.14159 0 0 24 8 -2.35619 0 0 10 2 0 0 0 4 2 1.10715 2 1 3 2 -0.785398 0 0 1 2 0 0 0 0 0 0 
3 0 9 5 2.11122 8 6 12 9 -2.58299 3 2 6 5 2.2143 5 6 10 8 -2.19105 0 0 4 0 0 0 0 7 5 0.197396 0 0 14 9 0 0 0 19 9 1.68145 0 0 35 108 1.58931 104 107 145 134 -2.42975 16 18 58 33 -2.41994 0 0 32 3 2.1588 0 4 29 15 -2.35619 0 0 11 9 0 0 0 6 5 0.380506 0 2 3 1 -2.35619 0 1 1 3 1.89255 4 4 4 2 -2.35619 2 2 2 2 -1.5708 0 0 0 0 0 
2 0 1 59 0 2 0 0 51 0 2 1 0 40 0.0499584 2 3 0 37 -0.0540015 0 1 0 26 0.189988 1 5 6 33 0.150371 3 8 17 26 -0.394791 0 0 11 9 1.0122 0 1 26 10 2.2143 4 8 36 19 -2.53931 0 0 26 5 0.197396 0 0 23 8 -2.35619 0 0 11 10 0.982794 4 7 15 5 -2.35619 3 5 5 6 -2.46685 0 3 0 1 -2.35619 0 1 0 8 0.244979 2 2 2 15 0 2 2 2 18 -0.110657 0 0 0 0 0 
61 59 58 0 0 53 52 48 0 0 42 42 36 0 0 39 42 33 0 0 26 28 22 0 0 34 39 37 0 0 29 34 37 0 0 0 2 13 0 0 0 0 16 0 0 0 0 17 0 0 0 3 27 0 0 0 0 14 0 0 0 3 14 0 0 1 4 8 0 0 0 2 0 0 0 0 2 0 0 0 8 9 7 0 0 17 17 17 0 0 20 20 20 0 0 18 18 18 0 0 
