251 255 249 8 -2.78282 250 255 246 3 -0.588003 255 251 246 5 0.927295 255 255 250 5 -1.3734 249 250 248 6 0.463648 247 254 249 3 2.81984 246 255 249 2 0.463648 249 255 247 8 -2.89661 252 255 241 19 2.98499 255 255 248 39 3.14159 255 251 255 45 -3.09718 251 248 255 30 3.07502 251 254 255 17 -2.67795 245 248 246 10 0.71883 255 255 248 1 0.785398 255 255 249 9 3.14159 255 255 254 12 -1.89255 243 243 243 16 0.785398 255 255 255 8 3.14159 255 255 255 0 0 
245 247 247 11 0.785398 253 255 254 7 -2.86329 255 254 250 2 2.03444 255 255 252 6 3.14159 253 255 255 6 -1.5708 245 250 249 6 1.5708 250 255 251 50 -2.9635 242 250 239 58 -2.91736 235 238 223 22 -2.29378 220 218 210 11 -0.54042 212 208 213 20 0.682317 223 219 230 16 1.81578 235 238 243 43 2.76109 253 255 255 72 3.14159 255 255 251 21 -2.69922 248 249 240 10 0.507098 251 252 250 5 2.35619 255 255 255 8 -1.69515 247 247 247 5 0 247 247 247 0 0 
255 249 255 9 -2.27942 246 245 255 8 0.519146 252 252 252 4 -0.785398 247 249 249 8 0.785398 253 252 255 10 -2.49809 247 247 253 84 -2.59304 205 206 202 24 -0.726642 191 192 183 58 0.517032 222 220 212 21 2.76109 230 228 220 28 3.14159 230 227 223 43 -2.98022 221 218 220 46 -2.69717 199 195 206 29 -0.569313 181 180 190 73 0.804627 232 237 235 47 2.72553 251 255 251 54 -2.99451 245 248 246 10 0.71883 254 254 254 2 -2.03444 252 252 252 3 1.5708 255 255 255 0 0 
251 242 255 8 0.785398 255 251 255 3 3.14159 253 255 254 3 3.14159 253 255 252 16 -2.62245 247 245 251 104 -2.40378 177 173 184 82 0.588003 223 222 226 62 2.8655 238 237 246 207 -2.93757 193 191 213 168 3.14159 191 189 219 157 -3.04634 176 173 205 142 -3.09936 172 167 198 154 2.83214 222 216 239 200 3.09163 232 229 244 156 -2.87646 189 193 194 32 0.244979 197 202 200 54 1.46014 253 255 255 49 -3.1008 253 253 253 2 -0.463648 252 252 252 3 1.5708 255 255 255 0 0 
255 253 255 3 -1.5708 254 252 251 3 3.14159 252 255 242 11 -1.30454 241 246 231 93 -2.28058 174 170 169 98 0.878652 248 243 252 129 -2.44882 161 158 173 205 -2.48055 26 25 64 14 -0.493941 7 7 83 44 0.250443 13 11 111 39 0 13 7 118 31 -0.351445 9 2 93 35 -0.169778 15 11 53 116 0.533034 81 78 93 143 1.69688 227 221 232 185 -3.0446 209 205 211 27 -0.0370201 206 205 207 51 1.86786 255 255 255 31 -3.04512 252 252 252 3 0 252 252 252 0 0 
255 254 255 6 -2.03444 253 250 245 8 0.785398 255 255 245 81 -1.96274 180 185 170 54 1.34814 235 233 232 91 -1.87172 144 141 157 198 -2.32418 0 0 29 79 0.668812 27 27 105 62 0.37753 32 34 164 22 0.321751 30 33 192 22 -2.7367 25 19 190 6 -1.10715 28 22 163 65 1.11395 105 103 173 68 -1.03538 58 56 86 160 -0.155956 40 33 54 195 1.46297 236 229 242 147 -2.84559 193 189 194 61 0.565484 224 224 224 34 2.02146 255 255 255 3 3.14159 255 255 255 0 0 
255 249 255 3 0.982794 255 254 255 31 -1.63522 226 225 221 47 -2.40094 190 194 189 44 0.321751 202 204 212 219 -2.03444 0 0 35 54 1.34814 40 38 120 45 1.50423 69 69 199 25 -2.55359 36 41 220 35 -1.79551 0 0 203 26 0.598419 10 11 221 20 1.5708 39 41 219 65 1.47875 124 127 236 65 1.63226 203 206 255 173 -1.91809 52 50 86 59 0.569313 89 88 104 163 1.9797 243 241 247 44 -2.277 209 209 209 43 1.52432 252 252 252 4 -2.89661 251 251 251 0 0 
255 251 255 1 -1.5708 255 251 255 64 -1.55517 189 188 192 45 1.65945 229 231 241 126 -1.53113 96 100 128 96 -2.0437 0 4 67 48 1.14417 29 30 150 21 1.66575 36 36 206 24 -3.09995 20 23 235 12 -2.71497 8 12 244 7 -1.71269 1 6 235 26 1.53235 36 40 243 55 1.5708 105 109 255 44 2.9131 128 132 245 94 -2.53605 84 88 167 95 -2.09512 12 15 60 186 1.49567 209 209 225 43 -3.07194 211 211 211 43 1.03436 248 248 248 10 2.9442 250 250 250 0 0 
255 251 255 6 3.14159 254 252 255 69 -1.6287 181 182 192 60 1.10715 227 232 255 175 -1.61077 37 48 105 25 -1.07145 3 13 114 25 1.07145 13 18 173 3 -2.81984 3 4 202 16 0.828849 9 6 235 8 2.52134 11 8 247 5 -1.19029 6 7 235 25 1.29779 33 35 253 19 2.46685 48 49 255 40 -2.47839 29 32 217 33 -2.33492 12 19 168 22 -1.1659 7 13 112 129 1.51659 159 161 195 62 1.60304 233 233 233 7 0.785398 238 238 238 21 2.35619 253 253 253 0 0 
250 246 251 7 0.2783 248 249 253 38 -1.64958 207 211 216 20 1.42191 216 225 252 156 -1.47494 44 56 126 28 -0.885067 8 20 138 13 2.57486 3 10 183 13 1.72345 8 11 223 7 -2.26553 2 0 231 19 0.822418 15 10 249 10 3.14159 13 13 243 7 2.7367 14 17 246 7 -2.44685 9 9 247 17 -2.03444 0 0 220 13 0.628796 10 18 201 23 -1.31561 5 13 136 121 1.42191 155 157 198 74 1.1853 238 238 238 15 -1.31019 223 223 223 31 1.14938 252 252 252 0 0 
255 255 254 10 -2.28963 245 248 246 32 -1.32582 211 217 212 37 2.1294 233 243 255 158 -1.82651 64 76 140 74 -0.756835 0 9 127 20 0.88848 0 7 184 14 0.785398 2 6 218 16 2.31274 14 13 239 15 -2.53605 3 2 236 4 0.785398 2 6 239 4 1.10715 5 9 244 8 -2.19105 0 0 243 5 0.643501 6 8 232 7 0.404892 18 25 204 19 -2.53931 26 33 150 135 1.28641 183 185 225 55 0.952652 242 242 242 27 -2.92292 236 236 236 19 1.41419 255 255 255 0 0 
248 249 247 9 0.785398 255 255 251 60 -1.63736 195 199 188 33 0.369334 198 205 214 135 -2.69115 125 134 184 92 -1.64674 17 26 130 57 0.228103 14 18 190 13 -2.19959 0 0 204 13 0.837981 1 3 222 8 2.19105 4 7 235 2 2.35619 4 7 242 11 -2.87534 1 2 244 3 2.55359 7 2 247 13 0.463648 20 16 235 23 -2.14717 14 13 176 44 1.29865 73 75 175 134 1.16688 218 219 253 112 -3.01724 215 215 215 44 2.56617 239 239 239 18 1.0122 255 255 255 0 0 
255 255 255 5 -2.2143 253 252 248 25 -1.5708 230 229 219 143 -1.36795 83 85 85 86 0.703614 130 133 161 46 -2.46347 87 88 168 85 -0.636508 20 12 172 23 0.255182 14 6 207 4 -2.03444 0 0 212 10 1.27934 2 7 230 8 -2.19105 0 0 233 7 0.785398 4 0 242 17 1.68791 31 13 255 28 -2.40615 25 5 211 5 1.19029 46 33 165 112 0.841942 144 136 207 41 -1.3781 112 109 134 82 2.31349 178 178 178 75 1.21977 249 249 249 6 0.165149 250 250 250 0 0 
254 252 252 1 -0.785398 253 251 250 5 0.785398 255 255 249 104 -1.5708 153 151 150 102 -0.463648 103 101 113 98 0.878652 170 164 217 97 -1.6223 59 47 165 110 -0.172578 26 16 176 59 0.0169475 11 14 189 6 0.321751 4 12 203 9 2.81984 7 10 215 17 -3.02448 11 7 213 9 -2.92292 23 6 203 20 0.197396 41 22 179 117 0.72523 133 122 208 73 0.231865 161 153 193 105 -1.67518 59 57 69 192 0.836823 204 204 204 71 0.795299 255 255 255 5 -2.49809 252 252 252 0 0 
255 253 252 2 2.03444 255 255 254 3 3.14159 255 255 254 13 -1.96559 245 243 243 75 -1.41214 172 165 172 68 0.117109 176 168 191 33 0.530216 184 178 227 69 -1.48406 103 100 179 89 -0.618952 33 40 151 110 -0.117636 11 21 152 111 -0.0450146 6 14 151 109 0.0549904 17 23 150 129 0.20948 59 55 160 128 0.59666 141 137 208 75 0.964413 210 213 241 68 -1.8511 150 154 159 88 0.407868 188 190 191 89 0.793272 254 254 254 3 -1.24905 251 251 251 5 0.785398 255 255 255 0 0 
254 252 251 2 0 254 252 252 2 -1.10715 250 250 250 5 1.03038 255 254 255 19 -1.5708 241 234 237 34 -1.09433 209 202 209 35 -0.169778 199 195 206 23 -0.0867383 188 189 217 18 -0.938047 159 165 224 21 -0.588003 140 149 223 27 -0.253674 133 141 218 28 0.982794 162 168 235 15 2.7367 177 180 224 17 2.60117 193 197 216 4 3.14159 197 203 202 49 0.756835 232 240 230 25 0.7299 251 254 252 2 1.5708 255 255 255 3 3.14159 255 255 255 4 -1.81578 251 251 251 0 0 
254 254 254 2 -2.67795 253 253 253 1 3.14159 253 253 253 2 1.5708 255 255 255 3 -1.5708 254 252 252 12 -1.32582 242 239 241 23 -0.876058 222 221 225 31 -0.463648 204 205 215 37 -0.212938 193 194 214 50 -0.0599282 186 190 215 44 -0.413689 168 172 197 41 -0.14531 164 167 188 53 0.0940612 173 174 188 66 0.307397 194 197 202 66 0.646513 236 238 238 24 0.785398 253 255 254 6 -2.81984 253 253 253 1 -1.5708 252 252 252 2 2.03444 254 254 254 1 2.35619 255 255 255 0 0 
252 252 252 3 0 252 252 252 2 0.463648 253 253 253 2 1.5708 255 255 255 3 3.14159 255 255 255 3 3.14159 255 255 255 5 -1.9513 250 250 250 6 -0.896055 245 245 245 11 0.463648 250 250 250 12 -1.24905 238 238 238 24 -0.813962 220 220 220 34 0.174672 226 226 226 32 0.477345 241 241 241 17 0.62025 251 251 251 4 1.10715 255 255 255 6 -1.5708 249 249 249 5 0.785398 253 253 253 2 -0.785398 251 251 251 2 1.10715 253 253 253 1 1.5708 254 254 254 0 0 
255 255 255 12 -3.05845 254 254 254 10 -3.04192 253 253 253 8 -3.01724 252 252 252 6 3.14159 252 252 252 5 2.9442 253 253 253 4 2.89661 254 254 254 3 2.81984 255 255 255 2 -2.67795 254 254 254 3 2.81984 255 255 255 2 -2.67795 254 254 254 2 2.67795 255 255 255 3 3.14159 255 255 255 4 -2.67795 253 253 253 3 2.55359 255 255 255 2 -2.35619 253 253 253 2 1.10715 255 255 255 5 -2.49809 252 252 252 6 2.97644 253 253 253 8 3.14159 253 253 253 0 0 
243 243 243 0 0 244 244 244 0 0 245 245 245 0 0 246 246 246 0 0 247 247 247 0 0 249 249 249 0 0 251 251 251 0 0 253 253 253 0 0 251 251 251 0 0 253 253 253 0 0 252 252 252 0 0 252 252 252 0 0 251 251 251 0 0 250 250 250 0 0 253 253 253 0 0 254 254 254 0 0 251 251 251 0 0 246 246 246 0 0 245 245 245 0 0 245 245 245 0 0 
