195 201 200 4 2.89661 199 203 198 27 0.110657 213 205 198 48 -0.0416426 209 203 196 48 -0.0208303 197 202 201 47 0.0425275 196 204 204 47 -0.0212734 200 202 202 45 0.0665682 205 205 205 40 -0.0499584 201 201 207 43 0.0927563 205 204 214 27 -0.110657 200 198 217 29 -0.103082 203 196 209 50 0.0399787 214 202 202 43 0.0232516 209 206 198 46 -0.0217357 191 208 199 45 0.0665682 190 211 203 40 -0.14889 202 200 200 50 0.139096 212 206 207 39 -0.0256354 202 207 205 25 -0.358771 190 199 196 0 0 
191 197 196 32 1.32582 226 229 227 27 1.04272 255 253 248 3 -0.588003 255 251 246 2 -1.10715 248 248 248 4 0.463648 246 250 251 5 -0.54042 245 247 247 7 -0.2783 240 245 246 8 0.124355 235 244 254 15 -0.927295 220 230 247 17 -3.08284 219 227 250 26 2.40878 242 247 255 6 -0.896055 250 245 246 6 0.674741 254 252 244 4 -0.463648 237 251 245 4 -0.463648 235 248 246 8 0.463648 254 249 250 6 -0.674741 253 245 246 17 -1.10715 230 230 230 31 -1.21935 196 201 199 0 0 
197 206 203 38 1.5708 237 244 241 13 1.64757 255 255 255 4 -1.81578 255 250 251 1 0.785398 255 250 253 4 0.785398 255 254 255 1 -2.35619 252 255 253 2 -2.67795 239 254 255 2 0.785398 225 252 255 40 -1.92379 180 212 241 30 -3.00904 178 207 238 51 2.1751 227 251 255 15 -2.88099 239 253 252 5 0.643501 250 255 250 2 -2.03444 248 253 252 2 2.03444 254 253 255 1 0.785398 255 252 255 1 -1.5708 255 251 255 13 -1.49402 246 239 242 37 -1.51679 206 204 204 0 0 
199 206 203 37 1.73156 237 242 241 13 1.49402 250 253 255 2 -1.10715 252 251 255 3 1.24905 255 254 255 2 -2.67795 255 253 253 5 -2.76109 248 254 249 3 1.5708 232 255 255 14 -1.5708 190 238 255 58 -1.97345 121 182 222 6 -2.67795 118 179 219 56 1.6421 189 237 255 26 2.54317 232 255 255 2 -1.5708 248 255 252 2 -0.785398 253 249 254 4 1.81578 255 252 255 7 3.14159 255 250 255 2 3.14159 255 251 255 12 -1.65394 248 241 246 44 -1.5708 203 197 202 0 0 
202 197 198 44 1.52537 244 241 243 13 1.2723 253 252 255 2 -1.5708 251 251 255 2 3.14159 255 254 250 4 -1.81578 251 252 243 6 0.463648 247 255 248 4 0.785398 223 255 255 38 -1.88442 140 215 253 45 -2.2012 80 176 229 1 -0.785398 77 176 228 38 1.54449 140 215 254 47 2.23557 227 255 255 17 3.14159 255 254 255 5 -1.76819 255 248 253 5 -0.380506 253 244 254 6 0.896055 253 249 255 2 2.67795 252 251 255 11 -1.48014 245 240 249 43 -1.52432 202 198 204 0 0 
207 199 200 46 1.52735 248 244 249 10 2.07789 248 252 255 5 -2.2143 239 249 255 2 0.463648 241 253 253 4 0.785398 241 255 255 2 3.14159 232 255 255 15 -2.2143 193 243 255 56 -1.98723 95 186 237 12 -2.35619 62 175 241 5 -0.197396 59 175 240 9 1.0122 92 185 234 49 1.71269 192 236 255 27 2.5128 238 253 255 13 3.06482 250 251 255 3 -1.5708 247 247 255 3 -0.321751 237 248 255 5 0.785398 241 253 255 10 -1.5708 238 243 252 39 -1.673 202 204 212 0 0 
207 200 203 39 1.54516 239 238 247 17 2.47562 234 248 255 27 3.10457 225 250 255 34 3.08284 221 255 255 50 -3.10161 210 254 255 62 -3.02917 191 247 255 58 -2.67795 142 218 254 54 -2.36918 76 173 239 5 1.19029 65 176 254 1 -1.5708 62 177 252 4 -1.5708 74 176 235 34 1.6002 142 214 248 41 2.49326 190 240 255 51 2.86858 221 249 255 58 3.14159 225 250 255 55 3.14159 220 254 255 40 3.14159 223 255 255 32 -2.69183 223 240 249 40 -2.03444 193 204 212 0 0 
207 202 204 24 1.52915 218 225 234 5 -0.380506 193 222 243 33 -2.96174 171 215 244 45 -2.82683 147 202 233 28 -2.6311 120 188 223 9 2.81984 111 190 233 15 -2.17634 82 175 231 5 0.643501 69 173 250 5 0.643501 63 174 255 1 -1.5708 62 175 255 7 -2.35619 66 173 241 9 0.218669 86 179 228 8 1.10715 109 188 229 13 2.67795 130 191 235 9 2.81984 142 195 232 26 2.54317 162 215 235 42 2.87947 183 228 239 28 -3.03486 198 223 233 19 -1.62338 188 203 212 0 0 
202 203 207 28 1.81578 214 231 240 43 -1.16893 142 190 214 46 -0.348771 103 173 210 26 0.152649 95 174 225 2 2.35619 86 173 237 3 1.5708 80 173 248 5 0 72 171 255 3 1.5708 66 174 255 8 -3.01724 61 174 255 6 -1.10715 59 169 251 11 0.909753 71 180 254 9 -2.81984 74 179 246 8 -1.69515 69 172 234 15 0.643501 82 181 243 10 -1.76819 86 174 221 5 -0.927295 110 174 198 31 0.851966 155 200 211 43 0.588003 197 222 232 36 -0.648996 182 199 208 0 0 
190 197 200 52 1.51317 230 249 255 13 -1.64757 190 235 255 38 -1.0612 131 199 234 43 -0.588003 86 172 226 22 0.179853 74 172 244 8 1.44644 71 176 255 8 -2.52134 61 169 255 5 -1.03038 54 165 255 11 1.10715 64 177 255 2 -2.03444 64 177 255 7 -1.2925 57 171 248 5 1.76819 62 176 253 5 1.3734 69 182 255 7 -2.44685 67 179 245 11 -2.67795 84 177 226 24 0.610726 135 195 219 58 0.736656 199 235 245 26 0.704494 230 251 255 51 -1.5316 186 199 207 0 0 
188 200 204 48 1.48766 232 248 255 13 2.57486 230 254 255 17 -1.5708 194 235 255 41 -1.15013 122 196 238 41 -0.420663 78 176 236 17 0 59 171 253 7 2.44685 57 175 255 3 -2.1588 59 172 255 4 1.5708 65 177 255 5 2.9442 61 181 255 10 -1.86225 49 171 247 8 0.950547 56 177 255 2 -1.10715 63 176 249 9 -1.78947 73 170 228 30 0.97362 125 197 237 54 0.746457 199 236 255 23 0.755104 236 252 255 1 -2.35619 242 251 255 53 -1.83379 196 199 207 0 0 
195 204 208 33 1.66146 228 237 240 18 1.29985 246 255 255 1 3.14159 230 254 255 17 -1.74547 180 236 255 41 -1.15013 110 195 243 30 -0.855053 58 168 240 10 1.0637 53 175 255 3 -2.81984 57 175 252 1 -0.785398 56 175 250 5 0.643501 56 179 253 2 -1.10715 52 177 252 4 0.785398 57 177 255 6 -2.24554 68 173 246 10 1.3734 110 188 235 52 1.15839 188 238 255 19 0.785398 232 252 255 4 -2.67795 248 250 255 14 -1.4289 237 236 245 40 -1.42191 197 197 203 0 0 
205 199 204 41 1.66805 244 242 242 13 1.10715 254 255 250 2 -1.10715 240 254 252 4 2.35619 221 254 255 35 -1.5708 156 216 252 38 -1.7274 76 176 235 1 1.5708 54 176 246 5 0.643501 51 181 248 2 1.10715 53 183 250 5 3.14159 59 181 251 6 3.14159 64 179 254 4 -1.81578 62 173 253 1 2.35619 84 175 242 29 1.74153 152 210 246 41 1.66805 225 253 255 4 -2.03444 244 248 255 5 2.2143 255 252 255 10 -1.5708 247 243 248 48 -1.467 197 196 200 0 0 
202 196 197 51 1.51204 253 248 245 7 1.97569 255 255 249 6 -2.03444 242 251 248 7 0.982794 230 254 255 41 -1.64384 157 210 243 35 -2.03444 81 175 234 6 2.24554 61 180 249 0 0 54 182 247 6 -2.46685 52 178 242 1 -2.35619 60 175 242 7 0.694738 70 178 250 4 -2.03444 66 171 250 3 -0.982794 83 170 236 30 1.5708 152 206 241 44 1.84294 225 251 255 5 -1.19029 243 245 255 9 0.785398 255 253 255 5 -1.9513 250 249 251 51 -1.7072 197 199 199 0 0 
200 201 197 45 1.54858 245 246 242 7 1.8491 255 253 249 1 1.5708 244 253 255 2 -0.463648 218 249 255 54 -1.60782 132 191 236 20 -1.62075 75 168 237 9 1.15257 65 176 254 9 -2.58299 62 175 242 11 0 65 175 239 31 0.191184 78 181 244 34 -0.0880074 77 176 244 2 0 73 172 252 7 -2.35619 79 169 240 18 1.40565 124 193 236 58 1.76144 211 254 255 9 3.14159 241 254 255 2 -2.03444 253 253 253 10 -1.5708 238 244 243 42 -1.54699 192 203 200 0 0 
201 203 197 42 1.49949 241 245 240 9 1.68145 250 252 253 3 0.982794 239 252 255 5 -1.5708 209 245 255 55 -1.8466 131 190 236 24 -2.4733 92 172 235 5 -0.54042 80 170 235 39 0.361729 103 186 241 57 0.354706 128 207 255 40 0.226799 142 217 255 48 -0.814801 105 181 230 58 -0.120109 90 170 233 36 0.0831412 94 174 233 6 0.674741 109 183 225 59 1.70557 193 244 255 13 2.5128 236 253 255 1 -2.35619 251 253 253 9 -1.35213 237 246 243 45 -1.63736 190 201 198 0 0 
209 206 198 39 1.85257 242 243 241 13 1.96559 240 253 255 1 0.785398 227 253 255 20 -1.62075 187 231 255 57 -1.46592 120 173 210 38 0.238609 123 182 222 53 0.57246 158 212 247 49 0.671606 203 244 255 7 0.694738 217 251 255 3 1.89255 225 254 255 10 -1.67046 210 244 255 30 -1.23874 168 213 240 48 -0.622671 128 185 217 54 -0.165149 110 176 211 66 0.999459 180 233 255 18 1.68145 235 252 255 2 0.785398 255 255 255 14 -1.5708 239 241 241 42 -1.5946 197 199 199 0 0 
198 195 187 44 1.50272 235 238 236 35 2.61553 241 254 255 42 -3.11779 227 252 255 41 -2.81984 204 238 255 26 -1.83379 174 211 239 31 0.579074 197 228 253 26 1.05634 227 253 255 13 -2.98894 237 253 255 9 -2.92292 242 252 252 13 2.91479 247 255 253 18 3.08609 244 255 255 20 3.14159 232 255 255 20 -2.45928 207 241 255 27 -1.42372 165 212 239 24 0.813962 190 231 254 22 1.34732 243 254 255 21 3.14159 255 255 255 25 -2.49809 242 240 240 42 -1.96011 203 201 201 0 0 
194 200 189 10 1.19029 202 209 202 24 2.84615 208 213 214 28 3.07029 208 213 222 36 2.59174 225 230 245 37 2.95461 230 237 254 42 3.04664 236 241 255 50 -3.08166 233 240 249 50 3.10161 237 244 247 50 -3.02216 231 240 237 42 -3.09401 229 238 235 33 -3.1113 226 237 234 37 3.0339 227 239 243 46 2.99058 230 245 254 48 -2.84615 214 228 246 33 2.96174 224 234 251 35 -3.0278 230 233 238 33 3.1113 237 235 235 32 -2.80061 226 224 224 33 -2.20835 199 197 197 0 0 
195 205 193 0 0 179 187 177 0 0 185 185 185 0 0 186 182 187 0 0 202 192 204 0 0 204 194 206 0 0 199 191 202 0 0 194 190 196 0 0 190 195 194 0 0 189 198 195 0 0 196 206 200 0 0 189 200 197 0 0 186 194 194 0 0 195 199 204 0 0 195 195 209 0 0 201 199 211 0 0 203 199 204 0 0 206 204 204 0 0 206 204 204 0 0 196 194 194 0 0 
