243 255 249 3 3.14159 246 255 249 1 -1.5708 254 255 250 4 -1.81578 250 252 246 5 0.54042 248 255 247 2 0.785398 246 255 252 10 3.14159 246 255 255 5 -2.49809 245 253 253 4 0.785398 251 255 254 1 3.14159 253 255 249 15 -2.53605 248 249 240 10 2.07789 255 255 252 11 -2.67795 255 245 255 5 -0.197396 251 244 255 8 0.785398 248 255 255 5 -2.9442 245 255 254 4 2.89661 251 255 255 0 0 255 255 255 0 0 255 255 255 0 0 255 255 255 0 0 
245 254 251 4 0.785398 250 255 254 2 -1.5708 253 254 250 3 2.55359 255 255 251 2 3.14159 253 255 249 10 -1.86225 238 248 242 10 0.588003 240 251 255 5 0.785398 239 255 255 28 -3.10589 229 255 255 94 -3.01462 214 245 246 75 -3.12826 214 245 244 46 3.05485 224 246 251 51 2.94797 246 251 255 25 3.14159 250 250 255 5 -1.5708 241 250 253 3 0 243 252 249 7 0.785398 253 255 255 0 0 255 255 255 0 0 255 255 255 0 0 255 255 255 0 0 
255 251 255 3 3.14159 255 252 255 5 -1.5708 252 249 251 5 0.643501 255 254 250 2 -0.463648 255 253 248 2 2.03444 252 254 254 1 0.785398 241 253 255 42 -2.42276 192 225 244 107 -2.46831 94 163 180 19 2.7707 85 172 188 28 1.6421 113 200 216 4 -2.89661 127 196 215 37 1.81578 193 226 252 43 2.52134 236 251 255 25 -3.06176 244 254 254 2 1.5708 251 255 251 2 3.14159 253 255 254 0 0 255 255 255 0 0 255 255 255 0 0 255 255 255 0 0 
254 246 255 5 2.60117 255 250 255 1 -1.5708 255 252 255 1 2.35619 255 255 254 4 -1.5708 255 251 248 5 0.785398 251 255 255 33 -1.90189 198 220 238 99 -2.20625 88 141 168 17 -3.08284 53 143 173 25 1.12469 55 168 200 26 1.60924 78 195 226 23 -2.88641 82 188 219 10 1.47113 121 194 226 37 1.9513 184 229 250 30 2.28654 235 255 255 2 0 249 255 247 2 0.785398 253 255 254 0 0 255 255 255 0 0 255 255 255 0 0 255 255 255 0 0 
243 242 255 11 0.785398 255 251 255 2 -1.5708 255 250 255 3 2.55359 255 253 255 2 3.14159 255 255 254 11 -1.5708 232 244 250 81 -1.78018 118 163 184 39 -1.85257 52 124 158 37 0.804264 56 151 194 13 1.00407 51 163 209 5 0.927295 44 169 213 18 1.62629 60 189 228 5 -1.19029 66 184 219 34 0.990794 125 214 234 45 1.76819 220 255 255 18 3.14159 248 255 249 1 3.14159 253 255 254 0 0 255 255 255 0 0 255 255 255 0 0 255 255 255 0 0 
248 253 255 0 0 251 253 255 7 -2.35619 255 248 251 5 0.54042 255 252 253 2 0.785398 255 255 255 29 -1.8491 208 227 235 79 -1.95595 93 153 177 9 -3.03094 65 150 188 12 2.46685 61 156 205 43 2.98022 57 164 215 13 3.14159 47 166 215 21 1.33705 59 190 233 52 2.9105 62 206 241 6 0.165149 88 209 228 36 1.35213 186 243 244 24 2.38476 238 255 251 5 2.9442 250 255 254 0 0 255 255 255 0 0 255 255 255 0 0 255 255 255 0 0 
248 255 254 5 -1.76819 245 252 249 6 0.896055 251 255 254 0 0 251 255 255 8 -1.5708 243 246 250 50 -1.51087 172 195 210 59 -2.05683 75 143 172 9 -2.92292 50 141 180 30 -0.97362 23 114 159 68 2.57375 57 151 197 32 2.55359 71 170 214 37 -1.92643 20 140 176 106 2.43602 62 215 244 17 2.96692 81 219 237 19 0.531724 150 227 230 30 1.53748 219 253 252 6 1.73594 244 255 255 0 0 255 255 255 0 0 255 255 255 0 0 255 255 255 0 0 
249 255 248 1 0 247 255 248 3 2.81984 248 255 252 0 0 248 255 255 5 -1.76819 243 249 255 82 -1.76582 139 167 184 39 -2.10252 59 135 164 24 1.44644 62 159 195 100 -1.59079 0 57 98 68 1.52671 33 125 166 32 1.35544 67 158 195 103 -1.54168 0 58 92 133 1.51072 45 198 225 37 1.5708 93 236 255 6 -2.03444 140 226 238 28 1.6421 209 251 255 9 2.27942 243 255 255 0 0 255 255 255 0 0 255 255 255 0 0 255 255 255 0 0 
251 255 248 4 -1.81578 247 255 245 5 0.785398 251 255 252 4 -2.89661 250 254 255 20 -1.52084 225 232 241 85 -1.71105 115 147 166 15 -0.785398 56 139 167 22 1.00748 52 159 192 95 -1.65481 0 64 97 99 0.813962 37 135 169 31 1.07899 70 163 194 98 -1.53 0 68 98 150 0.97911 54 196 227 34 1.45369 95 231 255 6 -2.24554 136 222 242 26 2.00056 199 243 255 15 1.01914 241 255 255 0 0 255 255 255 0 0 255 255 255 0 0 255 255 255 0 0 
254 255 250 1 2.35619 255 255 252 4 -1.5708 249 251 251 5 0.927295 250 254 255 33 -1.60109 211 220 230 62 -1.55467 123 159 177 10 -1.5708 70 151 178 39 -3.11596 44 151 184 19 -1.87668 22 133 165 34 0.580003 43 153 183 20 0.956133 67 168 200 18 -1.84174 42 151 183 54 0.967566 67 197 234 27 1.8693 100 223 255 62 -2.94735 122 209 235 43 1.70944 199 251 255 13 2.7468 237 255 255 0 0 255 255 255 0 0 255 255 255 0 0 255 255 255 0 0 
255 251 255 2 1.10715 255 253 255 2 -2.67795 252 252 255 1 0 247 253 255 31 -1.5708 207 222 231 63 -1.39794 123 159 175 52 -1.92284 38 112 138 38 2.15155 44 145 177 29 2.57228 46 162 195 2 0.785398 42 165 199 6 3.14159 49 163 199 18 1.68145 69 180 220 10 2.55359 73 184 230 33 -2.20835 52 157 200 60 2.35619 111 203 232 37 1.6517 176 240 255 19 1.03907 234 255 255 0 0 255 255 255 0 0 255 255 255 0 0 255 255 255 0 0 
255 250 255 1 -0.785398 255 249 255 2 1.10715 255 252 255 4 -2.89661 249 252 255 20 -1.52084 218 234 241 92 -1.46253 105 142 156 53 -1.81578 19 90 117 46 0.647811 24 119 152 47 2.00615 49 163 200 9 -2.43297 38 157 196 4 1.10715 46 160 201 11 1.22203 58 170 213 8 -2.52134 55 162 213 69 -2.33579 12 114 157 95 1.04648 109 199 229 50 1.5508 186 251 255 7 1.5708 234 255 255 0 0 255 255 255 0 0 255 255 255 0 0 255 255 255 0 0 
251 252 255 1 -2.35619 254 251 255 3 -1.5708 255 248 255 5 0.785398 255 253 255 11 -1.5708 230 245 248 115 -1.51 90 130 142 16 -0.124355 54 128 152 29 -1.40006 6 98 133 61 1.13613 55 153 195 68 3.0975 54 155 200 41 2.99628 57 161 208 46 3.14159 51 161 209 87 -2.59143 0 115 165 51 1.10715 55 163 204 39 1.12962 117 201 226 50 1.36948 197 251 255 8 0.950547 237 255 255 0 0 255 255 255 0 0 255 255 255 0 0 255 255 255 0 0 
247 253 255 0 0 250 253 255 1 1.5708 255 254 255 0 0 255 254 255 5 -2.35619 242 251 254 106 -1.53308 113 145 156 52 -0.249587 63 133 157 24 -2.80686 35 123 159 45 -0.988891 0 84 127 52 0.609163 19 112 161 3 2.81984 16 114 162 33 -2.07496 0 86 133 77 0.739559 20 141 185 41 1.32582 74 181 218 29 1.67388 143 210 231 50 1.07145 219 255 255 3 2.55359 244 255 255 0 0 255 255 255 0 0 255 255 255 0 0 255 255 255 0 0 
249 255 251 0 0 249 255 250 1 0.785398 251 255 252 7 -2.55359 249 252 250 5 0.785398 255 254 255 59 -1.5708 177 195 206 100 -1.04058 49 108 134 41 1.30243 64 148 184 23 -2.14717 35 127 170 30 -0.551655 16 111 155 38 -0.313621 2 99 143 63 0.76318 39 145 186 5 1.19029 31 152 191 35 0.865228 80 180 209 56 1.4289 190 233 250 22 0.881872 239 249 255 7 0.785398 251 254 255 0 0 255 255 255 0 0 255 255 255 0 0 255 255 255 0 0 
245 255 250 4 2.89661 248 255 251 6 -1.5708 244 252 245 7 0.876058 253 255 252 5 3.14159 255 253 255 8 -1.81578 236 245 255 127 -1.50789 72 119 141 88 0.181876 63 135 165 39 2.64425 68 155 189 15 -2.81984 56 150 186 3 -1.89255 53 147 182 5 0 50 149 181 28 1.17056 70 177 205 18 0.708626 107 188 209 76 0.953605 224 246 255 10 0.851966 255 253 255 0 0 255 254 255 0 0 255 255 255 0 0 255 255 255 0 0 255 255 255 0 0 
236 253 250 5 1.19029 244 255 255 1 -1.5708 250 255 253 4 -1.5708 254 249 250 5 0.54042 255 251 254 2 0.785398 251 253 255 48 -1.5708 177 206 220 114 -1.17735 48 102 119 114 0.346539 67 143 162 30 2.84067 64 153 174 45 3.07502 63 156 177 34 2.96692 75 163 180 29 1.33395 118 191 205 52 0.91972 185 231 242 32 0.872136 245 254 255 1 0.785398 255 254 255 3 3.14159 255 255 255 0 0 255 255 255 0 0 255 255 255 0 0 255 255 255 0 0 
243 252 255 4 0.785398 248 255 255 1 -1.5708 255 254 254 4 2.89661 255 254 255 0 0 255 253 255 1 3.14159 255 253 255 8 -2.67795 235 250 255 42 -1.47584 177 209 220 108 -1.13194 61 113 126 131 -0.0533843 44 106 122 114 0.122195 54 121 136 105 0.463648 108 168 180 90 0.643501 178 221 230 47 0.710909 227 252 255 7 0.785398 251 255 255 3 -1.5708 255 252 251 4 0.785398 255 255 255 0 0 255 255 255 0 0 255 255 255 0 0 255 255 255 0 0 
255 253 255 0 0 255 253 255 5 -1.5708 255 249 250 5 1.3734 255 255 254 1 -1.5708 255 253 254 7 -1.4289 247 246 248 10 0.927295 250 253 255 0 0 243 253 255 13 -1.64757 224 239 255 27 -1.07437 197 215 232 35 -0.169778 189 209 227 47 0.558599 216 235 250 25 0.785398 239 254 255 1 3.14159 243 255 255 6 3.14159 248 255 255 5 3.14159 251 255 254 0 0 253 255 255 0 0 255 255 255 0 0 255 255 255 0 0 255 255 255 0 0 
255 252 255 0 0 255 253 255 0 0 255 249 251 0 0 255 255 254 0 0 255 255 254 0 0 253 253 253 0 0 255 253 255 0 0 252 251 255 0 0 253 250 255 0 0 251 247 255 0 0 248 246 255 0 0 251 250 255 0 0 249 251 255 0 0 242 249 252 0 0 243 251 250 0 0 248 255 252 0 0 253 255 255 0 0 255 255 255 0 0 255 255 255 0 0 255 255 255 0 0 
