254 251 246 6 0.674741 255 255 251 2 -2.03444 254 250 255 3 1.5708 255 255 255 5 -2.49809 250 255 245 6 -1.10715 239 247 246 75 -1.58413 155 163 193 92 2.22517 226 235 255 111 3.07861 240 249 255 6 2.97644 247 252 255 3 1.89255 253 252 255 9 -2.43297 244 241 255 7 -2.9997 230 233 255 137 -2.62245 162 168 211 88 2.45267 231 235 240 22 1.00748 255 255 251 6 3.14159 255 251 255 12 -2.81984 251 247 255 5 0.643501 255 252 255 6 2.97644 255 255 254 0 0 
255 255 254 5 -2.76109 253 252 254 3 -2.81984 252 248 255 30 -3.10827 249 248 255 30 3.00904 255 255 254 15 -2.44685 240 243 251 130 -1.50168 101 105 140 118 0.152649 115 121 162 137 2.18511 233 238 255 148 3.10107 242 245 255 13 -2.91479 241 240 255 18 -2.8023 231 230 255 168 -2.40657 111 112 168 78 -2.9243 94 98 146 186 0.815692 243 245 255 4 0.244979 249 249 249 6 -1.10715 241 240 250 23 2.60117 253 252 255 37 -2.95461 246 248 249 2 -0.785398 244 248 243 0 0 
243 250 253 5 0 245 247 255 28 -1.67753 218 215 237 24 -0.0416426 219 213 238 170 3.01214 243 237 254 11 1.48014 250 246 255 22 -1.83705 221 218 255 178 -1.56518 38 37 93 75 0.606383 79 80 136 146 1.84722 220 221 255 166 -3.09945 213 214 255 185 -2.47866 99 99 159 92 -2.36383 31 33 98 198 1.23792 224 224 255 13 2.09887 247 244 255 14 3.14159 250 248 255 35 -2.17455 218 220 230 171 -3.11236 211 217 222 44 0.80127 243 252 249 5 0.380506 245 255 248 0 0 
246 255 255 8 -1.92957 238 245 254 5 -0.197396 239 237 255 194 -1.55533 47 40 77 212 1.1282 240 230 255 187 3.12021 243 233 255 21 -2.38844 222 217 255 117 -1.47705 100 98 157 116 -0.52869 38 37 103 17 1.08084 51 50 122 34 2.75571 62 62 138 46 -2.3259 30 29 101 67 1.36177 98 99 159 153 0.859337 217 218 255 15 0.321751 229 224 255 7 -2.1588 225 221 255 244 -2.31575 43 45 69 217 1.13807 240 246 255 6 1.73594 248 255 255 9 3.14159 248 255 254 0 0 
245 254 251 0 0 245 251 255 3 -1.5708 240 242 255 106 -1.51425 132 129 174 120 -0.791246 45 35 105 175 1.59936 218 210 255 170 3.07112 230 230 255 27 -1.71787 199 205 248 154 -1.37593 44 48 107 175 -0.142702 17 19 89 162 0.0800753 30 30 108 147 0.081452 44 45 113 230 0.720872 201 204 248 40 0.872894 234 235 255 14 -1.8491 218 212 255 241 -2.37374 52 43 116 79 1.80044 134 127 178 138 0.86217 241 238 255 5 -0.380506 241 240 255 12 0.844154 250 252 255 0 0 
248 254 249 2 0 247 252 255 3 0.982794 246 250 255 27 -1.71787 214 214 255 176 -1.4745 33 25 112 29 0.343024 41 35 122 178 1.6101 222 226 255 29 2.90474 229 238 255 8 -1.44644 218 225 255 46 -2.21861 179 184 247 38 -0.0525831 177 177 253 53 0.785398 219 218 255 22 2.91812 229 234 255 6 0.165149 230 233 255 189 -1.80552 39 34 119 13 -1.04272 29 20 111 185 1.50064 224 215 255 23 1.03038 249 242 255 2 2.67795 250 248 255 1 -1.5708 249 249 255 0 0 
252 254 255 1 3.14159 250 253 255 4 -2.35619 240 249 255 6 -1.40565 227 233 255 165 -1.59503 55 51 146 32 -0.896055 30 26 122 156 1.62203 192 197 246 42 1.07524 230 241 255 37 -1.51679 192 201 239 124 2.90636 219 225 255 47 -3.09907 215 217 255 51 -2.7038 197 198 255 132 2.88927 238 241 255 49 -1.5912 188 190 225 139 -1.2581 42 40 129 31 -2.95041 36 34 124 188 1.34122 234 232 255 7 2.1588 249 246 255 3 2.1588 252 252 255 6 -1.89255 246 248 248 0 0 
251 252 255 2 -1.10715 246 248 255 1 2.35619 241 246 255 17 -2.47562 223 226 255 230 -2.48245 75 70 169 75 -2.36554 22 17 116 184 1.49486 213 217 255 25 0.840897 234 241 255 160 -1.5833 71 75 126 155 0.721847 170 174 239 144 -3.1277 166 169 244 170 -2.4934 69 69 133 201 0.915403 239 240 255 7 -2.35619 232 233 255 207 -1.56597 11 10 96 79 1.02822 79 77 167 146 1.92717 230 227 255 169 3.09429 244 243 255 20 2.9927 248 249 255 4 2.35619 250 255 255 0 0 
247 254 255 5 -2.35619 241 245 255 78 -2.98894 227 221 255 263 -2.39639 45 34 114 13 -1.344 28 14 116 25 0.62025 43 33 123 233 0.928151 237 234 255 3 3.14159 236 234 255 41 -1.7635 188 181 255 207 -2.27786 24 17 121 18 0.321751 27 26 122 156 1.55157 188 190 255 149 2.92583 232 234 255 1 0.785398 235 234 255 167 -1.56481 56 52 134 120 -0.200653 32 24 119 20 1.17227 58 51 118 158 1.68495 218 215 255 166 3.02097 240 239 255 80 3.09163 242 246 255 0 0 
241 249 255 106 -2.32309 163 165 189 131 -1.81578 33 26 83 156 0.115611 50 37 115 161 0.0310459 53 40 124 223 0.642607 187 179 250 62 0.774163 236 232 255 6 -2.24554 229 226 255 195 -2.1033 53 44 134 82 -0.0609002 42 34 141 23 -0.388319 31 28 127 25 0.283794 42 43 117 205 1.06133 233 234 255 113 3.13274 234 236 255 50 -1.49097 177 174 243 144 -1.18132 42 37 116 186 -0.0376167 40 33 100 169 0.0591027 53 47 100 168 0.671963 158 157 196 82 1.93099 235 237 255 0 0 
172 173 187 83 -0.4583 133 134 155 124 0.492314 190 188 224 55 0.44752 211 210 254 31 0.830821 230 231 255 2 3.14159 230 233 255 5 -1.9513 229 234 255 100 -1.47113 129 131 165 99 0.130566 138 134 199 119 -0.576375 70 64 145 54 -0.128911 61 58 138 111 0.835988 147 145 211 83 -0.420663 119 119 159 169 0.772847 237 240 255 2 2.67795 231 240 255 5 -2.49809 228 235 255 24 -1.77619 211 210 254 38 -0.785398 187 184 223 75 -0.841942 131 132 160 117 0.394791 176 179 200 0 0 
250 247 255 6 -2.81984 246 244 255 4 -2.89661 240 241 255 5 -1.9513 232 234 255 1 0 226 232 255 42 3.14159 225 232 255 180 3.10272 233 242 255 132 -3.05845 224 230 255 14 1.3597 240 240 255 111 -1.69626 131 126 181 82 0.171149 145 139 198 103 0.950547 229 223 255 11 1.39094 240 238 255 17 -2.85554 231 236 255 112 -3.13266 225 235 255 193 -3.12087 223 231 255 38 2.9341 239 238 255 5 -2.35619 239 237 255 2 0.785398 243 242 255 9 -0.785398 236 236 252 0 0 
250 244 249 9 0 246 242 254 7 0.141897 238 238 255 17 -3.02448 231 231 255 165 -2.87905 183 182 250 198 -2.37399 41 42 116 55 1.53445 94 100 165 140 2.05992 224 228 255 196 -3.12629 228 230 255 18 -1.05841 217 215 245 21 -0.336675 213 205 242 42 0.652847 236 229 255 8 -1.81578 221 219 255 215 -2.65928 114 117 178 123 -2.4136 28 32 103 151 1.52447 183 184 252 154 2.86684 237 231 255 165 3.12947 246 238 255 15 2.67795 253 250 255 7 3.14159 253 252 255 0 0 
255 253 255 6 -2.81984 251 249 255 45 -2.60875 221 220 252 185 -2.24132 71 70 120 61 -0.43467 40 39 107 99 0.0705896 43 43 119 98 -0.131883 26 30 109 75 -0.07983 24 28 93 202 1.5609 237 238 255 189 -3.11514 239 236 255 8 2.19105 249 239 255 22 -2.67795 234 226 255 266 -2.30836 25 25 89 25 -0.0399787 18 21 95 82 0.206874 35 36 116 98 -0.0509762 36 34 104 104 0.251955 74 66 113 164 1.19707 232 224 254 117 3.0225 246 243 255 34 2.99558 251 250 255 0 0 
244 246 255 35 -1.40102 207 209 227 106 -1.2043 104 106 137 137 0.190263 129 129 169 103 0.165149 144 146 187 89 0.0673139 146 148 202 87 -0.422854 103 106 180 139 -0.601918 24 27 101 13 2.13753 46 44 96 180 1.46505 230 225 255 10 -2.28963 224 214 255 169 -1.51169 50 42 107 9 0.86217 44 45 126 56 1.82005 96 101 180 117 0.29473 135 140 201 89 -0.0224681 140 142 190 94 -0.159913 132 129 168 107 -0.224711 110 108 137 162 0.641035 207 210 225 52 0.908067 248 253 255 0 0 
250 252 255 3 -1.5708 245 248 255 2 -1.5708 241 243 255 8 -1.05165 234 235 255 10 0.380506 238 240 255 3 -0.982794 232 234 255 6 -0.165149 224 225 255 201 -1.60561 23 22 88 40 1.16265 65 62 117 155 1.38348 221 216 255 12 0.785398 232 223 255 173 -1.59969 56 48 113 42 -0.314232 32 32 110 181 1.53766 211 216 255 11 1.48014 231 234 255 2 0.785398 238 241 255 5 -0.643501 237 238 255 6 0.165149 240 241 255 5 -0.197396 239 243 254 8 0.785398 245 251 255 0 0 
255 253 255 3 -1.5708 250 250 255 3 0.588003 252 251 255 1 -1.5708 249 250 255 4 -1.5708 245 246 255 5 0.197396 245 244 255 14 -1.4289 225 224 255 178 -1.53149 46 44 90 75 0.720071 97 94 139 138 1.2925 230 228 255 7 -0.785398 225 223 255 128 -1.48507 97 94 140 59 -0.903888 49 45 97 185 1.24734 225 224 255 15 0.927295 242 243 255 5 0.785398 248 250 255 2 -0.463648 248 250 255 3 0 250 250 255 3 0 250 251 255 3 0 250 252 253 0 0 
255 254 255 5 3.14159 255 255 255 1 -1.5708 254 254 254 4 -2.89661 253 253 253 2 2.67795 252 254 255 2 -1.10715 248 249 255 9 -1.46014 238 235 255 128 -1.51616 106 105 139 80 0.396709 137 135 171 106 1.21642 235 235 255 5 2.9442 236 237 255 102 -1.5708 134 135 169 45 -0.581905 113 109 145 141 1.09453 241 236 255 7 1.71269 249 250 255 7 2.86329 253 255 255 6 3.14159 255 255 255 2 3.14159 255 255 255 2 3.14159 255 255 255 2 3.14159 255 255 255 0 0 
252 250 250 9 2.58299 255 255 255 9 -2.58299 250 250 250 6 2.97644 251 252 250 4 2.03444 253 255 255 3 -2.55359 249 251 255 3 -1.5708 245 243 255 61 -1.50532 180 180 210 47 -0.126973 174 173 205 67 1.02785 230 232 255 10 0.588003 236 238 255 64 -1.44644 172 174 204 38 0.0525831 178 174 209 80 0.837981 240 237 255 9 0.110657 242 244 252 5 0.54042 247 249 249 7 0.588003 253 253 253 6 3.14159 253 253 253 6 3.14159 253 253 253 6 2.97644 254 254 254 0 0 
244 242 242 0 0 249 247 247 0 0 244 245 243 0 0 249 250 248 0 0 250 253 251 0 0 249 252 255 0 0 249 248 255 0 0 227 228 255 0 0 209 209 239 0 0 239 242 255 0 0 244 247 255 0 0 210 213 241 0 0 232 229 255 0 0 249 246 255 0 0 247 249 255 0 0 253 255 254 0 0 247 247 247 0 0 247 247 247 0 0 247 247 247 0 0 247 247 247 0 0 
