250 255 255 0 0 250 255 255 0 0 253 255 255 0 0 255 255 255 1 3.14159 255 254 255 1 3.14159 255 253 255 1 3.14159 255 254 255 1 -1.5708 254 253 255 5 -1.3734 244 249 250 8 0.785398 246 255 255 8 -2.78282 243 254 252 3 1.24905 250 255 255 0 0 255 255 254 4 3.14159 255 255 254 5 -2.2143 255 251 248 4 1.10715 255 255 252 0 0 255 255 255 0 0 255 255 255 0 0 255 255 255 0 0 255 255 255 0 0 
253 255 255 0 0 253 255 255 0 0 253 255 255 1 -1.5708 254 254 254 1 0 255 253 255 1 3.14159 255 253 255 1 2.35619 255 254 255 2 3.14159 255 254 255 1 3.14159 250 255 255 8 -2.03444 240 248 248 10 0.643501 246 254 253 2 0.785398 251 255 255 4 -2.03444 251 251 251 2 0.463648 255 252 251 3 0.321751 255 253 252 2 0.785398 255 255 254 0 0 255 255 255 1 3.14159 255 255 255 1 3.14159 255 255 255 1 3.14159 255 255 255 0 0 
255 254 255 2 3.14159 255 254 255 1 3.14159 255 255 255 0 0 253 255 255 2 -1.5708 249 253 254 2 0 249 253 254 2 0 249 253 254 2 0.463648 250 254 255 3 -1.24905 247 251 252 5 0.785398 251 255 255 6 3.14159 253 255 255 28 -3.07029 253 253 253 0 0 253 253 253 2 0.785398 255 255 255 0 0 253 255 255 2 3.14159 253 255 255 6 -2.97644 254 254 254 1 0 254 254 254 1 0 254 254 254 0 0 254 254 254 0 0 
255 252 253 2 0.463648 255 253 254 1 0.785398 255 255 255 2 3.14159 253 255 255 3 3.14159 251 255 255 2 3.14159 250 255 255 3 3.14159 250 255 255 4 3.14159 250 255 255 6 3.14159 250 255 255 6 -1.5708 245 249 250 69 -2.81984 223 226 230 46 2.55359 249 253 254 7 2.86329 251 255 255 0 0 251 255 255 3 -2.55359 248 253 254 4 -1.10715 244 250 249 8 0.785398 253 255 255 0 0 255 255 255 1 -1.5708 254 254 254 1 0 254 254 254 0 0 
255 255 254 0 0 255 255 254 2 -1.5708 255 252 253 1 -0.785398 254 252 252 2 0.463648 253 252 254 2 -0.463648 250 252 253 3 -0.321751 247 250 254 4 -0.463648 242 249 252 8 0.785398 246 255 255 75 -1.88 172 184 186 5 2.11122 177 188 192 66 1.05351 235 247 249 20 2.67795 244 255 255 6 -2.67795 243 253 253 4 0.785398 248 255 255 3 3.14159 251 255 255 3 3.14159 253 255 255 0 0 255 255 255 0 0 255 255 255 0 0 255 255 255 0 0 
255 255 254 4 3.14159 255 255 254 1 -2.35619 255 253 254 1 0 255 253 254 1 0.785398 255 254 255 0 0 255 254 255 2 3.14159 251 254 255 3 3.14159 246 255 255 23 -1.7005 220 232 236 70 -2.30573 164 181 184 53 0.864182 203 222 225 31 0.222082 209 230 232 25 2.1588 231 250 253 14 2.70918 241 255 255 3 -1.5708 243 252 255 3 0 247 252 255 4 0.785398 253 255 255 3 3.14159 255 255 255 2 3.14159 255 255 255 0 0 255 255 255 0 0 
246 253 250 4 0.785398 252 255 253 1 0.785398 255 254 255 0 0 255 254 255 7 3.14159 255 254 255 25 -3.06176 253 252 254 41 -3.11721 247 252 255 53 3.14159 241 252 255 88 -2.28432 169 186 189 40 0.837981 196 217 219 54 0.746457 227 254 255 38 -1.64958 187 216 220 25 1.03709 211 238 242 27 2.38183 234 255 255 26 3.14159 243 255 255 22 3.14159 248 254 255 26 -3.02672 250 252 253 2 2.67795 253 253 253 2 2.35619 255 255 255 2 3.14159 255 255 255 0 0 
249 255 253 1 0.785398 253 255 254 4 3.14159 255 254 255 7 -1.5708 252 247 248 18 -1.35213 230 229 231 42 -2.69922 207 212 213 23 -2.54154 187 199 203 48 -0.103792 178 195 198 56 0.321751 194 213 216 60 0.785398 234 255 255 11 -2.60117 224 251 255 22 -1.39094 199 230 233 29 -0.386876 188 219 222 29 0.448723 202 231 235 18 0.218669 215 234 239 8 -0.463648 218 229 233 50 2.71333 246 250 251 6 2.97644 251 251 251 2 2.03444 253 253 253 2 0.785398 255 255 255 0 0 
255 255 254 4 -1.5708 251 252 250 4 1.5708 255 254 255 3 -1.5708 252 252 252 60 -1.52084 183 193 193 53 0.0188657 177 195 194 55 1.31712 226 249 251 21 3.09401 225 250 252 7 1.71269 237 255 255 12 -2.18152 227 246 251 8 1.69515 232 254 255 18 3.08609 227 255 255 17 -2.47562 213 246 249 5 0.927295 217 250 253 11 -2.60117 216 243 247 66 -2.08808 167 184 187 79 0.874448 239 244 245 9 0.708626 250 250 250 7 0.785398 255 255 255 0 0 255 255 255 0 0 
255 255 254 4 -1.81578 251 252 250 5 0.785398 255 254 255 4 3.14159 253 255 255 10 -1.67046 234 246 246 39 -1.31347 188 210 208 38 0.522403 201 229 230 28 2.30624 222 250 251 27 3.10457 229 249 254 21 -2.95337 226 245 250 12 -2.35619 214 236 241 9 2.58299 215 242 246 15 2.7367 214 249 252 21 -2.69922 205 240 243 52 -2.55885 183 210 214 30 1.01914 216 235 238 27 0.680521 246 251 252 5 0.785398 255 255 255 0 0 255 255 255 0 0 255 255 255 0 0 
249 255 253 1 0.785398 253 255 254 4 -1.5708 255 250 251 3 1.24905 254 254 254 5 2.9442 246 255 255 15 -1.8314 222 243 241 36 -1.14417 182 210 211 23 0.60005 195 223 224 12 0.610726 208 228 233 26 0.309703 217 236 241 14 -0.588003 206 228 233 19 -0.0525831 199 228 232 19 0.0525831 195 230 233 36 -1.2315 163 196 199 32 1.28824 201 226 230 43 0.785398 241 255 255 2 3.14159 250 255 255 0 0 255 255 255 0 0 255 255 255 1 3.14159 255 255 255 0 0 
246 255 254 1 3.14159 250 255 254 8 -2.78282 255 251 252 4 -0.785398 253 248 249 6 0.321751 246 251 252 5 0.785398 241 255 255 29 -1.70786 203 229 229 5 2.2143 207 232 234 22 1.39094 234 253 255 5 -1.03038 229 248 253 2 -2.67795 223 248 252 1 -1.5708 217 248 251 10 -0.643501 207 242 245 37 -1.38382 174 205 208 56 1.22658 239 255 255 9 -2.92292 244 253 255 2 0.785398 253 255 255 1 3.14159 255 255 255 2 -2.67795 254 254 254 1 3.14159 254 254 254 0 0 
242 255 253 7 -1.4289 240 249 246 10 0.851966 255 254 255 1 3.14159 255 253 255 5 3.14159 255 254 255 4 -1.5708 242 252 252 28 -1.4289 205 225 226 12 1.99742 213 237 237 22 1.24905 239 255 255 37 -2.87065 227 246 249 35 3.11303 223 248 250 43 2.98022 225 255 255 39 -2.964 216 250 250 29 -2.14011 198 223 225 26 1.9513 239 245 250 9 1.35213 255 254 255 1 -1.5708 254 253 255 1 -0.785398 253 253 253 1 0 253 253 253 1 0.785398 254 254 254 0 0 
244 255 254 7 -2.9997 250 255 253 1 0 255 252 254 4 -1.81578 255 248 250 7 0.785398 255 254 255 2 3.14159 248 255 255 37 -1.5708 200 220 221 37 2.48751 222 243 244 53 -2.71959 205 220 223 10 -0.982794 196 211 214 36 -0.192048 185 204 207 50 0.220829 191 216 218 25 0.674741 203 233 234 24 -2.23909 192 213 215 50 2.32842 244 247 252 7 1.97569 255 253 255 3 3.14159 255 254 255 1 -1.5708 254 254 254 1 0 254 254 254 1 0.785398 255 255 255 0 0 
244 249 247 9 0.785398 255 255 254 2 -2.03444 255 251 253 2 0.785398 255 253 255 5 -2.76109 251 253 254 2 2.35619 243 255 255 67 -1.5708 169 190 191 51 0.0782711 173 194 195 68 0.502843 216 225 228 33 0.679414 241 246 249 10 0.588003 243 252 255 18 -1.40565 220 235 237 27 -0.759763 196 217 218 55 -0.785398 160 178 179 95 0.807617 241 244 248 8 0.950547 255 250 255 4 0.785398 255 254 255 0 0 255 255 255 1 3.14159 255 255 255 1 3.14159 255 255 255 0 0 
255 255 254 1 -1.5708 255 254 253 1 0.785398 255 253 255 5 -1.5708 255 249 250 5 0.197396 247 251 252 5 0.785398 244 255 255 16 -1.5708 223 241 240 20 0.682317 238 254 253 3 -0.321751 246 251 254 5 0.785398 253 255 255 0 0 251 254 255 1 -1.5708 247 255 255 1 0 242 255 255 12 -1.48766 231 243 243 15 0.551655 248 249 253 7 0.785398 255 254 255 0 0 255 255 255 1 -1.5708 254 254 254 1 0 254 254 254 1 0.785398 255 255 255 0 0 
255 255 255 0 0 255 255 255 0 0 255 254 255 0 0 255 255 255 0 0 253 255 255 0 0 251 255 255 0 0 250 255 255 0 0 250 255 255 0 0 253 255 255 0 0 255 255 255 0 0 253 255 255 0 0 253 255 255 0 0 251 255 255 0 0 251 255 255 0 0 255 254 255 0 0 255 255 255 0 0 255 255 255 0 0 255 255 255 0 0 255 255 255 0 0 255 255 255 0 0 
255 255 255 0 0 255 255 255 0 0 255 255 255 0 0 255 255 255 0 0 255 255 255 0 0 255 255 255 0 0 255 255 255 0 0 255 255 255 0 0 255 255 255 0 0 255 255 255 0 0 255 255 255 0 0 255 255 255 0 0 255 255 255 0 0 255 255 255 0 0 255 255 255 0 0 255 255 255 0 0 255 255 255 0 0 255 255 255 0 0 255 255 255 0 0 255 255 255 0 0 
255 255 255 0 0 255 255 255 0 0 255 255 255 0 0 255 255 255 0 0 255 255 255 0 0 255 255 255 0 0 255 255 255 0 0 255 255 255 0 0 255 255 255 0 0 255 255 255 0 0 255 255 255 0 0 255 255 255 0 0 255 255 255 0 0 255 255 255 0 0 255 255 255 0 0 255 255 255 0 0 255 255 255 0 0 255 255 255 0 0 255 255 255 0 0 255 255 255 0 0 
255 255 255 0 0 255 255 255 0 0 255 255 255 0 0 255 255 255 0 0 255 255 255 0 0 255 255 255 0 0 255 255 255 0 0 255 255 255 0 0 255 255 255 0 0 255 255 255 0 0 255 255 255 0 0 255 255 255 0 0 255 255 255 0 0 255 255 255 0 0 255 255 255 0 0 255 255 255 0 0 255 255 255 0 0 255 255 255 0 0 255 255 255 0 0 255 255 255 0 0 
