255 254 251 5 -2.76109 255 253 250 4 2.67795 244 255 255 1 3.14159 237 255 255 3 -2.1588 241 254 252 3 1.5708 248 255 254 2 3.14159 251 255 255 6 -2.03444 237 249 253 8 0.785398 223 254 255 42 -1.68929 176 210 233 48 2.84615 202 221 248 71 2.74036 237 249 255 7 -2.26553 235 247 255 8 0.785398 246 255 255 1 3.14159 255 255 251 7 -2.9997 255 255 248 5 2.9442 255 254 255 2 -2.35619 255 252 253 2 -1.10715 251 251 251 4 0.244979 250 253 251 0 0 
255 249 247 5 -0.197396 254 249 248 5 1.19029 245 255 254 1 -1.5708 241 255 253 1 -1.5708 245 254 251 3 0.321751 249 254 252 1 -1.5708 248 252 253 7 2.7367 237 253 255 5 -1.9513 206 247 255 91 -2.00014 116 161 198 15 -2.7367 120 152 195 92 1.83419 222 241 255 32 2.9866 237 252 255 1 -1.5708 247 255 255 6 -1.40565 250 251 242 7 0.141897 254 251 243 7 0.588003 255 252 253 2 2.67795 255 253 255 2 2.67795 253 255 255 3 3.14159 251 255 254 0 0 
255 255 255 8 -2.62245 251 252 250 3 0.982794 250 255 250 1 -0.785398 249 255 247 2 0.785398 255 255 251 3 -2.55359 255 253 252 8 -1.69515 241 243 251 12 0.674741 225 249 255 41 -1.64384 143 205 251 67 -2.06776 70 143 205 16 -1.5708 66 120 197 81 1.60782 167 204 255 56 2.43105 232 250 255 6 3.14159 250 255 255 5 3.14159 255 255 248 9 3.14159 255 255 248 4 -1.5708 249 251 251 3 0.321751 248 251 255 3 0 247 253 252 3 -0.321751 246 252 251 0 0 
246 246 252 8 0.62025 251 253 254 2 0.785398 253 255 252 7 3.14159 255 255 249 3 -2.1588 255 254 246 2 3.14159 254 252 252 4 0.785398 243 253 255 5 -1.5708 206 246 255 79 -2.05704 86 175 226 28 -1.9255 43 142 216 21 -1.08632 40 114 208 41 1.4017 109 157 235 80 1.97895 221 242 255 26 3.10315 243 250 253 6 -0.674741 248 248 242 12 0.844154 255 255 251 5 -2.9442 252 254 254 4 2.89661 251 255 255 1 3.14159 251 255 254 5 -1.5708 246 252 247 0 0 
255 249 255 2 3.14159 253 251 255 7 -1.8491 246 247 251 5 1.3734 251 254 252 3 -0.982794 254 251 247 7 0.785398 248 255 255 1 3.14159 227 255 255 43 -1.8491 146 213 238 48 -2.0437 51 169 216 7 -1.5708 30 157 225 24 -1.14417 33 123 217 16 0.124355 69 125 207 80 1.5583 191 214 252 59 2.57228 246 252 255 9 -3.03094 254 251 255 4 -1.32582 254 248 253 5 0 254 249 250 5 0.785398 255 255 250 1 0.785398 255 255 248 2 -1.5708 255 255 245 0 0 
248 247 255 2 3.14159 246 248 255 4 -1.10715 238 246 255 8 0.785398 243 253 255 10 3.14159 244 252 255 37 -3.11457 229 251 255 58 -2.95095 190 240 255 79 -2.4275 99 190 227 25 -2.1588 34 172 218 10 0.291457 29 170 233 16 -1.75614 44 140 233 13 -1.49402 61 124 214 35 0.944053 122 160 218 76 1.87602 216 237 255 66 3.00606 234 247 255 54 3.14159 241 248 255 30 -3.10827 245 249 255 8 3.01724 250 253 255 8 3.14159 255 255 255 4 -2.89661 255 255 251 0 0 
235 246 255 36 3.03094 236 250 255 56 3.14159 228 250 255 63 -2.98418 213 239 255 77 -2.78733 183 209 249 57 -2.76434 142 187 238 43 -2.81254 96 173 236 37 -2.98083 60 170 234 4 0.785398 36 181 232 12 -0.896055 28 168 227 19 -0.674741 46 143 231 10 0.71883 73 144 242 15 -1.24905 67 131 219 31 1.24905 107 163 240 38 2.56084 143 187 251 60 2.7367 177 212 255 83 2.88792 207 234 255 98 3.13139 217 237 255 89 3.09668 230 245 255 71 3.08531 239 252 255 0 0 
187 210 236 17 -2.03444 164 192 226 73 -3.04599 142 182 230 51 -2.73927 115 160 217 8 -2.19105 108 150 215 30 -0.30092 87 140 213 43 -0.233743 50 132 209 50 0.7299 61 172 242 12 0.674741 50 188 240 3 -1.89255 50 184 238 19 -1.62338 63 151 235 11 0.348771 81 149 246 13 -0.837981 70 139 236 17 -0.74542 59 128 221 24 -0.124355 67 127 211 17 -0.0587558 73 126 206 14 0.2783 82 129 210 12 2.24554 103 142 211 45 2.63875 141 170 215 64 2.76109 172 197 231 0 0 
164 198 241 92 -1.0637 71 115 169 82 0.23318 65 128 209 39 2.55359 80 147 239 52 2.60117 120 173 255 58 3.07274 125 180 255 33 -2.70497 106 171 240 6 1.24905 96 183 240 19 -0.156602 67 187 233 27 -0.110657 65 181 234 13 -0.528074 87 162 240 10 0.197396 105 158 248 16 -0.380506 99 154 239 19 -0.0525831 96 153 239 12 -0.896055 82 142 231 17 -2.9105 75 137 231 31 -2.53605 51 116 221 34 -2.43934 38 96 191 7 0.2783 62 106 170 143 0.844734 179 216 255 0 0 
217 244 255 46 -1.52735 156 195 247 102 -1.16848 34 94 176 79 0.125913 32 100 201 15 1.97569 47 112 217 37 2.10661 83 145 245 55 2.81419 106 169 249 62 2.76406 122 198 255 78 3.07758 108 210 255 61 -2.84548 91 189 249 9 -1.98902 102 171 251 9 2.27942 118 172 255 21 -3.04664 114 171 255 56 -2.92678 97 158 254 77 -2.67216 53 122 225 28 -2.66207 38 108 215 25 -2.35619 22 90 197 14 0.832981 45 104 197 117 0.869536 158 202 255 50 0.65931 200 236 255 0 0 
245 251 255 8 -1.81578 225 241 255 55 -1.4086 147 179 232 98 -0.86437 45 97 180 61 0.016392 20 90 208 2 -1.5708 7 86 213 13 1.72345 29 103 215 12 2.89661 35 111 207 24 1.65394 59 142 217 38 1.28182 98 179 254 25 -2.69549 92 160 255 50 -2.98294 83 148 255 64 -2.54493 38 111 227 32 -2.22649 3 84 205 15 0.643501 7 91 220 11 -0.54042 9 89 204 11 1.03038 46 105 191 99 0.885067 144 188 249 76 0.785398 218 247 255 7 -2.9997 227 249 255 0 0 
255 251 252 4 0.785398 253 252 255 0 0 237 248 255 78 -1.63481 127 163 223 91 -0.715744 23 93 200 52 -0.0767719 0 85 211 28 0.106736 10 91 206 49 0.264488 28 107 210 67 0.58387 70 148 238 23 0.129703 73 150 242 47 -2.22267 30 108 215 14 -0.832981 12 93 214 4 -0.785398 4 88 217 6 1.24905 6 94 225 14 0.493941 15 100 234 11 -2.11122 24 95 206 99 0.742567 130 173 236 92 0.823548 223 248 255 7 -1.8491 229 245 255 9 0.86217 243 254 255 0 0 
255 250 255 5 3.14159 255 250 255 7 -2.44685 252 246 255 5 -0.927295 219 239 255 77 -1.45444 93 154 228 59 -0.486032 40 123 215 28 0.934288 63 147 236 28 0.835357 84 167 255 4 2.03444 86 170 255 56 -2.08994 30 118 224 21 3.09401 17 117 235 18 -1.24905 0 97 223 17 -0.231091 0 91 220 17 1.33971 26 107 236 20 -2.52693 30 94 218 70 1.74299 126 170 255 62 1.15747 222 241 255 5 0.54042 246 252 255 5 2.9442 249 255 254 1 0.785398 251 255 252 0 0 
255 245 255 4 -0.244979 255 245 253 7 0.588003 255 253 252 2 0.785398 234 253 255 33 -1.69142 149 213 255 66 -1.85938 57 145 221 27 1.12328 80 170 247 2 3.14159 77 167 255 24 -2.03444 55 139 245 53 -2.23677 4 95 210 28 1.49949 16 125 240 7 -1.8491 5 118 235 21 -0.91795 0 97 221 14 -0.2783 9 92 214 7 -1.71269 23 84 200 106 1.50485 161 198 255 42 2.06635 241 249 255 9 -2.27942 253 250 242 9 0.785398 255 255 251 8 -2.67795 249 253 247 0 0 
254 253 255 1 1.5708 253 255 255 3 3.14159 248 255 254 4 -1.81578 217 250 255 48 -1.52915 118 197 248 33 -1.77982 58 160 233 11 1.91957 68 168 250 9 -1.89255 59 154 251 51 -2.12118 18 103 219 12 -2.53087 8 96 214 24 1.65394 21 127 228 12 0.726642 25 136 234 17 -1.21203 13 116 225 19 -1.26492 3 95 208 8 0.124355 20 95 205 79 1.634 132 179 255 52 1.80189 235 243 255 7 0.876058 255 255 252 8 -2.03444 245 247 247 8 0.463648 244 252 252 0 0 
252 255 250 2 -1.10715 248 254 249 3 2.55359 247 255 251 3 -2.81984 216 253 255 57 -1.5708 100 190 244 30 -1.73594 42 156 233 20 0.643501 54 165 251 40 -2.19959 26 127 226 36 -2.31775 13 93 208 5 2.9442 16 94 207 36 1.2925 42 138 228 5 1.03038 40 146 231 17 -1.92957 17 127 223 20 -0.956133 4 107 210 23 -0.54042 6 91 200 72 1.55691 112 168 249 69 1.80189 236 247 255 3 -1.5708 255 250 250 5 0.785398 253 255 255 4 -2.67795 246 253 255 0 0 
255 255 244 10 -2.49809 251 254 239 6 0.321751 255 252 247 4 0.463648 223 250 255 62 -1.73071 88 184 244 9 -1.46014 44 171 255 33 -2.14213 21 140 233 42 -2.20482 1 102 200 7 -1.97569 19 91 193 68 0.234416 44 107 205 103 0.273009 63 140 226 81 -0.0493426 45 140 219 38 0.0525831 29 143 227 9 -1.35213 18 132 223 31 -1.50637 0 93 202 57 1.30454 87 151 239 85 1.78189 229 247 255 1 2.35619 255 255 255 4 -1.5708 251 251 251 2 1.5708 251 253 254 0 0 
245 252 237 8 1.44644 255 255 247 7 3.14159 255 255 251 15 -2.2143 218 240 255 51 -1.62955 95 185 244 28 -1.71269 36 154 233 39 -2.06814 16 116 198 37 -0.321751 23 102 181 132 0.493941 114 163 237 87 0.591157 172 213 255 27 0.333244 174 225 255 48 -1.30095 111 181 240 71 -0.494887 56 149 210 76 -0.117872 38 137 211 42 -0.442374 22 112 207 29 0.832981 72 135 216 101 1.5807 226 247 255 2 2.35619 255 255 255 4 -1.81578 251 251 251 2 1.10715 253 253 253 0 0 
244 247 251 10 3.14159 244 248 249 13 -2.98894 246 246 246 7 -2.1588 215 239 251 53 -1.77926 108 183 227 46 -1.19431 53 138 194 75 0.267411 99 156 207 103 0.730658 193 225 255 19 1.3633 230 246 255 16 3.01724 239 250 255 4 -1.81578 230 247 255 7 2.7367 220 251 255 22 -1.89255 180 230 255 50 -1.18663 117 179 227 74 -0.505791 68 136 209 72 0.013888 85 138 201 104 1.27019 230 247 255 21 2.9997 254 254 254 20 -3.04192 252 252 252 19 2.98499 255 255 255 0 0 
233 235 246 0 0 230 233 241 0 0 238 242 243 0 0 202 229 239 0 0 136 201 239 0 0 144 212 255 0 0 201 236 255 0 0 222 233 255 0 0 237 234 243 0 0 255 254 253 0 0 244 245 243 0 0 236 248 250 0 0 224 250 255 0 0 203 245 255 0 0 155 210 255 0 0 124 171 225 0 0 211 226 245 0 0 234 234 234 0 0 233 233 233 0 0 239 239 239 0 0 
