255 255 252 0 0 255 255 252 1 -1.5708 255 254 253 0 0 255 254 253 1 1.5708 255 255 254 0 0 255 255 254 0 0 255 255 254 0 0 253 255 254 0 0 251 255 255 7 -1.71269 241 249 248 9 0.785398 248 255 255 2 3.14159 248 255 255 3 -1.5708 248 252 253 3 -0.321751 251 250 252 5 0.785398 255 253 255 2 -1.5708 255 251 254 2 0.785398 255 254 255 0 0 255 255 255 0 0 255 255 255 0 0 255 255 255 0 0 
255 255 254 0 0 255 255 254 1 -1.5708 255 254 253 0 0 255 254 253 1 0.785398 255 255 254 0 0 255 255 254 0 0 255 255 254 0 0 253 255 254 1 -2.35619 250 255 254 1 2.35619 248 255 255 2 -1.5708 244 254 254 3 2.55359 248 255 255 1 3.14159 251 255 255 3 3.14159 255 254 255 1 3.14159 255 254 255 5 3.14159 255 253 255 0 0 255 255 255 0 0 255 255 255 0 0 255 255 255 0 0 255 255 255 0 0 
253 255 255 0 0 253 255 255 1 -1.5708 255 254 254 1 0.785398 255 255 255 0 0 255 255 254 0 0 255 255 254 0 0 255 255 254 1 -1.5708 254 255 253 1 -1.5708 249 254 252 2 0.785398 248 255 254 5 -1.5708 241 252 250 6 0.674741 245 255 254 2 -1.10715 247 253 252 3 0.588003 252 254 254 4 -1.5708 252 250 250 6 0.896055 255 254 255 0 0 255 255 255 0 0 255 255 255 0 0 255 255 255 0 0 255 255 255 0 0 
251 254 255 0 0 251 255 255 0 0 255 254 255 0 0 255 255 255 0 0 255 254 255 0 0 255 255 254 0 0 255 255 254 1 -2.35619 255 254 253 1 2.35619 253 255 254 3 3.14159 250 255 255 3 3.14159 248 255 255 0 0 248 255 255 1 3.14159 250 255 254 4 -2.89661 252 255 253 1 0 255 254 253 1 0.785398 255 255 254 0 0 255 255 255 0 0 255 255 255 0 0 255 255 255 0 0 255 255 255 0 0 
250 254 255 0 0 250 255 255 0 0 253 255 255 0 0 255 255 255 0 0 255 254 255 0 0 255 254 255 1 -1.5708 255 253 254 1 -1.5708 255 252 253 1 -1.5708 254 252 252 3 0 252 251 253 4 0.785398 253 255 255 1 -1.5708 252 254 254 20 -2.9927 249 252 250 22 2.96174 255 255 254 0 0 255 255 252 5 3.14159 255 255 252 0 0 255 255 254 0 0 255 255 255 0 0 255 255 255 0 0 255 255 255 0 0 
250 254 255 0 0 250 255 255 0 0 253 254 255 0 0 255 254 255 0 0 255 254 255 0 0 255 254 255 1 -1.5708 255 253 254 1 -1.5708 255 251 254 2 2.03444 255 252 255 14 3.14159 255 252 255 2 3.14159 255 252 255 21 -1.5708 241 231 237 36 -3.00359 234 227 230 26 1.72345 255 254 255 5 -1.5708 252 250 249 5 1.19029 255 255 252 0 0 255 255 255 0 0 255 255 255 0 0 255 255 255 0 0 255 255 255 0 0 
251 254 255 0 0 251 254 255 0 0 253 254 255 0 0 255 254 255 0 0 255 255 255 0 0 255 255 255 1 -1.5708 255 252 255 2 -2.03444 255 249 255 11 -1.5708 255 236 245 51 2.90605 255 247 255 34 3.08284 255 247 255 57 -1.64086 219 191 204 44 2.48452 241 220 229 31 1.31019 255 252 255 3 -1.5708 255 251 253 3 0.982794 255 255 255 3 3.14159 255 255 255 0 0 255 255 255 0 0 255 255 255 0 0 255 255 255 0 0 
253 253 255 3 3.14159 253 254 255 0 0 253 255 255 0 0 253 255 255 2 3.14159 253 255 255 0 0 255 255 255 2 -1.5708 255 251 255 1 -1.5708 255 248 255 61 -1.60357 212 183 198 47 0.635027 247 209 227 85 2.75673 255 239 255 109 -2.20698 198 151 173 71 1.76819 255 223 241 22 1.66146 255 248 255 14 -3.07029 255 250 255 20 -3.04192 252 251 255 5 2.49809 255 254 255 0 0 255 255 255 0 0 255 255 255 0 0 255 255 255 0 0 
254 250 255 4 0.785398 255 254 255 0 0 255 255 255 2 -1.5708 249 254 252 2 0.785398 251 255 254 1 3.14159 253 255 255 3 -2.55359 255 251 255 3 -0.982794 255 245 255 21 -1.33705 255 219 239 92 -1.28657 179 126 153 66 0.764125 236 169 200 66 -2.54941 199 132 163 82 1.65596 255 217 244 75 3.00904 255 230 252 85 -3.05943 245 228 242 43 2.81254 250 245 254 7 1.4289 255 254 255 0 0 255 255 255 0 0 255 255 255 0 0 255 255 255 0 0 
255 253 255 0 0 255 254 255 4 3.14159 255 255 255 1 3.14159 253 255 254 1 -1.5708 249 255 253 2 -2.03444 248 253 252 3 0.982794 255 253 255 0 0 255 249 255 2 3.14159 255 243 255 67 -1.6749 234 172 202 58 -1.79503 189 111 148 22 0.502843 200 122 159 14 1.6421 204 139 171 3 3.14159 188 143 169 53 0.772066 207 185 203 82 0.750929 251 245 255 7 0.876058 255 253 255 0 0 255 255 255 0 0 255 255 255 0 0 255 255 255 0 0 
255 253 255 4 -2.03444 255 250 252 3 1.24905 255 254 253 1 0.785398 253 255 252 2 -1.5708 248 255 250 1 1.5708 249 255 253 1 0.785398 255 254 255 3 -2.55359 255 247 255 25 -2.9442 255 236 255 113 -2.44347 221 158 190 44 -2.56617 213 130 169 14 -2.35619 205 119 161 12 1.65394 204 134 170 44 1.19873 229 180 208 84 0.768733 255 245 255 2 0.463648 255 250 255 1 0.785398 255 253 255 0 0 255 255 255 0 0 255 255 255 0 0 255 255 255 0 0 
255 251 255 2 -0.463648 255 251 253 3 0.982794 255 255 254 0 0 255 255 252 2 -1.5708 249 255 250 2 1.5708 251 255 254 3 -1.5708 250 252 253 24 -1.73594 237 223 234 67 -1.66011 188 149 174 50 -0.472497 181 122 153 92 0.0325971 199 120 159 17 -0.0587558 200 119 158 30 1.23874 219 151 186 91 1.90643 255 242 255 41 3.14159 255 248 255 2 3.14159 255 252 255 4 3.14159 255 254 255 0 0 255 255 255 0 0 255 255 255 0 0 255 255 255 0 0 
253 253 255 1 -1.5708 254 253 255 3 2.81984 255 255 254 0 0 255 255 252 2 -1.5708 253 255 249 2 1.10715 253 255 252 7 -1.97569 246 248 248 26 -1.41815 227 219 226 30 -0.551655 225 197 217 54 0.455451 255 216 244 73 -1.39217 206 140 175 11 -0.785398 201 131 167 69 -0.15809 182 124 152 105 0.792109 242 203 224 51 2.28781 255 248 255 6 -2.81984 251 250 254 5 0.785398 255 254 255 0 0 255 255 255 0 0 255 255 255 0 0 255 255 255 0 0 
250 254 255 4 -1.5708 247 250 254 4 1.32582 255 254 255 2 3.14159 255 255 252 1 -1.5708 255 255 250 2 -1.10715 252 254 248 1 0 250 252 252 5 -0.927295 250 246 252 9 0.785398 255 248 255 12 -1.5708 255 232 255 77 -1.46727 203 151 181 54 1.33026 255 204 233 25 -0.235545 247 201 223 53 -0.665969 203 173 186 83 0.939343 252 245 248 13 2.5128 253 255 254 1 3.14159 255 255 255 0 0 255 255 255 0 0 255 255 255 0 0 255 255 255 0 0 
244 254 255 3 -1.5708 247 252 255 3 0.321751 255 253 253 2 0.785398 255 255 252 2 3.14159 255 255 251 2 -1.5708 255 254 249 2 0.785398 253 255 254 1 3.14159 253 254 255 3 3.14159 255 250 255 4 -1.5708 255 243 255 72 -1.66771 204 168 192 70 1.16405 255 233 255 15 0.785398 255 247 255 26 -1.76078 245 225 230 26 0.262995 238 237 233 26 0.758378 250 255 250 1 0.785398 253 255 254 0 0 255 255 255 0 0 255 255 255 0 0 255 255 255 0 0 
246 255 255 0 0 250 255 255 0 0 255 255 255 2 -1.5708 255 253 252 2 0.785398 255 255 252 0 0 255 255 252 1 -1.5708 252 255 253 2 -1.10715 248 252 253 4 0.785398 255 252 255 11 -1.83705 249 239 252 37 -1.35786 221 200 215 65 0.817645 255 248 255 5 -1.9513 255 245 254 6 0.896055 255 253 255 0 0 255 255 251 0 0 251 255 251 0 0 253 255 254 0 0 255 255 255 0 0 255 255 255 0 0 255 255 255 0 0 
251 255 255 0 0 253 255 255 0 0 255 255 255 0 0 255 255 255 0 0 255 255 254 0 0 255 255 254 0 0 255 255 255 0 0 253 255 255 3 -1.5708 252 251 253 2 0 254 250 255 1 0 255 250 255 1 0.785398 255 251 255 1 0.785398 255 252 255 1 0.785398 255 254 255 0 0 255 255 254 0 0 253 255 254 0 0 255 255 255 0 0 255 255 255 0 0 255 255 255 0 0 255 255 255 0 0 
255 255 255 0 0 255 255 255 0 0 255 255 255 0 0 255 255 255 0 0 255 255 255 0 0 255 255 255 0 0 255 255 255 0 0 255 255 255 1 -1.5708 254 254 254 1 -0.785398 253 253 253 2 0 253 253 253 2 0.463648 254 254 254 1 0.785398 255 255 255 0 0 255 255 255 0 0 255 255 255 0 0 255 255 255 1 3.14159 255 255 255 0 0 255 255 255 0 0 255 255 255 0 0 255 255 255 0 0 
255 255 255 0 0 255 255 255 0 0 255 255 255 0 0 255 255 255 0 0 255 255 255 0 0 255 255 255 0 0 255 255 255 0 0 255 255 255 0 0 255 255 255 0 0 255 255 255 0 0 255 255 255 0 0 255 255 255 0 0 255 255 255 0 0 255 255 255 0 0 255 255 255 1 -1.5708 254 254 254 1 1.5708 255 255 255 0 0 255 255 255 0 0 255 255 255 0 0 255 255 255 0 0 
255 255 255 0 0 255 255 255 0 0 255 255 255 0 0 255 255 255 0 0 255 255 255 0 0 255 255 255 0 0 255 255 255 0 0 255 255 255 0 0 255 255 255 0 0 255 255 255 0 0 255 255 255 0 0 255 255 255 0 0 255 255 255 0 0 255 255 255 0 0 255 255 255 0 0 254 254 254 0 0 255 255 255 0 0 255 255 255 0 0 255 255 255 0 0 255 255 255 0 0 
