249 237 249 13 0.298499 250 242 252 5 -0.927295 237 242 245 13 -0.226799 230 241 239 18 0.558599 242 252 246 3 2.81984 245 254 244 7 0.785398 255 255 248 4 -2.67795 255 255 245 3 2.55359 255 255 248 65 -1.67808 217 188 183 92 -3.04408 222 175 177 123 2.49971 255 251 251 2 3.14159 255 255 252 3 -1.5708 248 254 249 2 -2.03444 246 251 249 5 1.19029 251 255 254 3 -2.55359 251 253 253 0 0 251 253 253 0 0 253 253 253 0 0 253 253 253 0 0 
255 250 255 6 -2.03444 254 245 255 7 0.876058 251 254 255 6 3.14159 250 255 255 10 -2.1588 242 248 243 12 0.785398 253 255 249 4 -2.03444 249 255 244 1 -2.35619 255 253 243 4 -0.463648 255 248 241 151 -1.71642 130 95 92 46 -2.79282 123 76 78 173 1.75014 255 248 250 37 3.08759 255 255 252 4 -2.03444 247 253 248 4 0.244979 248 253 251 2 3.14159 250 253 251 3 0.321751 251 253 253 0 0 253 253 253 0 0 253 253 253 0 0 253 253 253 0 0 
255 246 255 2 1.5708 255 250 255 5 -1.76819 249 248 250 6 0 247 250 248 6 1.10715 255 255 252 8 -2.89661 255 254 249 3 -0.982794 243 254 244 6 0.674741 255 255 248 28 -1.5708 254 223 222 195 -2.06647 97 47 51 74 -0.0405184 95 44 48 187 1.07613 250 210 215 101 2.7666 255 252 252 4 2.67795 250 255 254 6 -2.24554 248 252 247 6 0.896055 255 255 254 4 -2.67795 253 253 253 0 0 255 253 253 0 0 255 253 253 0 0 255 253 253 0 0 
255 248 255 3 0.321751 255 251 255 2 2.35619 253 255 255 3 -1.5708 252 253 251 5 -1.03038 254 247 244 8 1.44644 255 255 251 0 0 255 255 251 13 -3.06482 255 254 250 121 -1.66146 167 128 130 66 -3.06598 174 120 127 45 0.266252 186 132 139 33 -0.571337 156 116 121 138 1.98609 255 248 248 6 2.81984 251 252 250 4 0.785398 255 255 251 3 -1.24905 253 252 248 2 1.10715 253 254 252 0 0 253 253 253 0 0 255 253 253 0 0 255 253 253 0 0 
248 255 255 5 -2.2143 244 252 252 4 1.10715 248 255 255 4 3.14159 251 255 254 10 -2.42276 252 249 245 9 0.785398 255 254 252 13 -1.72345 255 240 239 13 0.0767719 255 239 242 190 -1.96397 104 60 67 107 1.34609 216 163 172 35 -3.0278 212 159 168 107 -1.89255 103 59 66 180 1.37557 255 239 243 92 3.02259 255 252 253 1 0.785398 255 255 252 10 -2.85014 254 253 249 2 0.463648 251 254 252 0 0 249 254 252 0 0 249 254 252 0 0 249 254 252 0 0 
238 255 252 1 1.5708 241 255 253 2 -2.03444 242 253 250 5 -0.785398 243 248 246 8 1.44644 255 255 252 4 -2.67795 255 251 252 2 2.35619 255 250 254 85 -1.5708 205 163 170 119 -2.41565 119 85 92 75 0.654083 164 131 138 6 -2.67795 161 127 137 34 -1.83705 128 95 102 70 0.795499 179 145 151 127 2.18281 255 251 254 10 -1.86225 255 244 244 13 0.732815 255 255 251 4 -2.89661 253 254 252 0 0 251 254 252 0 0 249 254 252 0 0 249 254 252 0 0 
241 255 251 3 0 243 254 251 4 2.35619 251 255 252 7 -1.97569 248 249 245 7 0.404892 255 251 250 3 0 255 248 250 28 2.9997 255 247 255 216 -2.20504 120 73 82 70 1.68459 158 148 154 80 -0.251003 122 131 134 115 -0.0521266 116 125 129 119 0.21051 155 148 153 113 -0.68573 110 71 79 174 1.53633 255 246 251 135 3.11937 255 253 254 37 -3.00727 255 250 247 5 0.54042 255 253 252 0 0 255 253 252 0 0 255 253 252 0 0 255 253 252 0 0 
255 255 252 6 -1.89255 254 249 246 4 0.785398 255 252 249 15 2.9442 255 254 252 86 -3.12997 255 252 253 155 -2.9404 248 219 222 164 -2.51638 162 119 128 54 -1.75391 94 67 76 211 0.828849 210 231 233 24 0.785398 207 251 250 5 -0.927295 203 247 246 4 -1.32582 219 240 241 154 -1.53834 102 80 85 142 0.233095 149 112 116 101 1.5807 239 215 217 132 2.8581 255 253 252 155 -3.12869 255 251 252 87 3.14159 255 251 252 24 3.14159 255 252 252 2 0 255 252 252 0 0 
255 249 249 62 -3.12546 255 249 248 139 -3.0341 255 234 234 175 -2.74417 197 165 166 87 -2.267 145 94 101 50 -0.240171 127 83 89 47 0.605545 128 114 118 102 1.31397 198 218 219 42 0.785398 196 253 250 3 0.982794 183 255 255 20 -2.85014 179 253 247 10 0 195 251 246 20 -1.52084 205 226 224 108 -1.39506 125 115 115 42 -0.634023 121 86 90 44 0.201762 137 94 97 83 0.912908 198 161 165 76 2.16971 255 225 228 151 2.96884 255 251 254 152 3.14159 255 251 254 0 0 
234 185 187 78 -1.62203 152 108 109 40 -1.92379 107 70 72 39 1.80335 150 107 110 39 1.26492 204 141 150 26 -1.00407 170 122 128 15 1.10715 141 143 143 103 1.62898 209 253 247 6 2.81984 182 255 252 19 -1.87668 151 242 233 31 0.851966 179 255 255 19 -2.65469 184 254 247 2 -0.785398 207 248 243 92 -1.54906 146 151 149 15 -1.89255 170 129 134 17 1.92957 201 143 148 29 -1.2598 162 116 122 43 -1.61727 114 74 79 25 2.0169 135 98 102 81 1.64474 214 179 183 0 0 
228 181 184 110 -0.920062 136 93 96 159 -0.208465 98 61 63 169 0.35532 162 119 122 48 0.96007 215 157 162 86 -2.79779 173 129 135 53 3.12273 135 137 137 104 1.7249 203 247 241 10 2.9442 175 254 245 8 1.10715 170 255 253 18 -2.27942 163 249 239 12 0.96007 188 255 249 2 -2.03444 207 251 245 100 -1.76041 140 147 144 24 -2.4417 164 123 128 54 2.53836 210 152 157 81 -2.64517 160 114 120 59 -1.06207 103 63 68 158 0.177596 129 92 96 179 0.493564 212 177 181 0 0 
255 249 253 3 2.81984 255 251 252 30 -1.5708 252 221 222 78 -1.17601 181 149 150 123 -0.594759 119 79 81 170 -0.00588229 111 79 80 128 0.299641 130 120 120 109 1.54328 212 233 230 162 3.04315 193 255 247 12 -2.41495 171 250 241 10 0.507098 179 254 246 2 0.785398 199 253 246 21 -1.99365 207 228 225 175 -2.54253 133 125 125 46 -1.99563 114 79 83 118 0.0338853 125 82 85 178 0.355486 180 145 149 129 0.62025 252 221 224 40 0.837981 255 251 254 3 -2.81984 255 250 253 0 0 
255 249 251 5 0.785398 255 253 254 14 3.14159 255 254 252 1 3.14159 255 254 252 1 -1.5708 255 254 250 48 -1.61244 222 204 203 95 -1.04121 156 119 121 137 -0.418224 87 65 67 169 1.48227 214 241 237 86 3.02583 203 255 248 113 -3.1239 201 253 246 115 -3.06349 213 240 237 171 -2.0032 101 76 80 27 1.68145 142 101 106 175 0.570654 221 199 201 73 0.804627 255 254 252 2 3.14159 255 253 254 7 -2.7367 255 250 252 3 0 255 250 252 3 2.1588 255 253 255 0 0 
255 255 255 16 -2.14213 243 241 241 19 0.748378 255 253 253 1 1.5708 255 255 252 7 -2.7367 250 254 248 3 0.588003 255 254 250 5 -2.35619 255 245 246 167 -1.54685 118 78 80 107 0.686385 156 151 150 61 -2.86106 122 136 134 8 -0.519146 114 133 130 34 1.54139 164 164 164 112 -2.25527 114 70 77 192 1.18642 255 247 254 2 -2.03444 255 252 250 2 0 253 254 250 6 -2.24554 252 247 248 9 0.785398 255 254 255 5 -1.76819 254 249 250 3 -0.321751 253 248 249 0 0 
246 245 247 11 0.909753 255 255 255 3 -2.81984 255 254 253 8 -2.35619 253 248 245 9 0.785398 255 255 251 7 -2.44685 255 251 244 6 0.674741 255 253 248 88 -1.55943 194 163 162 102 -0.806085 124 87 89 54 2.00966 171 136 140 27 -0.367174 154 127 130 50 -0.855705 116 89 92 59 1.91382 179 144 148 138 0.856706 255 250 253 3 2.81984 255 254 252 6 -1.89255 251 250 246 7 0.876058 255 255 255 6 -2.97644 252 254 254 1 -2.35619 251 253 253 1 0.785398 252 254 254 0 0 
253 252 254 1 -1.5708 252 252 252 4 -1.32582 250 248 248 8 0.950547 255 255 254 6 -1.89255 254 249 246 7 0.982794 255 255 251 1 3.14159 255 255 251 18 -1.62629 255 235 233 168 -1.46995 110 63 66 114 1.02888 215 159 164 35 -3.05609 207 157 161 93 -1.808 107 67 72 172 1.31318 255 236 239 18 0.632749 255 249 250 3 2.55359 255 252 252 2 0.463648 255 254 253 6 -2.24554 247 249 249 5 0.785398 249 254 253 1 1.5708 252 254 254 3 -1.89255 247 252 251 0 0 
255 253 253 0 0 255 253 253 0 0 253 253 253 0 0 255 253 253 0 0 255 252 253 1 1.5708 255 254 253 1 3.14159 255 253 253 0 0 255 252 251 126 -1.5708 160 123 125 89 0.0449136 173 126 128 68 2.99558 183 136 138 86 -2.84903 149 112 114 165 0.982794 255 253 254 7 -1.71269 253 248 247 9 0.785398 255 255 255 5 -2.11122 250 250 250 3 1.5708 253 253 253 0 0 251 253 253 0 0 253 253 253 0 0 251 253 253 0 0 
255 253 252 0 0 255 253 252 0 0 253 253 253 0 0 253 253 253 0 0 255 252 254 0 0 255 252 253 1 1.5708 255 253 254 1 3.14159 255 253 251 37 -1.5708 245 213 214 157 -1.32736 99 59 60 18 -0.270947 98 54 55 151 1.4317 239 205 205 63 0.785398 255 253 253 1 2.35619 255 255 254 3 -2.1588 252 251 253 2 -1.5708 250 249 251 5 0.54042 253 253 253 0 0 253 253 253 0 0 253 253 253 0 0 253 253 253 0 0 
255 253 252 0 0 255 253 252 0 0 253 253 253 0 0 253 253 253 0 0 255 252 254 0 0 255 252 253 0 0 255 252 253 1 1.5708 255 253 251 1 2.35619 255 251 252 173 -1.5708 117 77 78 99 -0.0201993 119 75 76 201 1.04058 255 250 250 1 -1.5708 255 252 252 2 0 255 253 252 3 -2.81984 252 251 253 3 1.5708 253 255 255 2 -2.35619 253 253 253 0 0 253 253 253 0 0 253 253 253 0 0 253 253 253 0 0 
255 253 252 0 0 255 253 252 0 0 253 253 253 0 0 251 253 253 0 0 255 252 254 0 0 255 253 253 0 0 255 252 253 0 0 255 252 250 0 0 255 251 252 0 0 216 176 177 0 0 219 177 178 0 0 255 250 250 0 0 255 254 254 0 0 250 251 249 0 0 252 251 253 0 0 251 253 254 0 0 253 253 253 0 0 253 253 253 0 0 253 253 253 0 0 253 253 253 0 0 
