255 230 138 4 -2.03444 251 227 131 1 -0.785398 250 227 127 3 0.982794 253 230 130 2 1.5708 255 230 138 2 -2.67795 254 227 141 2 -2.03444 253 221 145 1 0.785398 254 223 144 4 1.10715 255 228 145 13 -2.67795 251 224 138 6 -0.165149 248 221 140 18 0.558599 254 231 153 128 3.07917 255 238 165 143 -3.05787 241 227 151 6 -0.896055 233 226 141 2 1.5708 238 229 139 2 0 247 229 136 0 0 253 228 134 0 0 253 228 134 0 0 253 228 134 0 0 
253 227 137 1 -2.35619 252 227 133 2 0 252 229 129 3 0.321751 253 230 130 0 0 253 228 134 2 3.14159 253 226 139 1 3.14159 253 224 143 2 1.10715 255 226 145 10 -1.5708 245 217 133 21 0.588003 255 229 145 13 2.40878 255 237 157 134 -1.5186 125 102 26 58 -3.02148 114 95 22 151 2.0374 245 232 154 13 -0.732815 235 225 141 6 0.674741 242 231 141 4 -2.67795 249 228 136 0 0 253 228 134 0 0 253 228 134 0 0 253 228 134 0 0 
252 225 139 2 1.5708 254 228 138 1 0.785398 255 231 133 2 -1.5708 254 230 130 2 -1.5708 252 228 128 1 1.5708 252 228 132 2 1.5708 254 228 138 1 2.35619 253 228 142 8 1.81578 255 235 151 21 -2.28963 240 219 138 26 1.3078 255 243 168 199 -1.65103 63 44 0 71 -0.241566 44 27 0 304 0.773798 255 242 163 22 -2.48055 243 230 144 5 -1.03038 242 227 135 5 2.76109 249 228 136 0 0 253 228 134 0 0 253 228 134 0 0 253 228 134 0 0 
252 225 139 3 1.24905 255 229 139 1 3.14159 255 231 135 2 -2.03444 254 230 130 2 -1.5708 252 228 128 1 0.785398 252 229 130 1 0.785398 251 229 134 1 3.14159 247 227 139 4 -2.03444 240 221 140 5 1.3734 241 225 148 5 0.643501 242 227 154 116 -1.38016 128 113 41 144 1.99742 255 246 170 24 -1.90553 241 224 145 7 1.1659 250 233 146 21 -2.48875 240 221 130 14 0.493941 251 228 136 0 0 253 228 134 0 0 253 228 134 0 0 253 228 134 0 0 
254 227 137 1 0.785398 255 228 137 2 3.14159 255 229 135 2 -2.67795 255 228 133 1 -0.785398 253 229 129 2 0.463648 253 230 131 1 -1.5708 246 228 133 1 -1.5708 240 226 138 2 -0.463648 234 223 143 15 0.551655 238 229 155 24 1.05165 255 249 179 205 -1.88179 63 54 0 188 1.34638 252 239 161 14 -2.1588 246 227 146 13 -1.20362 238 214 130 20 0.996491 255 233 145 10 -2.49809 253 228 136 0 0 253 228 134 0 0 253 228 134 0 0 253 228 134 0 0 
255 228 138 2 -1.5708 253 226 135 1 3.14159 255 226 135 2 1.5708 255 229 134 1 0 255 231 131 1 -1.5708 251 231 130 1 -2.35619 245 229 133 2 0.463648 238 228 141 12 0.96007 240 234 163 115 3.0808 243 238 175 196 -2.86329 189 184 123 125 -2.32795 102 94 27 161 0.974232 243 230 154 6 2.97644 251 233 150 13 -2.61352 253 226 139 3 -2.55359 252 225 134 3 0.588003 254 228 134 0 0 253 228 134 0 0 253 228 134 0 0 253 228 134 0 0 
255 227 140 3 -1.24905 252 225 135 1 1.5708 255 226 135 3 1.5708 255 230 135 1 -0.785398 255 232 130 2 -1.5708 248 231 128 2 2.35619 243 231 135 6 1.24905 240 233 153 112 -1.51728 119 115 56 68 -1.33638 49 45 0 53 1.97569 98 93 48 111 2.26094 187 182 127 56 0.710538 235 223 151 6 -0.896055 241 221 136 7 0.2783 251 225 131 4 1.10715 255 230 132 1 -0.785398 254 229 133 0 0 253 229 133 0 0 253 229 133 0 0 253 229 133 0 0 
255 229 138 5 -2.35619 252 225 134 1 0.785398 255 226 135 4 1.5708 255 231 137 2 -1.5708 254 231 131 4 -1.81578 244 228 128 6 1.10715 241 231 143 12 0.96007 243 237 166 110 -1.9614 132 128 80 149 -2.37041 22 20 0 11 -0.0906599 21 19 0 200 1.59079 228 222 175 11 -0.179853 237 227 157 8 -2.89661 248 228 143 3 -1.24905 255 227 132 3 1.89255 255 231 132 2 -1.10715 254 229 133 3 0 253 229 133 3 0 253 229 133 0 0 253 229 133 0 0 
251 228 129 1 0.785398 253 228 132 14 0 253 226 135 8 2.62245 255 230 140 9 -2.81984 251 227 137 1 3.14159 246 227 140 11 1.10715 245 235 158 39 -1.44329 197 191 132 227 -2.31572 21 17 0 45 0.314758 32 28 3 20 -2.2143 16 14 0 215 1.51968 238 232 189 80 -2.8786 227 218 151 14 0.493941 247 229 146 5 -2.11122 254 226 132 5 2.11122 255 232 133 6 3.14159 255 232 136 6 3.14159 255 231 137 4 -2.35619 253 228 134 5 -0.927295 249 224 130 0 0 
252 229 129 14 1.6421 255 243 144 28 -2.30624 245 220 128 7 0.2783 245 221 133 16 0.302885 248 225 139 6 1.5708 247 230 151 12 0.96007 248 236 170 243 -2.18961 41 34 0 122 0.246955 64 58 29 164 -0.252364 18 15 0 7 1.5708 27 23 0 126 1.65788 158 154 113 76 1.1659 239 230 167 10 -2.1588 242 225 144 5 -1.19029 248 223 131 11 0.179853 255 226 128 5 0 251 226 130 6 0.463648 253 228 134 3 1.5708 255 231 137 4 -2.89661 255 230 136 0 0 
249 228 129 9 -0.418224 245 223 127 9 0.558599 250 227 135 11 1.48014 255 237 149 22 -2.63875 245 224 142 13 1.5708 252 235 162 170 -2.19787 105 94 34 62 1.5708 160 151 107 110 0.683191 223 216 189 243 -2.17816 20 14 0 4 -1.32582 17 11 0 167 1.52293 188 182 145 46 2.3259 233 222 164 10 -0.0996687 240 226 150 6 2.46685 255 234 143 8 -2.67795 255 231 135 3 2.81984 255 231 137 3 -1.89255 251 229 134 1 -2.35619 250 228 133 1 2.35619 251 229 134 0 0 
255 234 144 16 -2.83871 251 230 139 2 -1.5708 249 228 137 10 -1.86225 236 218 129 19 0.486899 241 225 142 87 -1.51339 149 136 62 67 -0.596199 104 94 34 204 0.809615 244 238 193 199 -2.24946 84 78 49 87 -2.38844 22 15 0 3 1.89255 27 19 0 127 1.5708 158 149 115 149 2.60919 243 230 178 68 -2.90718 234 219 150 25 0.0399787 242 225 138 5 2.9442 248 228 133 3 0.982794 253 231 136 8 -2.78282 250 228 133 1 -2.35619 249 227 132 5 0.380506 251 229 134 0 0 
240 215 135 18 0.632749 251 227 143 5 -1.9513 243 225 136 10 1.5708 251 236 144 12 -2.89661 242 232 144 36 -1.59857 201 194 115 76 0.664495 245 236 173 194 -2.4909 121 114 65 126 -2.30007 22 16 0 36 0.0831412 25 16 0 139 0.028769 31 19 0 61 -0.0327751 32 18 0 138 1.52012 176 161 115 161 2.65309 255 242 179 141 -2.93446 231 219 137 27 0.298499 245 230 138 7 -1.4289 243 222 130 11 0.348771 249 226 134 7 0.785398 254 231 139 3 2.55359 255 233 141 0 0 
255 232 146 10 -2.49809 247 227 140 3 -0.982794 241 225 136 11 -0.179853 235 222 136 26 0.309703 240 228 150 81 2.83142 255 250 182 280 -2.49809 88 79 22 60 -2.25071 37 30 0 156 0.167254 61 55 8 210 0.527391 166 160 117 99 -0.842479 93 85 45 148 -0.388034 41 29 0 198 -0.060532 33 19 0 152 0.560687 115 102 46 154 2.08354 254 241 173 205 -3.05886 242 227 148 20 2.9927 252 232 145 2 -1.10715 254 231 139 3 -1.24905 251 228 136 2 -2.03444 249 226 134 0 0 
245 231 125 5 0.927295 248 234 132 9 0.708626 250 236 147 15 2.2143 255 243 170 171 -2.55521 160 142 89 170 -2.35205 35 17 0 136 0.132552 50 35 0 247 0.62494 193 183 136 64 0.995724 245 243 179 23 -2.69717 235 236 162 12 -2.89661 234 234 158 9 2.58299 241 237 166 82 -1.78947 160 152 93 146 -1.0093 38 24 0 218 0.027516 44 29 0 176 1.25441 217 200 144 173 3.00295 252 230 152 26 -3.06482 255 231 141 7 -2.44685 250 226 136 11 -0.348771 246 222 132 0 0 
247 234 128 10 0.851966 253 241 140 97 -3.03886 241 227 139 217 -2.54594 115 100 28 72 -1.68145 42 21 0 248 0.570127 172 153 110 109 0.876058 255 237 192 27 -2.27942 233 220 164 5 -2.76109 231 225 148 1 -1.5708 232 229 138 6 0.165149 233 231 137 6 -2.24554 228 224 136 19 0.856706 243 233 163 22 2.35619 255 245 187 158 -1.72249 102 84 37 165 -0.363711 47 26 0 226 0.847817 224 202 130 173 3.03792 245 223 141 164 3.06855 255 236 151 112 -3.11481 254 233 148 0 0 
248 236 148 96 -1.58121 152 139 53 95 -1.33851 59 45 0 136 0.375064 109 93 16 208 0.768451 254 236 165 8 -2.52134 251 230 162 11 -2.79282 247 228 155 14 -2.55359 241 221 143 11 0.266252 244 227 140 5 1.5708 251 234 141 9 -1.68145 242 226 130 12 1.65394 252 237 144 14 -1.8491 238 221 135 12 0.726642 244 227 148 24 1.99742 255 247 172 66 -1.85938 202 182 111 160 -1.26086 49 28 0 143 0.189199 76 55 0 128 0.519146 140 120 49 163 0.763757 253 234 161 0 0 
244 232 154 73 -1.6528 171 160 80 69 0.174672 186 171 92 99 0.828229 255 244 163 22 -2.57828 251 232 151 21 -2.71874 244 223 141 12 -0.426627 240 220 133 17 1.08084 255 236 145 10 -2.28963 251 228 136 4 1.81578 255 233 138 9 -1.68145 246 224 128 9 1.15257 255 233 138 9 -3.03094 252 231 139 11 -1.39094 239 219 131 15 0.965252 252 232 145 12 2.81984 253 234 153 61 -1.5544 188 169 101 61 -0.0327751 184 166 101 85 0.96007 254 237 170 14 -2.25653 243 227 158 0 0 
238 227 147 3 2.81984 239 228 146 11 1.83705 253 239 157 16 -2.22649 242 225 144 13 -1.8693 231 212 131 32 0.741947 255 235 150 18 -2.70175 248 228 140 3 0 250 229 138 6 -2.81984 250 227 135 4 1.10715 255 231 137 6 -2.46685 250 228 132 6 -0.674741 246 224 129 10 1.47113 254 233 141 8 -2.67795 248 228 140 11 -0.785398 240 220 133 18 1.2315 255 235 154 24 -3.09995 249 231 160 31 -2.67795 233 216 149 12 1.73594 245 229 160 37 -2.81984 233 218 146 0 0 
235 224 142 0 0 236 225 143 0 0 243 229 147 0 0 238 221 140 0 0 255 237 154 0 0 238 218 133 0 0 253 231 143 0 0 244 223 131 0 0 254 229 137 0 0 251 226 132 0 0 255 233 137 0 0 247 225 130 0 0 246 225 133 0 0 255 236 148 0 0 246 226 139 0 0 232 211 130 0 0 221 203 132 0 0 231 215 146 0 0 209 194 122 0 0 240 225 152 0 0 
