252 252 252 3 0.982794 255 255 255 6 -1.73594 249 249 249 8 0.785398 255 255 255 10 3.14159 255 255 255 45 -2.9442 246 246 246 81 -2.81595 220 220 220 66 -2.92945 206 206 206 76 -2.89026 187 187 187 37 -2.04649 154 154 154 12 2.64225 160 160 160 34 2.06075 190 190 190 36 2.83708 201 201 201 73 3.00545 211 211 211 60 2.37945 253 253 253 81 -3.11691 251 251 251 37 3.06069 254 254 254 3 -1.24905 251 251 251 6 2.81984 253 253 253 2 1.10715 255 255 255 0 0 
254 254 254 2 3.14159 254 254 254 1 2.35619 255 255 255 12 -2.18152 245 245 245 48 -2.32679 210 210 210 47 -2.08203 169 169 169 33 -2.70497 155 155 155 27 -2.1487 132 132 132 44 2.13411 170 170 170 28 -1.9255 143 143 143 24 3.09995 144 144 144 33 2.8105 155 155 155 27 -1.38769 128 128 128 43 2.02414 167 167 167 14 2.79857 172 172 172 52 2.22187 214 214 214 55 2.31824 255 255 255 53 -2.95511 245 245 245 9 1.15257 254 254 254 5 -1.3734 249 249 249 0 0 
252 252 252 3 0.321751 253 253 253 5 -1.19029 248 248 248 77 -2.66071 212 212 212 82 -2.83511 187 187 187 48 -1.73594 139 139 139 22 0.0454233 140 140 140 48 -2.42853 108 108 108 63 0.965252 160 160 160 41 -1.7635 119 119 119 45 -0.154319 112 112 112 74 0.699893 160 160 160 54 -1.94452 109 109 109 60 0.820678 153 153 153 64 -2.9381 140 140 140 39 1.17601 176 176 176 26 1.38081 202 202 202 77 2.49295 249 249 249 67 3.05228 255 255 255 1 3.14159 255 255 255 0 0 
255 255 255 0 0 255 255 255 91 -2.16183 179 179 179 64 -2.34521 133 133 133 47 1.31561 179 179 179 69 -2.87913 161 161 161 77 -2.29206 103 103 103 63 0.706908 144 144 144 15 0.551655 152 152 152 18 0.708626 164 164 164 34 2.99558 169 169 169 35 -2.17455 140 140 140 28 0.354706 150 150 150 60 -1.42191 90 90 90 88 0.825377 155 155 155 70 2.76632 181 181 181 74 -2.55732 140 140 140 42 1.40565 182 182 182 81 2.05642 254 254 254 57 3.14159 254 254 254 0 0 
255 255 255 51 -1.72639 204 204 204 78 -2.03444 134 134 134 11 1.48014 145 145 145 33 -1.63133 112 112 112 2 -0.785398 110 110 110 78 0.549153 151 151 151 6 1.40565 157 157 157 10 1.0637 166 166 166 37 -1.81578 130 130 130 38 0.522403 149 149 149 18 1.5708 167 167 167 14 -2.55359 159 159 159 9 -1.24905 150 150 150 61 -1.58719 89 89 89 104 0.291457 119 119 119 36 2.25847 147 147 147 12 -2.89661 144 144 144 53 1.55193 197 197 197 68 2.12629 255 255 255 0 0 
247 247 247 88 -2.05475 169 169 169 58 -2.51533 135 135 135 15 0.551655 143 143 143 40 -2.33865 114 114 114 66 1.24905 177 177 177 36 -2.3758 152 152 152 16 0.655696 162 162 162 44 -3.02844 157 157 157 25 2.90605 163 163 163 16 -2.08994 149 149 149 7 0.876058 155 155 155 29 2.90474 162 162 162 43 -2.83455 149 149 149 40 1.69515 189 189 189 103 -2.02146 96 96 96 61 0.682317 135 135 135 38 2.87763 145 145 145 16 1.5708 161 161 161 82 1.87728 240 240 240 0 0 
206 206 206 89 -1.92434 122 122 122 39 0.714091 148 148 148 47 -2.37112 115 115 115 25 0.896055 135 135 135 24 0.699893 151 151 151 14 1.49949 165 165 165 48 -1.78044 118 118 118 30 0.478352 132 132 132 26 1.05634 155 155 155 4 -2.89661 154 154 154 28 -1.74751 126 126 126 6 -0.896055 121 121 121 44 0.54428 144 144 144 3 3.14159 144 144 144 2 0 144 144 144 47 -1.35674 98 98 98 65 0.807134 145 145 145 34 -2.87534 136 136 136 73 1.27934 206 206 206 0 0 
175 175 175 31 -2.31077 152 152 152 38 -1.59711 114 114 114 20 0.996491 131 131 131 26 2.11759 154 154 154 22 -0.0906599 152 152 152 4 0.785398 155 155 155 12 -2.18152 145 145 145 8 0 145 145 145 10 2.55359 151 151 151 2 -0.785398 149 149 149 19 -1.82812 130 130 130 30 1.90286 159 159 159 30 -2.51757 141 141 141 8 2.52134 146 146 146 8 1.81578 154 154 154 15 -0.785398 143 143 143 39 -2.2296 112 112 112 45 1.54858 157 157 157 23 2.11122 177 177 177 0 0 
154 154 154 6 -2.67795 151 151 151 26 -1.83379 125 125 125 21 -2.76109 117 117 117 72 0.952152 176 176 176 31 -2.42276 155 155 155 7 -1.1659 148 148 148 5 1.03038 153 153 153 19 -1.0839 136 136 136 37 0.475695 153 153 153 45 -0.197396 144 144 144 77 -0.313621 120 120 120 53 0.262995 134 134 134 19 0 134 134 134 46 0.218669 144 144 144 22 1.24905 165 165 165 47 -1.80552 119 119 119 36 -0.165149 113 113 113 34 1.95668 145 145 145 15 0.321751 150 150 150 0 0 
148 148 148 4 -1.10715 144 144 144 39 -1.3932 105 105 105 54 1.69971 159 159 159 8 -2.19105 152 152 152 6 1.5708 158 158 158 7 -1.97569 151 151 151 39 2.85982 162 162 162 9 2.27942 169 169 169 29 1.5708 198 198 198 20 1.52084 218 218 218 50 -1.98092 172 172 172 21 -2.01317 153 153 153 28 1.17056 179 179 179 61 -2.6707 151 151 151 3 1.89255 154 154 154 3 2.81984 155 155 155 55 -1.39094 100 100 100 60 1.63736 160 160 160 27 -2.38183 141 141 141 0 0 
150 150 150 6 2.97644 151 151 151 54 -1.79346 98 98 98 61 1.13613 154 154 154 38 -3.08901 152 152 152 7 0.404892 155 155 155 42 -1.5708 113 113 113 60 0.785398 156 156 156 17 2.27305 169 169 169 46 2.44685 199 199 199 14 -3.07029 198 198 198 38 -2.02295 163 163 163 6 2.97644 164 164 164 44 -2.03444 124 124 124 38 0.730907 150 150 150 14 0.0713075 151 151 151 18 0.86217 165 165 165 87 -2.23484 96 96 96 55 0.927295 140 140 140 16 0.785398 152 152 152 0 0 
144 144 144 34 -0.146012 139 139 139 19 -0.856706 124 124 124 16 -2.62245 116 116 116 53 0.946161 159 159 159 15 -2.88099 155 155 155 8 0.124355 156 156 156 12 -1.14417 145 145 145 16 -0.828849 133 133 133 58 1.10715 185 185 185 35 -3.0278 181 181 181 42 -2.54052 157 157 157 13 -1.20362 144 144 144 16 0.571337 153 153 153 11 1.5708 164 164 164 4 -0.244979 163 163 163 55 -1.90404 111 111 111 29 0.664046 129 129 129 26 2.08525 152 152 152 5 -2.11122 147 147 147 0 0 
178 178 178 42 -0.667306 152 152 152 43 -1.87097 110 110 110 54 0.746457 147 147 147 55 -3.0871 144 144 144 21 2.09559 163 163 163 14 -2.9997 161 161 161 5 -1.3734 156 156 156 33 3.05093 159 159 159 21 -2.69922 150 150 150 17 -0.231091 146 146 146 20 0.927295 162 162 162 27 -2.99451 158 158 158 13 -2.77442 153 153 153 15 1.31019 168 168 168 31 -2.31077 145 145 145 11 -1.48014 134 134 134 35 -2.61553 116 116 116 43 0.867183 149 149 149 27 2.01832 174 174 174 0 0 
211 211 211 81 -1.08517 139 139 139 17 0.665969 150 150 150 58 -1.63965 92 92 92 62 0.717322 133 133 133 30 2.58994 149 149 149 22 0.625485 162 162 162 39 -1.59643 123 123 123 38 0.463648 140 140 140 27 1.46014 167 167 167 30 -2.84067 158 158 158 27 -2.1487 135 135 135 10 1.27934 145 145 145 17 0.74542 157 157 157 14 -2.40378 147 147 147 31 -0.0322469 146 146 146 63 -2.40061 103 103 103 49 0.988443 144 144 144 12 -0.610726 137 137 137 57 1.4486 194 194 194 0 0 
249 249 249 96 -1.50838 153 153 153 55 -0.126592 146 146 146 8 -0.950547 139 139 139 32 -1.35544 107 107 107 61 1.34156 167 167 167 60 -3.04192 161 161 161 29 -3.00453 157 157 157 14 -1.22777 143 143 143 24 -0.205395 138 138 138 10 0.507098 143 143 143 7 -0.694738 138 138 138 38 0.544864 158 158 158 12 -1.81578 146 146 146 34 1.92957 178 178 178 106 -2.30987 99 99 99 34 1.09433 130 130 130 31 0.851966 154 154 154 13 -2.30361 144 144 144 119 1.05476 248 248 248 0 0 
255 255 255 47 -1.5708 208 208 208 72 -0.913407 151 151 151 35 -0.141897 146 146 146 25 -1.80634 121 121 121 30 -0.478352 107 107 107 52 0.497822 132 132 132 46 2.44685 162 162 162 14 2.79857 167 167 167 22 -2.03444 147 147 147 38 0.0525831 149 149 149 38 0.617191 171 171 171 17 -1.98321 155 155 155 23 -2.01522 134 134 134 50 -2.55359 106 106 106 35 0.258771 115 115 115 53 0.74542 151 151 151 12 -2.64225 145 145 145 66 1.06663 203 203 203 71 0.815092 255 255 255 0 0 
255 255 255 3 -1.5708 252 252 252 66 -1.55565 186 186 186 78 -0.630681 140 140 140 41 0.192701 148 148 148 13 2.7468 153 153 153 59 -1.29714 96 96 96 75 0.757368 148 148 148 15 2.49809 157 157 157 28 1.78189 185 185 185 13 -2.77442 180 180 180 16 -1.81578 164 164 164 25 -2.3007 145 145 145 55 -1.8982 92 92 92 84 0.607802 140 140 140 25 0.588003 154 154 154 31 -2.67795 140 140 140 62 0.63707 177 177 177 99 0.856706 252 252 252 3 0.982794 255 255 255 0 0 
255 255 255 4 -2.67795 253 253 253 4 -1.32582 249 249 249 68 -1.48279 181 181 181 86 -0.54636 136 136 136 74 0.45766 169 169 169 21 -2.1588 151 151 151 34 -0.450661 136 136 136 37 0.415492 151 151 151 29 0.809784 172 172 172 15 2.88099 176 176 176 35 -2.19754 147 147 147 29 -0.737815 127 127 127 50 0.7299 161 161 161 12 0 161 161 161 35 -1.74057 126 126 126 97 0.713061 190 190 190 75 0.757368 242 242 242 17 0.74542 254 254 254 5 -2.9442 253 253 253 0 0 
251 251 251 8 2.78282 254 254 254 14 3.07029 255 255 255 13 3.14159 255 255 255 53 -1.7976 203 203 203 69 -0.72425 157 157 157 88 0.286051 182 182 182 34 -0.358771 170 170 170 7 0.141897 171 171 171 22 -2.45267 157 157 157 27 -3.06765 155 155 155 25 2.55359 169 169 169 4 -1.81578 165 165 165 22 0.363979 173 173 173 40 -0.463648 155 155 155 93 0.501906 200 200 200 71 0.68573 245 245 245 14 0.785398 255 255 255 9 -2.43297 249 249 249 6 1.24905 255 255 255 0 0 
243 243 243 0 0 240 240 240 0 0 242 242 242 0 0 243 243 243 0 0 255 255 255 0 0 242 242 242 0 0 214 214 214 0 0 177 177 177 0 0 154 154 154 0 0 130 130 130 0 0 134 134 134 0 0 168 168 168 0 0 186 186 186 0 0 209 209 209 0 0 237 237 237 0 0 255 255 255 0 0 255 255 255 0 0 248 248 248 0 0 251 251 251 0 0 255 255 255 0 0 
